[[[6.61831485e-01 2.31568674e-01 9.45260098e-01 1.17474349e-01
   5.10287510e-01 5.22320809e-02 6.21300292e-01 1.36908544e-01
   6.42311603e-01 9.03686353e-01 7.72775851e-01 6.74956218e-01
   8.28919502e-01 6.13808264e-01 3.37698086e-01 2.39584394e-01
   7.73451167e-01 2.28431465e-01 1.88952125e-01 9.57172855e-01
   8.45744339e-02 2.51393144e-01 5.65183193e-01 2.96426258e-01
   2.97288207e-01 8.17261164e-01 4.61098164e-01 3.08303598e-01]
  [5.50208574e-01 7.30705690e-01 6.12819227e-01 3.85266833e-01
   5.71589437e-01 9.03983019e-01 4.37508223e-01 2.62970980e-01
   1.34866886e-01 1.01984445e-01 3.50708270e-01 8.97945092e-01
   9.87702983e-01 7.59016586e-01 6.89095709e-01 2.71533986e-01
   3.27125322e-01 1.90566618e-01 9.54676478e-01 2.03430811e-02
   3.69448537e-01 8.71597405e-01 9.54614231e-01 8.30227883e-01
   9.09861936e-01 3.10792930e-01 2.42045076e-02 3.37413273e-02]
  [3.46863533e-01 1.47701243e-01 8.74961895e-01 6.17990091e-01
   1.74708418e-01 7.20710164e-01 3.73050284e-01 1.57362944e-01
   9.27242727e-01 9.79331676e-01 8.34753470e-01 4.92824342e-01
   4.01454271e-01 5.33689424e-02 6.26932062e-02 4.83944608e-02
   6.06944657e-01 8.46119765e-01 5.12682625e-01 5.30027315e-01
   7.20153232e-01 5.70742201e-01 9.20208249e-01 4.12068517e-01
   2.38636529e-01 8.71134204e-01 4.19379254e-01 6.54964168e-01]
  [2.45764046e-01 2.69544560e-01 5.80178987e-01 7.85512679e-01
   6.20066202e-01 1.61611010e-01 9.39284491e-01 9.80224869e-01
   4.34136317e-01 8.97907317e-01 8.06137378e-01 9.79429644e-01
   3.07930089e-01 1.29694287e-01 8.57785626e-01 2.02632793e-02
   1.11443355e-02 9.11964923e-02 5.44085694e-01 6.06804047e-02
   1.80348674e-01 6.79288682e-01 8.45259628e-01 7.44571610e-01
   7.66250025e-01 6.40919819e-01 1.53241997e-01 1.20710459e-01]
  [9.32971655e-01 2.62251006e-01 7.52295302e-01 3.98633195e-01
   4.22538798e-01 9.05610390e-01 5.95471932e-01 2.89035444e-01
   4.48698456e-01 7.35826864e-01 2.63261461e-01 2.32401564e-01
   3.91948155e-02 2.51599456e-01 1.96138500e-01 3.30078332e-01
   6.59130984e-01 4.46901602e-01 5.74066941e-01 6.71318065e-01
   6.28057261e-01 1.21487151e-01 2.43492309e-01 9.96021528e-01
   1.07687936e-01 9.74305734e-01 6.49964380e-01 7.53375013e-01]
  [8.68409775e-01 3.72403423e-01 9.98877627e-03 4.60712819e-01
   8.23973797e-02 7.69741642e-01 9.16077478e-01 7.66536683e-01
   3.14846333e-01 1.29398636e-01 8.16253796e-01 3.52730356e-01
   6.60451933e-01 1.91625522e-01 2.07971400e-01 8.25151295e-02
   6.86463063e-01 1.41293489e-01 8.48505838e-02 6.65828728e-02
   6.72638733e-02 7.62006651e-02 1.31321756e-01 4.40377282e-01
   3.98076507e-01 6.29613120e-01 9.89394132e-01 8.89411564e-01]
  [8.97278594e-01 3.09272350e-01 1.31574882e-01 9.51933244e-01
   4.76208242e-01 9.35713937e-01 2.28607124e-01 7.36155821e-01
   2.60540532e-01 3.05790868e-01 4.09168140e-01 2.93657192e-01
   8.13498097e-01 3.42633703e-02 7.68672194e-01 5.83730583e-01
   8.78599466e-01 8.78898776e-02 4.42079483e-01 5.88924363e-01
   3.96825736e-01 6.00464373e-01 7.40314877e-01 2.20985017e-01
   9.53888886e-01 5.44384402e-01 8.29429385e-01 3.89784376e-01]
  [1.78022639e-01 2.54437186e-02 2.31147740e-01 7.74595596e-01
   1.08586891e-01 6.16180183e-01 1.42382931e-01 5.79297542e-01
   2.90574330e-01 9.69620731e-01 8.50047835e-01 8.46042769e-01
   7.58071986e-01 5.49955886e-01 7.95961222e-01 3.96206248e-01
   2.51655828e-01 3.15321180e-01 5.09988002e-01 3.31816781e-01
   9.31679136e-01 6.00656946e-01 8.87627225e-01 5.97655118e-01
   1.37426494e-01 2.80386142e-01 9.16798744e-01 8.98862765e-01]
  [5.51449996e-01 3.94283376e-01 1.87606980e-01 4.07716467e-01
   1.24104696e-01 1.22575112e-01 4.18540545e-01 3.15981575e-01
   6.78929747e-01 6.81760143e-01 4.05864252e-01 6.81635911e-01
   4.58652503e-01 7.71852746e-01 4.25217867e-01 8.68225667e-01
   5.59797247e-01 1.68755348e-01 2.42474487e-02 1.78661242e-01
   4.45253090e-01 9.82532905e-02 8.20512872e-01 4.00165005e-01
   6.38223159e-01 2.70983452e-01 3.21511923e-01 4.82908586e-01]
  [9.64214395e-01 9.45410565e-01 4.43072882e-01 4.37965382e-01
   1.98898976e-01 4.56875343e-01 4.28893708e-02 1.08690509e-01
   8.72028988e-01 1.08152039e-01 5.52762567e-01 8.55220552e-01
   3.56102212e-01 3.16091324e-01 9.85863515e-01 1.08747686e-01
   2.13669206e-01 9.83149655e-01 7.17610602e-01 2.61434527e-01
   4.36157199e-01 7.14803399e-01 9.60896435e-01 1.08236887e-01
   8.01497981e-01 6.89035400e-01 8.74640990e-01 1.90258456e-01]
  [8.48478410e-01 1.80854442e-01 9.78650947e-01 9.71776390e-02
   4.42823256e-01 9.57951211e-01 4.63383152e-01 2.23364526e-01
   7.98707643e-01 8.63101479e-01 2.68093765e-01 7.02876774e-01
   3.81458387e-01 2.31864815e-01 2.06202547e-01 4.85254429e-01
   2.91077787e-02 3.59429805e-01 2.62885403e-01 9.72326352e-01
   2.08376989e-02 1.51300317e-01 2.62737193e-01 6.44824891e-02
   9.44849516e-02 8.74441663e-01 1.55172884e-01 1.71562803e-01]
  [9.66168123e-01 2.05229798e-01 3.00716995e-01 3.08090438e-01
   9.41288824e-01 6.84430993e-01 5.59931872e-02 6.60362780e-02
   6.86983409e-01 1.84996683e-01 3.17495861e-01 6.74476158e-01
   9.09205809e-01 3.43092004e-01 7.96491842e-01 3.09869628e-02
   4.37618559e-01 1.54884782e-02 8.84681421e-01 4.73968840e-01
   6.14156208e-01 1.69177315e-02 2.73451879e-01 3.02253926e-01
   9.93848502e-01 1.86768119e-01 7.83759264e-01 6.40981554e-01]
  [4.92776691e-01 1.75487510e-01 3.83315569e-01 7.47814507e-01
   1.40131373e-01 5.70424423e-01 9.02468842e-01 2.96551656e-01
   8.62493241e-01 5.93566149e-01 1.56688903e-01 6.87764562e-01
   1.44421876e-01 6.11119608e-02 2.65185035e-01 3.57307169e-01
   3.35070813e-01 3.02472919e-01 2.46564563e-01 7.88147791e-02
   6.56780415e-01 8.27772815e-01 8.96183459e-01 7.76694750e-01
   7.61358188e-01 1.91489624e-01 2.77404016e-01 7.18919967e-01]
  [3.75221205e-01 8.98507920e-01 3.25938432e-02 6.26491116e-01
   1.69416313e-01 1.55667112e-01 9.12685626e-01 8.61621285e-01
   3.92932967e-01 5.83430639e-01 5.56918595e-01 3.25115672e-02
   8.99002068e-01 7.55110479e-01 7.49705185e-02 6.05191963e-01
   8.65712186e-01 9.33592287e-01 5.85727019e-01 8.29019938e-01
   4.03161520e-01 2.70583693e-01 3.40424247e-01 7.05438859e-01
   3.98223151e-01 8.28287941e-01 8.55759040e-02 8.96173598e-01]
  [7.13684974e-01 7.46513784e-01 2.88508997e-01 3.04088475e-01
   4.97514728e-01 5.93361116e-01 1.67108642e-01 3.06212601e-01
   2.87488457e-01 6.51553588e-01 9.33016062e-02 8.80311780e-01
   3.25353834e-02 4.20746403e-01 6.14339567e-01 5.31779170e-01
   3.00858089e-01 2.98746707e-01 6.73494389e-01 6.15137809e-01
   5.90118846e-01 3.60510999e-01 2.55287934e-01 9.58027613e-01
   7.27581572e-01 3.51384190e-01 6.19588007e-01 7.43036313e-01]
  [5.01234371e-01 1.36742918e-01 3.83388295e-01 8.01105911e-01
   9.68785372e-01 1.99152053e-01 5.39767272e-01 2.27746879e-01
   3.17249966e-01 8.92026787e-01 5.18496846e-01 7.06757051e-01
   3.05210998e-01 4.32939927e-01 2.62165695e-01 8.97484278e-01
   2.36226120e-01 2.46495457e-01 9.02401780e-01 5.91643031e-01
   7.76960013e-01 5.48302229e-01 7.35875873e-01 8.28951140e-01
   3.55786922e-01 6.58760292e-01 8.56710791e-01 9.84682271e-01]
  [3.38067150e-01 1.07239903e-01 8.17503581e-01 3.57230453e-01
   3.10401967e-01 8.59576583e-01 2.32696681e-01 8.54405491e-01
   7.05140595e-01 7.50635674e-01 1.28377452e-01 3.45078723e-01
   2.23647523e-01 3.01577622e-01 2.37250371e-01 7.79277004e-01
   3.60601758e-01 1.83100068e-02 5.03605503e-01 4.95957337e-01
   3.16165424e-01 6.88959213e-01 5.08244380e-01 4.77527462e-01
   9.31487694e-01 3.54435216e-01 3.99243328e-01 1.00330682e-01]
  [3.35911474e-01 5.87063845e-01 2.38079012e-01 4.40871626e-01
   9.43001671e-01 4.35784559e-01 2.79239965e-01 6.08506721e-01
   3.00148733e-02 4.70604646e-01 5.25376712e-02 4.55610647e-01
   8.02835179e-01 8.82782590e-01 3.61233985e-01 1.69696135e-01
   2.09207038e-01 9.38183457e-01 6.63679536e-01 4.40364985e-01
   7.28536313e-01 5.42218289e-01 4.15460047e-01 2.95413079e-01
   5.62053509e-01 8.83379849e-02 4.89831341e-01 1.91297473e-02]
  [9.12505732e-01 2.97809485e-01 6.97309893e-02 9.30561472e-01
   5.50472550e-01 6.63367025e-01 1.93672791e-02 8.39999039e-01
   1.73103550e-02 3.98948191e-01 1.67357326e-01 6.87396673e-01
   9.93845652e-01 4.42240140e-01 9.54558374e-01 3.51220928e-01
   2.01151619e-01 7.74716901e-02 5.14823935e-01 7.67055976e-01
   5.22073317e-01 1.49764857e-01 2.22104150e-01 3.60333806e-01
   5.25874710e-01 8.32158503e-01 2.88275540e-01 9.50043030e-01]
  [3.30522012e-01 8.78769280e-01 6.29277236e-01 6.63188507e-01
   9.47258964e-03 8.46213719e-01 6.30054457e-01 1.05164711e-01
   7.72936273e-01 1.61478076e-01 6.02755713e-01 4.37077646e-01
   1.67720714e-01 3.29368344e-01 6.92809489e-01 3.64590440e-01
   9.00046316e-01 3.14189626e-01 2.93274348e-01 4.63939423e-01
   9.49412445e-01 9.11408246e-01 3.91551329e-01 2.93725529e-01
   1.05269516e-01 3.25860924e-01 9.72405729e-01 5.22062390e-02]
  [6.17000948e-01 6.34202249e-01 4.12014741e-01 9.82039177e-01
   9.12444746e-01 8.59371743e-02 7.22990386e-01 9.83800255e-01
   5.00305419e-01 4.26363208e-01 8.58664325e-01 2.69028824e-01
   1.65275174e-01 1.62623494e-01 3.98963730e-01 6.10588644e-01
   7.90711028e-01 7.06595119e-01 2.83244693e-01 3.53454460e-01
   3.42028345e-01 8.97887497e-01 4.02220791e-01 3.65745298e-01
   8.85915549e-02 9.72500593e-01 6.39691534e-01 4.68626187e-01]
  [4.91523353e-01 9.18889204e-02 9.70725810e-01 4.27205827e-01
   7.11130497e-01 2.05593672e-02 3.56855819e-01 1.20887253e-01
   7.17392894e-01 5.32383086e-01 7.02781480e-01 1.50305685e-01
   6.28452052e-01 5.59232347e-01 8.43649366e-01 3.59069653e-01
   7.83180264e-01 3.20161302e-01 3.58249106e-01 2.80103292e-01
   2.08419164e-01 7.04253696e-01 5.23990506e-01 6.83043090e-01
   6.38767745e-01 6.75681740e-01 9.81444838e-01 6.78290669e-01]
  [9.84123427e-01 5.77309243e-01 5.65205305e-01 3.29168560e-01
   4.98025035e-01 9.51587921e-01 1.63023445e-01 1.89217625e-01
   8.73138548e-01 3.32104678e-01 4.15612448e-01 9.25710721e-01
   9.11085953e-01 9.13052786e-01 5.70319076e-04 4.50619102e-01
   2.53237943e-01 1.30693613e-02 1.55165495e-04 4.07441927e-01
   6.96010364e-01 4.09706315e-01 1.09555343e-01 1.99852933e-02
   9.31546113e-01 7.06667858e-01 6.25398523e-01 5.33285179e-01]
  [2.01198841e-01 7.12942421e-01 6.36848929e-01 3.79155921e-01
   4.97972187e-01 8.88663996e-01 3.29316033e-01 2.95146827e-01
   6.88227405e-01 5.97359284e-01 5.97122886e-01 4.65593420e-01
   4.67485577e-01 9.21205362e-01 3.33502393e-01 7.36641678e-01
   7.74523065e-01 6.78420330e-01 5.68610542e-01 1.62671909e-01
   6.14038690e-02 4.59244394e-01 2.75166704e-01 5.71016043e-01
   9.86486952e-01 9.73082128e-01 7.41922746e-01 3.95566325e-01]
  [1.30225659e-01 1.20214788e-01 6.93989281e-01 8.67402800e-01
   7.40615482e-01 5.60374254e-01 1.70260238e-01 8.56875844e-01
   6.19465071e-02 6.59925344e-01 2.99535139e-02 3.67408917e-01
   8.71257495e-01 4.59465639e-01 5.60571443e-01 4.08144758e-02
   8.83648213e-01 8.77079337e-01 1.67238992e-01 8.73050344e-01
   3.23478945e-01 2.72557401e-01 5.54994112e-01 2.57722529e-01
   6.94759181e-01 5.13089673e-01 3.10365148e-01 3.78345184e-01]
  [3.55393161e-01 1.44156282e-01 7.46863524e-01 8.75705177e-01
   2.13306139e-03 1.01720911e-01 3.29711919e-01 1.18392436e-01
   4.41832598e-01 8.24963349e-01 4.23468693e-01 5.50049045e-01
   6.80406861e-01 4.05611645e-01 8.86608225e-01 9.27007678e-01
   5.28562031e-01 8.31272577e-02 4.48582602e-01 8.39368734e-01
   6.17208701e-01 7.37916508e-01 6.42868715e-01 8.56629997e-01
   4.69852880e-01 5.97063910e-01 5.43094543e-01 1.70357541e-01]
  [5.73406343e-01 8.99236525e-01 2.81343654e-01 6.14236245e-01
   4.51617703e-01 3.38573864e-01 9.13463507e-01 8.63740024e-01
   7.60404236e-01 4.39247581e-01 5.50354275e-01 1.99607933e-01
   7.07735248e-02 1.11706868e-01 1.55972222e-01 1.59982682e-01
   7.67636403e-01 7.33020260e-01 3.35162531e-01 9.53559193e-01
   7.67469681e-01 8.64403087e-01 8.53139138e-01 7.32535960e-01
   6.79525270e-01 7.29808481e-01 7.92530863e-01 8.01150847e-01]
  [9.74520969e-01 6.90997163e-01 4.38033554e-01 3.31528992e-01
   3.35120499e-01 8.10536536e-01 1.71902710e-01 3.48428411e-01
   6.42849171e-01 2.03653801e-01 7.81680249e-01 8.06813895e-01
   1.30009143e-01 6.43698732e-01 6.17250000e-01 2.10351386e-01
   8.10876447e-01 6.21283146e-01 6.31818394e-02 2.39841736e-01
   8.53903366e-02 4.14726199e-01 8.07116475e-01 2.20250973e-01
   8.38051761e-02 1.27347641e-01 9.18870299e-01 1.86931595e-01]]]