[[ 0.17732957  0.25855801  0.84346036  0.70819437  0.68894426  0.05844798
   0.98159869  0.20571249  0.11272099  0.35152351  0.96745508  0.87759047
   0.99649845  0.71416878  0.99151063  0.93863196  0.36995239  0.25855302
   0.84750743  0.65332038  0.07330554  0.21065135  0.33037905  0.2442815
   0.80027836  0.57095046  0.90668731  0.14636031  0.50662853  0.49497369
   0.16024686  0.33819606  0.32252512  0.68474614  0.70341499  0.84940072
   0.17808376  0.30273317  0.92508533  0.92375342  0.73278244  0.64968743
   0.54843791  0.24043376  0.69032048  0.21958968  0.64491961  0.84751263
   0.35686907  0.22668192  0.75351289  0.83920487  0.71032576  0.7528623
   0.62264022  0.29940058  0.23889757  0.30043791  0.98792282  0.8363968
   0.48996166  0.24230783  0.97631302  0.18011003  0.73313359  0.71006174
   0.97798956  0.27006472  0.13255958  0.20262531  0.57718465  0.13976104
   0.28135577  0.30080008  0.32359953  0.50041653  0.07915234  0.07177271
   0.11748622  0.92462135  0.05158032  0.10874522  0.09926459  0.84536114
  -0.04341732  0.40948222  0.89853261  0.45122046  0.35935105  0.17943777
  -0.03232681  0.75549521  0.21007106  0.10856505  0.23934991  0.69838647
   0.2924879   0.11994196  0.1955706   0.86385731  0.66206562  0.1063917
   0.87181645  0.83065023  0.25164905  0.43799182  0.66025436  0.37260124
   0.33084432  0.11634807  0.09176254  0.97859869  1.07146409  0.757465
   0.29977052  0.83341691  0.24254227  0.42058421  0.6955646   0.74523895]]