[[ 0.78176006  0.40533248  0.443319    0.54979715  0.17884028  0.27207638
  -0.10286133  1.14352683  0.58308706  0.03007694 -0.04769845  0.59432667
   0.3499473   0.35864756  0.39126052  0.25822475  0.49353321  0.48453938
   0.99663967  0.89735531  0.25613703  0.46141578  1.0115394   0.74618608
   0.34598946  0.57203852 -0.10516823  0.49133145  0.41888849  1.04076789
   0.9527878   0.7871141   0.48693789  1.07315722  1.08827274  0.59996844
   0.5918206   0.86230466  0.54749217  0.14408536  0.61700971  1.09170778
   0.9283373   0.4783176   0.43852704  0.56664561  1.0071566   0.41271904
   0.44064746  1.15176741  0.63658463  0.95719376  0.31797836  0.95137996
   0.70010778  0.49451332  0.98194199  1.16663821  0.94022142  1.16225009
   0.33401722  0.83865014  0.53412859  0.83257069  0.21329661  0.17288974
   0.94009718  0.82474644  0.5557622   0.44930005  0.38399674  0.45254664
  -0.08228838  0.37085823  0.99149083  0.51445371  0.02564084  0.65829345
   0.61318267  1.09666123  0.17363795  0.4057954   0.61442058  0.67861158]]