[[[[-0.12460977]]

  [[-0.06078783]]

  [[-0.07863321]]

  [[-0.09771062]]

  [[ 0.01911535]]

  [[-0.01553324]]

  [[-0.01121697]]

  [[-0.16377744]]

  [[-0.0940759 ]]

  [[-0.06750658]]

  [[ 0.02960224]]

  [[-0.02694005]]

  [[-0.00428538]]

  [[-0.01923081]]

  [[ 0.00289129]]

  [[-0.16437568]]]


 [[[ 0.95029905]]

  [[ 0.05589899]]

  [[ 1.27866679]]

  [[ 0.03589039]]

  [[ 0.76243808]]

  [[ 0.35460014]]

  [[ 0.25550671]]

  [[ 1.45103271]]

  [[ 2.26452823]]

  [[ 0.89568115]]

  [[ 0.08507756]]

  [[ 0.26840529]]

  [[ 0.47417276]]

  [[ 0.25349184]]

  [[ 0.15979853]]

  [[ 2.61160986]]]]