[[[ 4.85649431e-06  8.00219975e-06  8.42212679e-04 -4.95796114e-05
    2.98991404e-04 -1.73362036e-04 -2.95247642e-04 -1.10069075e-05
    1.16768193e-05 -2.32520160e-04 -2.53630154e-04  2.10737638e-04
    8.99634390e-06 -3.53960024e-04  2.29696557e-06  1.65869738e-05
    4.73980577e-04 -4.53577485e-04 -8.30718164e-04  3.34152619e-06
   -1.16607391e-04  1.60953340e-04  1.21741467e-04 -5.57999118e-05
    2.77638540e-06  5.43259503e-07  2.10734496e-04  4.40395491e-06
   -5.50575133e-04  6.35017125e-05  1.38136062e-04  9.90698634e-04
    3.14689992e-06 -1.04358813e-03  1.14412377e-06  1.08415820e-03
   -1.12688820e-04  1.68323782e-05  2.34060927e-03  6.73494894e-04
    1.23197931e-03  1.00008461e-04 -2.02523956e-06 -1.12307896e-04
   -1.79939669e-06  5.55838549e-06  1.10366858e-04 -3.73106460e-05
    1.36644001e-04 -6.98078169e-04  1.61226716e-05  1.14081497e-04
   -2.61257585e-04 -6.18267392e-05  2.04136393e-04  3.92274997e-04
    8.33796841e-05 -6.32522478e-04  1.15745002e-04  5.92763102e-05
    4.60394953e-05  1.13385489e-04  1.81128619e-05 -1.89531917e-04
   -1.86723204e-04 -3.18576150e-05 -1.40163551e-03 -2.07060709e-04
    7.30863365e-04  1.32657806e-04  1.60754686e-04  1.44660462e-06
    2.03735659e-04 -3.64464214e-04 -1.13207392e-03 -5.92780588e-04
    5.88563347e-04 -2.14377170e-05 -4.72943077e-04 -4.73294727e-04
   -7.81650742e-05  5.00085817e-06 -4.83485725e-04  2.79289670e-04]]

 [[ 1.73762558e-05  3.88096455e-05  5.21847799e-05  6.04019163e-05
    5.50319032e-05  4.84389217e-05  1.80132291e-04  6.78694002e-06
    4.24607710e-05  1.10138704e-04  1.32065316e-04  4.08897877e-05
    3.24098721e-05  1.41219103e-04  2.54990012e-06  2.20909042e-05
    5.94829015e-05  1.34267633e-04  4.56842535e-05  1.57111412e-05
    3.31552617e-05  3.61269839e-05  2.86182716e-05  2.85163852e-05
    8.97756428e-07  3.79434732e-05  1.67009995e-04  4.83559677e-06
    1.28176655e-04  1.44986865e-05  3.72792543e-05  1.74116261e-05
    2.99200581e-05  2.78616333e-05  1.36167391e-05  6.77991630e-05
    4.54507289e-05  2.39052073e-05  1.72474637e-05  2.60306298e-05
    1.63691739e-04  1.13847251e-05  1.07966759e-05  5.03706096e-05
    8.92683687e-06  2.04722947e-05  7.00335486e-05  9.28901874e-05
    7.73755207e-06  5.25910632e-06  1.68251548e-05  2.82157672e-05
    1.70381831e-05  1.01566301e-05  5.80955537e-05  5.53570002e-05
    3.88528913e-05  7.86055292e-06  2.55813175e-05  1.41145749e-04
    1.12486852e-04  3.62526247e-05  7.76622653e-06  1.65582541e-05
    7.99666273e-06  1.53056367e-05  1.51401808e-05  4.05444343e-06
    3.23149417e-05  1.74779168e-06  1.04415275e-04  1.62548209e-05
    2.32207601e-05  5.48697141e-05  2.49206880e-05  2.23946689e-05
    1.53783922e-04  3.45115750e-05  5.51835496e-05  2.91709877e-06
    1.04108920e-05  2.61825207e-05  2.81099188e-04  3.51293377e-05]]]