[[[-1.40919281e-07 -1.68664050e-06  1.90719882e-05  2.61394897e-06
    1.00413380e-04 -2.48974608e-06 -7.73311173e-07 -1.35697701e-07
    1.46060078e-04 -1.46196436e-04]
  [-2.38329096e-08 -1.48988310e-06  3.27010921e-05 -7.57518663e-07
    4.40688768e-04  1.00449015e-05  1.62385150e-07 -1.92238656e-08
    3.34427727e-05 -5.16759990e-04]
  [ 5.47791557e-06  5.78551577e-06 -2.40569408e-04  3.04167499e-04
    5.56551132e-04 -3.67356310e-03  5.65883679e-06  6.04523873e-06
   -2.96360020e-03  1.31011335e-03]
  [ 1.82440629e-07 -5.78207894e-07 -3.00624880e-04 -6.88631281e-07
    1.47439253e-04  1.08676360e-05  2.26026954e-07  2.07062628e-07
    1.43791219e-04 -1.98757037e-04]
  [ 2.90765480e-07 -1.83743020e-06  3.94027603e-05  1.02205166e-04
    2.39107076e-04 -9.35553780e-04  5.36735074e-07  4.07257071e-07
    3.18737446e-04 -2.65236257e-05]
  [ 3.63217594e-07  5.04148619e-07  2.75555409e-05  1.36278968e-04
    3.83158231e-04 -1.60107919e-03  5.27352437e-07  5.06079752e-07
    7.71208136e-04  1.07639173e-05]
  [ 1.35489862e-05  1.25745399e-05  4.35659458e-05  2.62901049e-04
    3.84491877e-04 -2.76758122e-03  1.37373297e-05  1.45337073e-05
   -1.26413394e-02  2.96526096e-03]
  [-3.83412550e-09  1.38343351e-08  9.61681756e-06  1.52527372e-06
   -4.47356977e-07  3.65737447e-06  9.65875906e-08  9.52695693e-09
   -1.92810868e-05 -9.50326419e-06]
  [ 7.34291085e-08 -8.57271624e-07  9.71896399e-06 -1.91961682e-07
    5.09409528e-04  7.13255657e-06  1.30092190e-07  1.04539171e-07
   -4.12483104e-05 -5.85319769e-04]
  [ 1.14301229e-05  1.06535297e-05  1.88502038e-05  3.18065412e-04
    4.29529655e-04 -3.49702893e-03  1.15318210e-05  1.23384422e-05
   -9.80869000e-03  2.65235151e-03]
  [ 1.17850419e-05  1.08542660e-05  3.74813504e-05  2.58241884e-04
    4.13991014e-04 -2.76892948e-03  1.19587816e-05  1.26579871e-05
   -1.07238609e-02  2.57886878e-03]
  [ 4.20425774e-07  3.20457015e-07 -3.17241841e-04  5.16807046e-06
    8.43688204e-05 -5.87159073e-06 -2.02357437e-05  4.87494492e-07
   -1.07530245e-04 -8.67142122e-05]
  [-1.10299837e-07 -2.05929378e-06  8.31017869e-06 -1.30926097e-06
    4.23442586e-06  1.69721253e-05 -8.56071650e-06 -1.00188353e-07
    9.25358436e-05 -3.60985865e-05]
  [ 2.44597702e-06  1.56064948e-06 -2.35289652e-03  3.23014236e-06
    1.13184551e-05  2.37501518e-05 -1.28482376e-05  2.60495309e-06
   -7.63814054e-05 -2.75797243e-06]
  [-2.44588367e-07 -5.06921713e-07  2.07483333e-05 -2.89636505e-06
   -4.23058801e-07  3.26915130e-05 -1.81783484e-07 -2.61870452e-07
    2.18694621e-04 -5.35394943e-05]
  [ 1.21381628e-06  5.25158828e-07 -1.27480230e-03  8.36908559e-07
    7.79905092e-05  7.27519145e-06 -7.91340727e-07  1.29637683e-06
    9.58405440e-05 -1.04209362e-04]
  [ 1.49447764e-06  1.49525312e-06 -1.47652746e-03  8.70373969e-07
    1.88024188e-05  1.06763728e-05 -2.81963495e-05  1.58689646e-06
    1.63114439e-05 -2.74293540e-06]
  [ 1.99657331e-06  1.78910233e-06 -2.04747717e-03  1.19220072e-06
    7.28781562e-06  1.54184544e-05 -9.52582640e-06  2.12032134e-06
    8.95915456e-05 -1.63802224e-05]
  [ 1.75027988e-05  1.74780102e-05 -1.56336215e-03  4.41029210e-04
    4.44759087e-04 -4.99748064e-03  1.39549992e-05  1.89243589e-05
   -1.35780702e-02  3.91400324e-03]
  [-1.85418649e-07 -1.86272619e-07  7.57379785e-06 -2.27270575e-06
    1.39958957e-05  2.54891810e-05 -2.34391500e-05 -1.98748376e-07
    1.85096758e-04 -4.44543891e-05]
  [ 2.20174004e-06  1.38197766e-06 -2.14729092e-03  6.55575396e-06
    3.62567678e-04 -5.83665731e-05  2.04341704e-06  2.37479403e-06
    6.78998504e-05 -3.96910642e-04]
  [ 1.49424298e-06  1.52392377e-06  1.97652986e-05  1.61082152e-06
    4.28149768e-04  4.30783069e-06  1.59807037e-06  1.59903760e-06
   -1.58275865e-03 -1.89729888e-04]
  [-1.46061510e-07 -1.42953184e-07  2.00436406e-05 -1.81550946e-06
    5.87599241e-05  1.99582414e-05 -4.66259753e-08 -1.51328585e-07
    1.28888919e-04 -9.92380334e-05]
  [ 1.57791833e-07 -6.18635918e-08  9.70232227e-06  5.33386170e-05
    5.12432260e-04 -5.89499558e-04  2.76586807e-07  2.27476431e-07
    3.03998462e-04 -4.28153133e-04]
  [-2.37147550e-07 -3.02878692e-07  2.43958629e-05 -2.62867654e-06
   -6.23939201e-07  2.93813649e-05 -1.90764597e-07 -2.53931385e-07
    2.08806620e-04 -5.01609570e-05]
  [-1.01236123e-07 -1.02277658e-07  9.94435136e-06 -1.17597245e-06
    1.05346864e-05  1.32981006e-05 -1.89878211e-05 -1.08982766e-07
    9.83992040e-05 -2.23650890e-05]
  [ 1.36233041e-05  1.35487220e-05  1.64317128e-05  3.03985225e-04
    8.67502726e-05 -3.35631043e-03  7.94065510e-06  1.47000149e-05
   -1.23921962e-02  3.50296858e-03]
  [ 1.38612763e-08  3.47026096e-08  1.86989939e-05 -5.26675042e-07
    3.17434381e-04  6.64891041e-06  1.41100057e-07  1.76666622e-08
   -2.25280897e-06 -3.64703110e-04]
  [ 1.78520268e-06  1.78882195e-06 -1.85110573e-03  3.54733327e-07
    1.92499148e-04  2.19510235e-05 -3.00813510e-06  1.91195389e-06
    1.16642429e-04 -2.40638739e-04]
  [ 1.28999805e-07  1.24866651e-07 -2.86456238e-04 -2.42225354e-06
    1.26769756e-05  3.19731929e-05 -2.03766399e-05  1.34672575e-07
    1.63164249e-04 -4.19633805e-05]
  [-1.33811313e-07 -1.30392451e-07  2.08488660e-05 -1.66499450e-06
    5.08645549e-05  1.82034642e-05 -2.48191424e-08 -1.38861564e-07
    1.14992895e-04 -8.69447959e-05]
  [ 1.82069546e-06  1.92599580e-06  2.15869985e-05  9.78866356e-05
    2.41101801e-04 -1.22178087e-03  1.88279595e-06  2.01230031e-06
   -1.08436214e-03  3.95256108e-04]
  [-1.42448101e-07 -1.98567042e-07  1.40405048e-05 -1.83531179e-06
    9.55257195e-06  2.08470734e-05 -1.75846360e-05 -1.53073482e-07
    1.32299729e-04 -3.15455029e-05]
  [ 1.87139702e-05  1.86127829e-05 -1.63885825e-03  4.31705242e-04
    4.41052130e-04 -4.85488555e-03  1.88156952e-05  2.02020417e-05
   -1.49018233e-02  4.10872130e-03]
  [-1.75945530e-07 -1.76120880e-07  2.18373354e-06 -2.77250811e-06
    7.67102036e-06  3.14651574e-05 -1.35395636e-05 -1.89297576e-07
    1.72043615e-04 -4.35983176e-05]
  [ 1.35794405e-05  1.32687869e-05 -9.88368867e-04  6.31316025e-05
    6.48889520e-04 -5.51255390e-04  1.36829497e-05  1.44596362e-05
   -1.30889620e-02  1.94630461e-03]
  [ 1.45545168e-06  1.48228168e-06 -1.41119261e-03  1.27869083e-06
    5.23612112e-04  6.27037261e-06  7.19071590e-07  1.58809103e-06
    3.74115087e-05 -6.02786574e-04]
  [-1.64433326e-07 -1.69317757e-06  1.69213397e-05 -7.67058516e-07
    1.14963701e-04  1.15493504e-05 -6.52350772e-06 -1.61806835e-07
    1.66573071e-04 -1.65662630e-04]
  [ 4.92661624e-07  1.89903819e-07  3.00835931e-06  3.14985772e-07
    5.19052016e-04  4.67621645e-06  5.51903660e-07  5.35742610e-07
   -4.77524532e-04 -5.06346294e-04]
  [ 4.21065027e-06  4.36399774e-06 -6.21601192e-05  9.44251998e-05
    6.98893662e-04 -1.05941653e-03  4.35095304e-06  4.58584271e-06
   -3.64661156e-03  2.79300598e-04]
  [ 6.40458432e-06  6.39693950e-06 -1.78206129e-03  7.11659720e-06
    1.01857080e-05  1.20803587e-05  9.86550862e-08  6.79099627e-06
   -4.94629320e-03  9.36292678e-04]
  [-1.03775656e-07 -9.66628083e-08  1.47396498e-05 -1.34847744e-06
    9.68276702e-05  1.50009139e-05 -1.56899780e-08 -1.02258919e-07
    9.68532061e-05 -1.35071268e-04]
  [-1.75136387e-07 -1.73947870e-07  1.42784131e-06 -2.32495874e-06
    1.55585937e-05  2.64551093e-05 -2.56558915e-05 -1.86552834e-07
    1.80318617e-04 -4.53608852e-05]
  [ 8.61346291e-07  7.89840132e-07 -9.05511070e-04  5.48031835e-06
    1.68892267e-04 -1.65349694e-05 -2.34684534e-06  9.32943495e-07
    1.00219865e-04 -2.04077631e-04]
  [-1.60595877e-07 -1.58396310e-07  8.20550281e-06 -1.50926123e-06
    6.65205618e-06  1.65951887e-05 -1.58243731e-05 -1.70395473e-07
    1.58800366e-04 -3.42647609e-05]
  [-1.73371067e-07 -1.73703009e-07  5.37999871e-06 -2.01919256e-06
    1.33061524e-05  2.24480637e-05 -2.26578939e-05 -1.85978453e-07
    1.76440375e-04 -4.11848593e-05]
  [ 1.76201398e-07  2.27676236e-07 -2.92940894e-06  7.61880697e-05
    1.60075313e-05 -8.01566698e-04 -2.64210353e-05  2.59613631e-07
    3.81420983e-04  2.11020362e-04]
  [ 6.36183947e-08 -2.20044158e-06  2.39241171e-06  1.06214168e-05
    8.04040014e-06 -1.64499522e-05 -1.69243624e-05  1.14990280e-07
   -7.74169699e-05 -1.71067219e-05]
  [-2.10627782e-07 -5.82964594e-07  1.50786088e-05 -2.57343929e-06
    2.37380679e-05  2.92781166e-05 -1.59189056e-07 -2.23260896e-07
    1.93506239e-04 -7.50912646e-05]
  [ 8.00737823e-06  8.13456041e-06 -1.74524316e-03  7.42712152e-05
    1.54473154e-05 -8.20112633e-04 -5.25141165e-06  8.60173046e-06
   -6.18449547e-03  1.47886059e-03]
  [-1.50203227e-07 -1.35458096e-06  1.30189965e-05 -1.08049944e-06
    8.94039671e-05  1.25648855e-05 -7.84324992e-06 -1.51916429e-07
    1.53651886e-04 -1.30806930e-04]
  [-1.45816553e-07 -2.72042006e-07  1.10285739e-05 -1.99723723e-06
    3.62942649e-05  2.22857904e-05 -1.07050597e-07 -1.54488838e-07
    1.34069093e-04 -7.53517032e-05]
  [ 2.37844938e-07  3.38836287e-07  2.08747515e-05  8.40019661e-05
    3.29843725e-04 -1.04743401e-03  3.04437284e-07  3.35249310e-07
    5.08047716e-04 -7.76838856e-05]
  [-3.88431567e-08 -1.13082560e-07 -1.06007445e-04 -1.83123722e-06
    1.61755295e-05  2.28346195e-05 -2.65854756e-05 -3.80835191e-08
    1.52048763e-04 -4.15030937e-05]
  [ 1.40052709e-06  1.41459998e-06 -1.41932804e-03  4.35639920e-07
    4.16303378e-04  1.58045996e-05 -1.62028937e-05  1.52295385e-06
    9.36900716e-05 -4.81935506e-04]
  [ 1.20075363e-06  1.23385565e-06  1.79253310e-05  1.23679618e-06
    3.84441702e-04  4.56299727e-06  1.30500457e-06  1.29135626e-06
   -1.27306671e-03 -2.02014300e-04]
  [ 1.28542376e-07 -1.99529653e-07  5.46055957e-06  2.08037235e-05
    1.13410855e-04 -1.57432615e-04  2.33418931e-07  1.82519577e-07
   -3.68875689e-05 -8.94514012e-05]
  [ 7.41575420e-06  7.49713091e-06 -2.37261051e-03  3.66095051e-05
    1.75546386e-05 -3.95221965e-04 -9.23010015e-06  7.94659652e-06
   -5.15887150e-03  1.13580514e-03]
  [-1.64304084e-07 -1.88038277e-07  2.46110949e-05 -1.79444712e-06
   -1.62825923e-07  1.95504338e-05 -3.99474017e-08 -1.76106476e-07
    1.36916009e-04 -3.33552224e-05]
  [ 1.27325871e-05  1.30471969e-05  3.17775065e-05  3.64398037e-04
    2.58482113e-04 -4.24381284e-03  1.27027717e-05  1.37660902e-05
   -1.07179231e-02  3.33779501e-03]
  [ 1.90328974e-06 -1.43784169e-07 -1.34528744e-03  1.29390640e-04
    6.96152294e-05 -1.26450562e-03 -1.10993162e-05  2.15757198e-06
    2.95647364e-04  2.92105556e-04]
  [-1.20518080e-07 -1.18772297e-07  2.17158253e-06 -1.81105581e-06
    6.17017165e-05  2.00423516e-05 -2.27474718e-05 -1.25295244e-07
    1.30227355e-04 -8.64787095e-05]
  [-1.60678820e-07 -1.60100529e-07  4.94501462e-06 -2.33685386e-06
    8.34350893e-06  2.59640038e-05 -1.41827437e-05 -1.72629575e-07
    1.56498622e-04 -3.88100076e-05]
  [ 2.99068887e-06  2.60104101e-06 -1.30517575e-03  4.01357678e-05
    2.90404558e-04 -4.13572730e-04  3.23290446e-06  3.22290170e-06
   -1.46258913e-03  1.04720433e-04]
  [ 7.52018724e-07  3.57012233e-07 -8.50914827e-04 -1.59677521e-06
   -1.96187792e-08  2.84779479e-05  9.33635225e-07  7.97183169e-07
    1.03568504e-04 -2.72570777e-05]
  [ 1.34824286e-08  5.22897972e-08  1.41052401e-05 -4.23479061e-07
    5.65202815e-04  5.17549026e-06  1.49801934e-07  5.72082167e-08
    3.38071657e-05 -6.53891389e-04]
  [ 9.30066314e-06  9.28677514e-06 -1.83172917e-03  1.54479826e-04
    9.71105419e-05 -1.69199349e-03  9.10415162e-06  1.00060380e-05
   -6.82961028e-03  1.79757383e-03]
  [ 3.20291320e-07  4.32762352e-07  2.28788341e-05  1.10098069e-04
    2.62346800e-04 -1.33804677e-03  4.87054680e-07  4.20431067e-07
    6.17206242e-04  8.48072469e-05]
  [ 2.25265318e-06  2.15659738e-06 -9.88399931e-05  1.06818214e-04
    2.31023182e-06 -1.32143459e-03  1.35292387e-06  2.45381184e-06
   -1.37676924e-03  7.63012542e-04]
  [-2.29037842e-07 -5.86399531e-07  1.75330709e-05 -2.79208519e-06
    6.90371733e-06  3.16122665e-05 -1.81128230e-07 -2.44510227e-07
    2.07038534e-04 -5.92766083e-05]
  [ 2.17407033e-06  2.24062791e-06 -8.01324941e-04  1.98444720e-05
    7.42290188e-04 -2.15452314e-04  2.37589441e-06  2.38358598e-06
   -1.22809075e-03 -5.34356609e-04]
  [-1.75278490e-07 -2.30491669e-07  4.03804526e-06 -2.45012484e-06
    6.89272480e-06  2.71066334e-05 -1.51770961e-05 -1.88036164e-07
    1.72457520e-04 -4.00050292e-05]
  [ 1.73395419e-05  1.72631353e-05 -4.66471512e-03  6.61389561e-05
    3.36556526e-05 -5.30205378e-04 -4.87298249e-06  1.85591935e-05
   -1.33493432e-02  2.70543239e-03]
  [ 9.36310579e-07  9.67747627e-07 -9.12503264e-04  4.20848403e-07
    5.48491082e-04  8.82576178e-06  3.84076959e-07  1.04378570e-06
    5.14135637e-05 -6.36007911e-04]
  [ 1.67134678e-05  1.66322470e-05 -1.72313253e-03  3.60935341e-04
    4.20148926e-04 -4.06422980e-03  1.45230750e-05  1.80333062e-05
   -1.32165624e-02  3.52361011e-03]
  [ 4.63193855e-07  3.37296818e-07 -4.78703412e-04 -5.97881254e-07
   -1.59959069e-06  1.27226320e-05  5.63936327e-07  4.91061431e-07
    1.71634886e-05 -4.44315110e-06]
  [ 1.66714828e-06  1.77531295e-06  1.93394834e-05  1.33549905e-04
    1.03002461e-04 -1.52450852e-03  1.77768380e-06  1.85198510e-06
   -7.20552424e-04  5.84009633e-04]
  [-7.54826027e-08 -6.59270679e-08  7.33479552e-06  7.56781769e-06
    7.67987820e-06 -2.69261092e-05 -1.61275300e-05 -7.58378073e-08
    1.03399544e-04 -1.35925824e-05]
  [ 1.53833774e-06  1.15399332e-06 -1.55486257e-03  1.11320840e-06
    2.25896273e-06  8.64931880e-06 -7.22690929e-07  1.63390756e-06
    4.34911993e-05 -7.32109346e-06]
  [ 8.17924250e-06  8.25606419e-06 -2.42380246e-03  3.20921728e-05
    1.88777949e-05 -3.21280344e-04 -9.02368897e-06  8.75320980e-06
   -5.97788512e-03  1.26251489e-03]
  [-3.48383731e-09  3.29028113e-08  5.52561612e-06 -1.30190499e-06
    5.09789335e-04  1.54744753e-05  1.11165871e-07  4.15746014e-08
    4.75178662e-05 -5.96952185e-04]
  [-1.91977595e-07 -1.88753787e-07  1.36633988e-05 -2.35743757e-06
    1.00155348e-05  2.58406981e-05 -1.98443173e-05 -2.05953000e-07
    1.83488006e-04 -4.20273841e-05]
  [ 2.97595165e-06  2.97246193e-06 -2.96319189e-03  6.55823359e-07
    2.28581959e-04  3.53359248e-05 -1.53026199e-05  3.17847481e-06
    5.35319259e-05 -2.61551326e-04]
  [ 1.38146199e-06  1.37428249e-06 -1.46541281e-03 -6.61497572e-07
    4.32280999e-05  2.83114836e-05 -2.47708697e-05  1.46788458e-06
    1.15116530e-04 -5.84455049e-05]]

 [[ 2.87363540e-09  4.31716047e-04  4.15446854e-04  1.73942378e-06
    6.17080083e-05  2.08596598e-04  1.40182180e-04  6.57277173e-07
    1.07780530e-04  4.65081116e-05]
  [ 4.34848855e-09  1.72795402e-05  7.99200760e-07  2.17599933e-05
    1.65299144e-04  2.36679351e-05  1.37685545e-07  1.56562121e-02
    1.46787190e-07  1.56632749e-02]
  [ 1.36355961e-08  3.35630749e-06  7.37009686e-03  9.32887130e-03
    1.98929407e-04  1.03872823e-03  1.42061520e-07  3.88688326e-03
    5.18474255e-04  4.16584172e-03]
  [ 6.66247069e-07  5.13152053e-06  1.90989977e-04  5.54962236e-04
    2.14340446e-05  2.53607937e-05  3.26897961e-07  1.12434199e-05
    2.79866363e-06  5.69373211e-05]
  [ 1.22235806e-08  3.19605716e-03  3.11541058e-03  4.19772240e-05
    1.83990539e-04  1.85128296e-03  1.35573107e-05  1.80098713e-03
    1.24425285e-03  1.98051832e-03]
  [ 8.18349475e-09  9.55339208e-06  7.84047188e-04  2.82888240e-03
    5.96770364e-05  1.48788601e-04  2.33334909e-07  6.57162333e-04
    1.81720004e-05  8.92728086e-04]
  [ 1.45612552e-08  4.64722621e-05  1.96183426e-04  8.71145648e-04
    3.04657003e-04  5.23973733e-04  3.53741494e-05  2.83090191e-02
    3.04530553e-04  2.88481487e-02]
  [ 6.32990607e-10  3.25923848e-08  3.98916822e-07  1.30697586e-06
    9.85398514e-05  1.26612466e-05  7.89172857e-06  1.34786230e-05
    7.21853678e-07  5.47422034e-06]
  [ 5.58550863e-09  7.10386326e-06  1.79057690e-07  6.88683924e-05
    1.48203421e-04  2.68678212e-05  3.67171805e-05  1.01601770e-02
    2.82612436e-06  1.02227602e-02]
  [ 1.06016127e-06  2.99596772e-04  4.66060125e-03  7.66293170e-03
    3.13299605e-04  1.67404269e-03  7.03728053e-05  1.97940229e-02
    9.26687483e-04  2.03538042e-02]
  [ 8.30461943e-09  7.12815704e-05  1.21756718e-03  2.33400894e-03
    2.49053155e-04  4.82017468e-04  6.66997730e-06  2.41775056e-02
    2.07246907e-04  2.47426578e-02]
  [ 1.94828796e-05  1.99359839e-06  4.80314159e-05  2.13489099e-05
    2.20971576e-04  3.71557965e-04  1.39664533e-03  1.93371616e-04
    2.75790931e-04  1.30732308e-04]
  [ 2.82861674e-09  1.32735567e-03  1.32383261e-03  3.27772923e-06
    8.23032385e-05  1.83659096e-04  5.19351470e-04  2.39173708e-06
    1.31131709e-04  8.92515958e-06]
  [ 6.06504213e-09  2.10528993e-03  3.24107170e-03  1.01689246e-03
    3.27050011e-05  7.36508811e-04  7.04430412e-04  1.96798530e-05
    6.20503800e-04  2.58836053e-05]
  [ 4.38894519e-09  3.59344403e-07  1.37083420e-06  1.14006442e-06
    3.12540703e-05  1.62056254e-07  8.43497902e-08  4.71623730e-06
    1.44956983e-07  2.08157684e-07]
  [ 2.99473875e-09  1.46051139e-03  1.06808048e-03  3.44313135e-03
    6.74874327e-06  3.57419024e-06  4.13657509e-05  4.28644871e-07
    2.34767486e-06  7.75917365e-06]
  [ 2.19614170e-05  2.29731624e-07  1.43332347e-05  1.09826928e-06
    9.19972976e-05  9.39647483e-05  2.11824544e-03  1.84416210e-06
    3.74702211e-06  1.91295506e-06]
  [ 6.30132454e-09  4.43726815e-04  3.10538333e-04  3.22455000e-05
    3.33334101e-05  1.73230132e-04  5.82746265e-04  2.01738158e-06
    1.10022277e-04  2.02173115e-06]
  [ 1.04742498e-06  5.89445982e-04  3.65305722e-03  6.00788997e-03
    7.69448024e-04  3.10265056e-03  7.37436288e-04  1.74727895e-03
    2.07435987e-03  2.27961449e-03]
  [ 4.64676928e-07  1.29343025e-06  2.13523302e-06  1.23114803e-06
    8.60065366e-05  1.50398198e-05  8.99677515e-04  3.88997384e-06
    2.81575833e-06  4.72211814e-07]
  [ 1.25419967e-08  3.46125097e-04  1.16555568e-02  1.45418042e-02
    6.51683757e-05  5.51017510e-05  1.91128679e-06  3.41588457e-05
    8.62345302e-06  1.85777799e-04]
  [ 3.44531180e-09  8.58567210e-08  2.13867327e-07  5.86584236e-05
    8.56070100e-05  6.22345741e-06  2.43928616e-07  7.81986763e-03
    1.37163623e-06  7.82187638e-03]
  [ 2.69240021e-09  1.66721441e-07  1.02236925e-06  1.07118482e-06
    6.08659112e-05  1.96524523e-06  9.08032019e-08  3.31158574e-05
    7.23538335e-08  1.70989010e-05]
  [ 4.46487388e-09  2.29840333e-05  5.97838114e-04  1.76928083e-03
    1.33562574e-04  1.03432945e-04  2.10289394e-07  6.96399529e-03
    1.89249891e-06  7.18148632e-03]
  [ 3.13688882e-09  1.23058228e-07  1.31157457e-06  1.17063113e-06
    3.03717958e-05  1.21142181e-07  7.57837442e-08  4.59003670e-06
    1.11463329e-07  5.78298655e-08]
  [ 3.91007248e-10  7.78649051e-07  1.41593492e-06  1.01093929e-06
    5.45814856e-05  1.47774594e-05  6.91882897e-04  5.18669742e-07
    1.76803947e-06  3.88634856e-07]
  [ 8.98229863e-05  4.01859308e-04  5.26968929e-03  5.20626082e-03
    5.98446014e-05  1.66500891e-03  5.24715856e-04  1.69994413e-02
    9.34890924e-04  1.71424159e-02]
  [ 1.37610278e-09  9.94819232e-08  2.48248142e-07  2.40982558e-07
    5.47272826e-05  2.57750553e-07  1.00026299e-07  8.08712705e-03
    6.77553682e-08  8.05842817e-03]
  [ 7.49021409e-09  8.85055143e-08  1.12165958e-03  8.08886027e-04
    1.76672800e-05  2.67808966e-07  5.46762288e-07  1.07455119e-05
    3.36306479e-08  2.28798758e-05]
  [ 2.55102356e-08  3.55463255e-07  1.67938775e-05  8.20036936e-07
    3.54506534e-05  1.51739247e-05  4.70833280e-04  8.65919072e-06
    7.31889474e-07  3.27659483e-06]
  [ 1.91689947e-09  1.84601812e-07  1.02959586e-06  1.11091030e-06
    7.20031223e-05  1.48548256e-06  8.33931422e-08  1.37050104e-04
    7.03753078e-08  1.08099532e-04]
  [ 4.24754262e-10  7.41613321e-08  9.12519110e-07  2.97662331e-05
    2.95032636e-05  3.55182954e-05  1.64180898e-07  2.09764839e-04
    9.03084703e-07  2.69561433e-04]
  [ 3.20638928e-10  9.92904734e-07  1.84273764e-06  1.39668040e-06
    2.86888507e-05  6.01461748e-06  5.21541793e-04  5.40257266e-07
    1.35929328e-06  4.79758292e-07]
  [ 3.81461544e-08  4.00837044e-04  1.16855706e-03  2.80858833e-03
    8.93697160e-04  3.51141756e-03  6.36515261e-04  1.79387870e-03
    2.42361777e-03  2.28276921e-03]
  [ 1.18701863e-09  1.17135060e-07  8.32575989e-07  7.88053888e-07
    8.03987826e-06  6.13432735e-07  3.03444930e-05  3.44785560e-06
    1.49841349e-07  2.77758357e-06]
  [ 5.22873381e-09  2.58084163e-07  5.09720641e-03  4.56452147e-03
    2.92871382e-04  4.21845366e-05  2.37280783e-05  2.10731222e-02
    8.52534455e-05  2.12311542e-02]
  [ 6.24573473e-09  3.95261570e-07  7.60361783e-06  3.11251816e-04
    1.34061295e-04  1.14341122e-05  2.34522940e-05  1.86034765e-03
    7.75447998e-07  1.95032411e-03]
  [ 2.19680819e-09  7.47959975e-04  7.38388240e-04  1.05679372e-06
    8.86519908e-05  4.24882904e-04  1.15266978e-04  5.11607854e-07
    2.67904321e-04  2.04013531e-05]
  [ 3.65208668e-09  3.08422921e-06  9.58687973e-05  3.15537925e-04
    1.45164935e-04  2.26024793e-05  7.73817234e-06  1.46310661e-02
    8.96368352e-07  1.47031710e-02]
  [ 4.94861396e-09  5.86200186e-06  2.45626631e-04  7.57650877e-04
    2.28714680e-04  5.69573870e-05  3.85208798e-05  5.99390654e-03
    2.64564424e-05  6.15993017e-03]
  [ 2.38352608e-07  3.47564951e-04  1.90646844e-03  9.45575988e-04
    3.23684462e-05  2.33346913e-05  2.72687468e-04  4.93613719e-07
    2.56027460e-05  1.02618076e-06]
  [ 2.06728823e-09  1.53874410e-07  9.96483208e-07  1.00338182e-06
    1.05249207e-04  7.08884682e-06  6.55625873e-06  2.12044933e-05
    1.52805506e-07  1.39040412e-05]
  [ 1.03394688e-06  1.49980624e-06  2.87337412e-05  1.27863363e-06
    1.31433195e-04  2.83821768e-05  1.26428105e-03  8.05889138e-06
    4.32709672e-06  6.63515047e-07]
  [ 6.59757722e-07  3.02898348e-06  7.98180208e-04  1.04415050e-03
    8.14219797e-06  2.04764055e-05  6.45919692e-05  2.00655847e-06
    2.84040414e-07  3.55163985e-05]
  [ 1.76570957e-06  1.91789229e-08  2.47703435e-06  7.01821425e-06
    1.47438274e-05  5.87216716e-05  5.14389977e-04  7.93072716e-07
    4.57408601e-05  8.07053707e-07]
  [ 6.25630869e-07  2.39192893e-06  1.75847680e-06  1.04839940e-06
    3.83681328e-05  1.26322866e-05  9.15828147e-04  1.06781696e-06
    2.03124937e-06  6.11187008e-07]
  [ 3.19442411e-05  2.76329012e-06  1.44430630e-04  7.31699884e-05
    3.18286055e-04  1.52851002e-03  2.07126741e-03  1.21812705e-05
    8.54781154e-04  2.68524910e-05]
  [ 3.76973780e-06  2.26185556e-03  2.32789732e-03  8.37701529e-06
    1.78076029e-04  2.15415047e-03  1.81308838e-03  2.79414309e-05
    1.53155123e-03  3.76017105e-07]
  [ 3.59783343e-09  1.60400987e-07  1.15609329e-06  9.73776304e-07
    5.52069666e-05  1.09352178e-07  7.44129093e-08  6.12656334e-06
    1.04539818e-07  6.95374163e-07]
  [ 3.60983130e-05  7.42093967e-08  3.13848867e-05  1.35158840e-06
    2.13145532e-04  4.00808453e-04  7.61960626e-04  8.72405833e-07
    2.43241181e-04  1.92753512e-06]
  [ 6.69096772e-09  3.53568754e-04  3.41594667e-04  8.53696910e-07
    5.10079718e-05  2.18628350e-04  2.06034696e-04  5.35245361e-07
    1.04629086e-04  1.81520573e-05]
  [ 6.22014925e-10  1.23252621e-07  5.35235827e-07  6.22393640e-07
    2.92776631e-05  1.37983298e-07  5.26571701e-08  8.51319340e-05
    9.04784897e-08  6.49779335e-05]
  [ 2.73572652e-09  1.23510192e-07  2.16346984e-04  9.08685493e-04
    6.35783611e-05  5.59419204e-05  1.39111818e-07  7.17628081e-07
    8.73884007e-07  4.97881776e-05]
  [ 2.34940891e-06  2.38277194e-06  3.86087629e-05  1.15873985e-06
    1.69188857e-04  1.16756985e-04  1.50815704e-03  1.13132751e-05
    5.79088997e-05  6.81395727e-07]
  [ 2.75013533e-09  6.45201561e-06  1.12448398e-04  2.35487321e-04
    1.32908633e-04  9.54422517e-05  9.22414824e-05  1.96902619e-04
    5.77048399e-05  2.80781734e-04]
  [ 3.68370279e-07  1.24124950e-07  2.05379882e-07  9.96219543e-05
    7.55001544e-05  6.11688227e-06  5.42996480e-06  6.48594767e-03
    1.12461555e-06  6.44838369e-03]
  [ 1.09291734e-09  1.71344973e-07  3.03929478e-07  7.17385663e-07
    1.91526820e-04  1.94101903e-05  5.08563650e-05  2.96566582e-04
    5.10792025e-06  3.04003300e-04]
  [ 4.63003670e-05  9.87375053e-08  1.05508970e-04  8.56442105e-07
    1.85914679e-04  2.36351665e-04  9.58037865e-04  1.22149328e-06
    1.03638546e-04  1.87722180e-06]
  [ 3.95246211e-09  1.39147269e-07  1.03444267e-06  1.07586324e-06
    4.78705567e-05  4.23201082e-07  1.06137946e-07  2.16139695e-05
    7.64933312e-08  1.03870562e-05]
  [ 3.52823336e-06  3.53219149e-05  6.20714003e-05  1.95054690e-04
    4.03854688e-04  1.40921179e-03  1.64007366e-04  5.87696674e-04
    7.74232319e-04  8.64120052e-04]
  [ 1.41106244e-07  8.07246934e-03  9.36788065e-03  4.97828780e-04
    2.43427747e-04  4.96452017e-03  1.27100385e-03  2.04800703e-05
    3.56197362e-03  1.03648512e-04]
  [ 1.67518301e-06  1.18604687e-06  5.92683049e-06  7.41957003e-07
    2.07645916e-05  1.10791099e-05  9.11183995e-04  4.50060223e-07
    1.19798371e-06  1.45394402e-06]
  [ 2.74038876e-10  3.20834753e-08  1.00115736e-06  7.69067450e-07
    3.14957297e-06  8.81752391e-08  1.71220231e-04  4.03109483e-07
    2.78967358e-07  4.18439904e-07]
  [ 3.40893568e-07  7.90116971e-05  4.70088672e-04  8.83501108e-04
    4.85017607e-05  2.73927996e-05  9.58772690e-06  5.10798915e-06
    1.49386415e-06  1.26974528e-04]
  [ 4.95074858e-09  1.19018073e-08  1.83462812e-03  1.61697163e-03
    8.10534282e-08  5.52875749e-07  3.51458633e-07  5.09594237e-07
    3.91199297e-07  5.66251307e-07]
  [ 2.63494358e-09  6.28444373e-07  4.63804504e-07  8.56853901e-05
    3.71816045e-05  1.11516573e-05  2.32390639e-07  1.96767713e-03
    1.06379917e-07  2.05766975e-03]
  [ 3.01659145e-09  9.44658654e-06  2.25788431e-05  2.24185382e-05
    3.23190374e-04  8.25375943e-04  3.43907502e-04  5.17046187e-07
    6.49432928e-04  7.97168974e-05]
  [ 2.31676695e-09  5.27131890e-08  1.18307903e-07  3.61919221e-04
    8.61559940e-05  6.45600450e-05  9.24589724e-08  4.44763698e-03
    1.29591203e-06  4.42504242e-03]
  [ 2.02996403e-08  1.39319642e-03  2.40226116e-03  1.89596562e-05
    1.30109024e-04  6.14226170e-04  1.12773516e-04  4.74782499e-07
    4.13026345e-04  4.51838832e-06]
  [ 3.19800062e-09  3.95508608e-07  1.32092543e-06  1.08413329e-06
    3.41510739e-05  1.37994184e-07  7.96478953e-08  4.50136065e-06
    1.25978682e-07  1.49681260e-07]
  [ 6.21411918e-09  7.15028786e-06  2.51638470e-04  3.71792453e-04
    1.80762283e-04  7.65278615e-05  5.69788629e-05  1.77944577e-03
    1.87066262e-05  1.96778602e-03]
  [ 4.26107663e-06  6.55568018e-07  1.69962224e-05  2.89223374e-06
    1.63794780e-07  7.72177817e-06  4.33136382e-04  5.83742377e-07
    6.96467087e-08  5.94173875e-07]
  [ 1.75318466e-04  1.02790194e-03  1.78472446e-02  1.11257329e-02
    7.05270374e-05  6.11074768e-04  2.84951454e-03  1.39206961e-02
    5.35091844e-04  1.37929461e-02]
  [ 2.25667602e-09  2.18273658e-06  8.71802209e-04  6.76644299e-04
    4.29359496e-05  1.16205589e-05  4.24996258e-07  6.88378733e-06
    2.52878677e-08  6.49469872e-05]
  [ 2.75902746e-08  2.70207078e-04  8.60515798e-04  2.17094099e-03
    7.68193493e-04  2.25982517e-03  6.92773131e-04  9.68593570e-04
    1.59036393e-03  1.32930480e-03]
  [ 5.27500813e-09  1.67041205e-04  1.76940888e-04  2.48976789e-07
    7.77303368e-06  7.46416613e-06  1.73259893e-05  9.42982859e-07
    5.48851771e-06  9.39842599e-07]
  [ 7.21499227e-07  6.12680582e-06  6.47184631e-04  2.01554372e-03
    2.36872669e-05  1.32587625e-04  1.88193809e-07  4.58379032e-03
    3.35190927e-06  4.78417245e-03]
  [ 5.81356906e-06  7.59062483e-08  6.80967612e-07  6.39486763e-07
    1.06838359e-04  1.22585604e-04  3.96078084e-04  5.91735930e-07
    4.36984239e-05  6.08608271e-07]
  [ 6.24966830e-09  6.36178650e-04  5.79715093e-04  3.46639103e-06
    4.21449529e-05  2.26061633e-05  1.35078591e-04  7.57602617e-07
    9.53163559e-06  7.53512105e-07]
  [ 4.25394085e-05  7.10243939e-08  1.19325520e-04  1.02269960e-06
    1.03288987e-04  1.87369676e-04  9.32398032e-04  9.89146817e-07
    8.85940920e-05  1.78039326e-06]
  [ 1.29042987e-09  1.61657050e-07  3.71773739e-05  7.55969827e-07
    1.79482800e-05  7.43318196e-07  1.65614105e-07  4.63691393e-06
    1.44563996e-07  3.80214116e-05]
  [ 1.83486866e-06  8.93125134e-08  3.05845178e-06  2.27358368e-06
    3.09744132e-05  3.83527833e-06  5.67368924e-04  1.20470901e-06
    1.51289910e-06  1.25066405e-06]
  [ 2.85385796e-09  1.22441879e-07  2.23339704e-03  1.60336646e-03
    3.10433716e-05  1.57714444e-06  8.04034495e-05  1.35102070e-05
    2.43844486e-07  5.37814510e-05]
  [ 6.64703196e-06  1.38407312e-07  4.49522760e-05  9.42948592e-07
    4.70705345e-05  4.36070601e-05  1.45101317e-03  5.22969873e-06
    2.17474392e-06  8.65886107e-06]]]