[[[[-6.97833378e-02 -3.10355990e-01 -3.39765294e-01 -5.05042457e-01
    -6.37309432e-01]
   [-2.93756216e-02 -3.12188931e-01 -2.85284983e-01 -2.03628126e-01
    -1.55849299e-01]
   [-6.21405765e-02 -2.90675745e-01 -1.36287319e-01 -4.40587668e-02
     7.87365342e-02]
   [-2.04765148e-01 -2.44876298e-01 -1.28843900e-01 -2.69263618e-02
     1.10440650e-01]
   [-4.08221574e-01 -5.02756047e-01 -4.35775687e-01 -1.69161840e-01
     4.67361093e-02]]]


 [[[-2.50195394e-02 -2.89138945e-01 -3.25823055e-01 -5.02834888e-01
    -6.83767224e-01]
   [ 1.11458309e-03 -2.92764110e-01 -2.49811043e-01 -2.18153577e-01
    -2.08545263e-01]
   [-2.76660921e-02 -2.56171129e-01 -1.27795677e-01 -6.13960775e-02
     4.62825736e-02]
   [-1.62228197e-01 -2.27322672e-01 -1.18977981e-01 -3.34113404e-02
     9.25424673e-02]
   [-3.82867271e-01 -5.19527773e-01 -4.14905469e-01 -1.65441818e-01
     3.98448694e-02]]]


 [[[-2.31429570e-02 -2.73354680e-01 -2.54493845e-01 -4.05646986e-01
    -7.19552319e-01]
   [-6.75795084e-02 -2.08368452e-01  2.47804284e-02 -1.14015103e-01
    -9.71470592e-02]
   [-2.04828357e-01 -2.11486615e-01 -5.44614902e-03  1.65602744e-02
     2.01238442e-01]
   [-3.38410116e-01 -1.31427545e-01  7.72204667e-03  7.86862484e-02
     2.47627325e-01]
   [-6.44929033e-01 -5.86635917e-01 -3.71376277e-01 -1.09740388e-01
     1.16694614e-01]]]


 [[[ 7.08015449e-02 -1.48893533e-01 -2.55097184e-01 -4.29841581e-01
    -5.71173137e-01]
   [ 1.97106744e-02 -1.78021335e-01 -1.84569417e-01 -2.29416415e-01
    -3.32984956e-02]
   [-6.94200127e-02 -2.08255063e-01 -1.85952463e-01 -5.46310539e-02
     2.39097729e-01]
   [-1.45366048e-01 -1.75986124e-01 -1.12094838e-01  5.48806815e-02
     2.91094787e-01]
   [-4.36061003e-01 -6.14984977e-01 -4.83420726e-01 -1.48519649e-01
     1.63483845e-01]]]


 [[[ 3.66378170e-04 -2.45069138e-01 -2.85718294e-01 -4.10067258e-01
    -6.85363761e-01]
   [-9.04476479e-02 -2.39451569e-01 -9.49541191e-03 -3.19953870e-02
    -7.04274378e-02]
   [-2.20337214e-01 -1.37638028e-01  1.79224340e-02  8.62516609e-02
     2.00941358e-01]
   [-3.17691143e-01 -8.23770708e-02 -5.53194946e-02  2.46233952e-02
     1.83655097e-01]
   [-5.73716535e-01 -7.14116505e-01 -5.65982658e-01 -3.01403952e-01
    -3.70681543e-02]]]


 [[[-7.44902851e-02 -3.01481342e-01 -3.68182430e-01 -4.36152602e-01
    -3.93354233e-01]
   [-2.33320701e-01 -4.80344419e-01 -6.53186872e-01 -6.54632393e-01
    -2.41178941e-01]
   [-4.00385156e-01 -6.40540329e-01 -8.64055586e-01 -6.87916126e-01
    -2.78146719e-01]
   [-3.46249469e-01 -5.16323465e-01 -8.88811465e-01 -6.80386592e-01
    -4.27967141e-01]
   [-2.49810673e-01 -3.78260700e-01 -5.82554134e-01 -5.49198085e-01
    -5.28376930e-01]]]]