[[-6.63574213e-01  3.33725932e-01 -1.33869888e-01 -1.25358630e-01
   2.08302389e-01  8.21583750e-02 -2.84887158e-03 -5.16491213e-01
   3.60788174e-02  1.38153398e-01]
 [-1.26124341e+00  1.17156413e-01 -3.68321196e-01 -6.51891875e-01
   8.01502775e-02 -3.51071512e-01 -6.88193935e-01  2.10984348e-01
  -1.89806348e-01  1.11675070e-01]
 [-8.38503471e-01 -3.54195780e-01 -6.52801329e-02  1.91936109e-01
  -1.03189789e-02  7.19057541e-02 -7.29514936e-01 -1.36397841e-01
  -2.90277270e-01  1.25746317e-01]
 [-4.36030624e-01  1.08193086e-01  1.51921191e-01  4.35284452e-01
   6.33125901e-02  1.66780289e-01  4.55454625e-02 -1.39420431e-01
  -2.97906673e-01 -6.83187053e-01]
 [-1.38751298e+00  2.91144472e-01 -1.06396869e-01 -4.72670748e-02
  -1.02138272e-02 -3.87033138e-01 -2.32214803e-01  1.34445670e-01
   2.46136025e-01  1.23547731e-01]
 [-6.29236137e-01  1.20828894e-01 -7.25353812e-02  2.03284427e-01
   2.13597720e-01  2.50348052e-01 -3.55903686e-01  1.44881965e-01
  -2.32789422e-01  3.14786656e-01]
 [-5.70142024e-02 -7.23428225e-02 -3.56254998e-01  1.12895922e-01
  -2.26578208e-01  1.00887137e-01 -1.10424094e+00  1.40470984e-01
   7.19673847e-02 -2.83380768e-02]
 [-3.30320018e-01 -3.60168694e-01  1.43543183e-02 -4.41590410e-02
   1.07813350e-01  8.63683906e-02 -2.71193204e-01 -2.75110149e-02
   1.17386561e-01 -2.97291229e-01]
 [-1.45324110e+00  5.60548611e-03 -2.04198716e-01 -4.19242825e-01
   4.90409914e-02 -5.60730784e-01 -3.55865008e-01  1.39847859e-01
  -1.96360160e-01  8.57427886e-02]
 [-3.89619921e-01 -2.63703728e-02 -3.86155717e-01  1.44281348e-01
  -2.46216617e-01  1.07059568e-01 -6.28903608e-01  1.22694238e-01
   4.31129319e-02 -4.08891517e-02]
 [-3.11072836e-01 -2.75517411e-02 -3.85090514e-01  1.62322607e-01
  -2.32966034e-01  1.11111979e-01 -9.72251189e-01  1.64125193e-01
   5.04154540e-02 -4.54449001e-02]
 [ 6.36928701e-03 -4.66587464e-01 -5.23427781e-02 -4.21649361e-01
   1.72340733e-01  9.65909737e-02  2.16229312e-01 -2.80451209e-01
  -1.80497633e-01 -6.98058362e-01]
 [-1.16053477e+00  2.94031938e-01 -2.44186603e-01 -5.21307907e-01
   1.26624735e-01 -1.54770872e-01  1.81035906e-01 -2.77738786e-01
  -1.26907735e-01 -4.15876480e-01]
 [-1.13934361e+00 -1.83174473e-01  2.83779745e-01 -1.77026776e-01
  -4.71289834e-01 -7.00062958e-01 -9.43441997e-03  2.34375402e-01
  -8.13804048e-02 -1.00359109e+00]
 [-3.04565794e-01  1.18831304e-01  1.67778767e-02  4.89021752e-02
   3.75151535e-01 -4.23542698e-02 -1.98719375e-01  1.17973590e-01
  -1.28350522e-01 -3.21888939e-01]
 [-9.77493235e-01  8.61580935e-02  9.07252816e-02  5.38882837e-02
  -1.64977378e-01 -6.34630353e-01 -1.42651315e-02 -2.42341004e-01
  -2.12910480e-01 -8.43640205e-01]
 [-1.37871127e-01 -2.82487015e-01 -3.91167990e-01 -4.86129570e-01
   9.04288925e-02 -5.12811653e-01  3.58523044e-01 -4.24822282e-01
   1.43227353e-01 -6.18369834e-01]
 [-5.32770046e-01 -8.88383112e-02  3.64208061e-01 -3.76583207e-01
  -3.93035692e-03 -1.81076174e-01  2.24939355e-01 -2.57007943e-01
  -1.20116457e-01 -6.25179147e-01]
 [-6.55159157e-01 -7.84730876e-02 -1.15515312e-01  1.66904882e-01
  -1.18698672e-01  8.30567614e-02 -1.32331341e-01 -5.56112029e-01
   3.64892684e-01  6.05190717e-02]
 [-4.08562232e-01 -2.82524205e-01 -1.16308364e-01 -1.10994238e-01
   1.41520494e-01  9.39406394e-02  2.76445139e-01 -9.16219470e-02
  -1.46057475e-01 -5.11148172e-01]
 [-1.31162740e+00 -5.16875739e-02  1.63069934e-01  1.99515147e-01
  -1.71880915e-01 -3.75137258e-01 -1.37343631e-01 -3.61919949e-03
  -4.59649277e-01 -4.11872669e-01]
 [-9.28350510e-01 -7.92006810e-01 -2.20341035e-01 -5.08618510e-01
   4.18888171e-02 -8.85439446e-02 -7.37056624e-01  1.08286214e-01
  -4.88664054e-02  6.21043497e-02]
 [-2.16102906e-01 -5.22616397e-02  5.59525194e-02 -1.24719662e-01
   3.05767790e-01  1.83574551e-02 -2.24586530e-01  6.06641773e-02
  -1.43725638e-02 -4.06892350e-01]
 [-1.58910145e+00 -2.04913342e-01 -1.19342777e-01  1.23702370e-01
   1.15849435e-01 -1.20408629e-01 -5.86060727e-01  1.00281532e-01
  -6.68754055e-01  7.43342065e-02]
 [-2.91194029e-01  7.01741853e-02  1.86721720e-02  3.99931175e-02
   3.29737709e-01 -5.57272434e-02 -1.26690737e-01  1.23250877e-01
  -1.32754931e-01 -2.51935975e-01]
 [-3.22381502e-01 -1.74315047e-01 -1.73342508e-01 -1.54386940e-01
   1.04057229e-01 -2.47076127e-01  3.92281759e-01 -1.49022355e-01
  -8.45325657e-02 -4.73796798e-01]
 [ 1.65282744e-01 -2.27725188e-01 -4.56982098e-01 -5.80372914e-02
  -3.28620165e-01  1.25437572e-01 -4.02572635e-01  1.24449344e-02
  -1.46075289e-01 -5.82240789e-02]
 [-9.48450018e-01 -7.92976238e-01 -1.27715528e-01 -6.06225809e-01
   5.85472640e-02 -1.18679686e-01 -7.25504420e-01  1.51249292e-01
  -1.52823639e-01  6.95384041e-02]
 [-8.07123309e-01 -6.67758714e-01  4.74138162e-01 -1.37968559e-01
   1.72043926e-01 -1.82000716e-01 -1.24126670e-01  3.86454461e-01
  -3.26031618e-01  1.35938419e-02]
 [-1.68984508e-01 -3.03145560e-01 -5.13089422e-02 -1.25712469e-01
   2.35718567e-01 -2.14323463e-02  1.35140784e-01 -2.84186399e-01
  -1.21848684e-01 -4.03408563e-01]
 [-2.21470494e-01 -1.05319509e-01  2.43438498e-02 -8.95672933e-02
   3.87086272e-01  2.16294538e-02 -2.07854973e-01  8.12031955e-02
  -7.30645756e-02 -4.14106134e-01]
 [-4.71566778e-01 -5.70218000e-01 -1.45374876e-03 -1.88501277e-01
   6.12563345e-02  3.51716747e-01  2.08933406e-02 -8.27574450e-02
  -4.57005679e-01  1.26859662e-01]
 [-3.90539249e-01 -1.67437074e-01 -2.82607817e-01 -3.43954538e-01
   1.22261789e-01 -2.74022783e-01  3.39706032e-01 -2.52985850e-01
  -1.20720249e-01 -5.35664359e-01]
 [-7.75825921e-01 -2.56508287e-02 -2.45455200e-02  1.94387061e-01
  -9.38965122e-02  3.02552775e-02 -8.64431120e-02 -4.35106426e-01
   4.11522118e-01  2.17036374e-02]
 [-1.57761003e-01 -1.66909215e-01 -1.41048219e-01 -6.23902195e-02
   2.69242293e-01  3.30624549e-02  1.27891841e-01 -1.65725173e-01
  -4.34113908e-02 -4.20593176e-01]
 [-8.24962022e-01 -1.34650413e-01  7.42437159e-02  8.89211819e-02
   6.19222643e-02 -7.59767406e-01 -2.55434726e-01  2.97039773e-01
  -2.17901392e-01  2.21353392e-01]
 [-9.56957990e-01 -4.95222342e-01  1.14274221e-01 -1.27065807e-01
   1.99200685e-01 -5.26991033e-01 -2.54787028e-01  9.90400914e-02
  -2.80252991e-01  1.09163994e-01]
 [-6.92005202e-01  3.49961048e-01 -2.51015947e-01 -1.19494339e-01
   2.14815128e-01  5.00662730e-02  4.25352587e-02 -5.18964373e-01
  -1.05674787e-02  1.05592480e-01]
 [-1.03960815e+00 -2.81785106e-01 -1.17653274e-01 -2.08210298e-01
   1.71473726e-01 -2.87750545e-01 -4.01987026e-01  1.67414880e-01
  -7.96591633e-01  1.35990005e-01]
 [-7.73060391e-01 -6.64062136e-01  1.65095151e-01 -9.28567926e-02
  -5.56475667e-02 -1.68202138e-01 -9.13771207e-01 -1.89814953e-01
  -2.54802730e-01  2.62905023e-01]
 [-1.57324874e-01 -2.69275619e-01  4.46504390e-01 -3.27312457e-01
  -3.07344490e-01  6.85544424e-02  1.50848909e-01 -6.56424621e-01
  -7.20501180e-01 -4.30134314e-01]
 [-2.37740996e-01 -9.72627687e-02  5.31578158e-02 -9.44116524e-02
   2.58336997e-01  2.75946501e-02 -2.19335047e-01  1.70986596e-02
   1.30670013e-02 -3.33860414e-01]
 [-4.49876209e-01 -3.27269605e-01  2.15264179e-02 -1.04678622e-01
   1.32506299e-01  1.20485076e-01  2.94676274e-01 -1.89938300e-01
  -8.24570047e-02 -5.71785321e-01]
 [-2.72217871e-01 -3.55839204e-01  1.89469583e-01  4.38718228e-01
   9.22072621e-02  2.23798279e-02  1.29367815e-01 -6.11459001e-01
  -6.01054462e-01 -5.48883068e-01]
 [-2.13016827e-01 -4.64687419e-01 -3.78901502e-01 -1.58267547e-01
  -8.59796899e-02  2.77311815e-01  3.08466216e-01 -4.70985613e-01
  -4.54412442e-02 -6.16486485e-01]
 [-3.00384652e-01 -2.77608692e-01 -3.44759966e-01 -1.17193113e-01
   1.43795850e-01  1.66976878e-01  2.99520908e-01 -1.88806458e-01
  -2.47496451e-01 -4.26227630e-01]
 [ 4.74196869e-02 -3.66141988e-01 -5.76930992e-01 -4.66978567e-03
   7.11917776e-02  5.60861335e-01  3.25051035e-01 -4.92719302e-01
  -4.54826087e-01 -6.68017697e-01]
 [-7.72810338e-01  2.94096786e-01  2.58855912e-01 -3.37767992e-01
  -5.59368954e-01  4.31264794e-01  3.12802578e-01 -2.54613710e-01
  -6.68611604e-02 -4.19199757e-01]
 [-2.90583044e-01  1.53182312e-01  3.38005284e-02  3.86235124e-02
   4.03034603e-01 -6.92970134e-02 -1.22501553e-01  1.05182539e-01
  -1.36080886e-01 -3.79215360e-01]
 [ 3.05573715e-01 -1.20156698e+00 -5.43428251e-03 -2.76987922e-01
  -1.73391636e-01 -6.57207331e-03  5.32950591e-03 -1.00006186e+00
   2.07310061e-01 -2.09307720e-01]
 [-2.28561922e-01  3.39736964e-01 -1.58070763e-01 -2.25770058e-01
   2.15820829e-01  1.30339692e-01  8.45043468e-02 -6.78740614e-01
   6.93899472e-02  1.03514606e-01]
 [-2.17985066e-01  1.58871183e-01 -1.07316809e-01 -7.91113811e-02
   3.38610977e-01 -7.48504799e-02 -7.70123554e-02  1.68497811e-01
  -1.43774845e-01 -3.00672428e-01]
 [-4.46237049e-01  4.36312608e-02 -1.35298722e-02  6.49450852e-02
   1.95464710e-01  3.57106681e-01 -1.33051415e-01  3.50601057e-02
  -2.63095608e-01  2.60827451e-01]
 [-4.84264772e-01 -3.08652310e-01  4.71887013e-02 -9.18056857e-02
   1.29699805e-01  1.37787792e-01  2.87463749e-01 -1.39175983e-01
  -7.67735912e-02 -5.91414576e-01]
 [-8.51611086e-01  2.25967717e-02 -1.45368432e-01 -2.63973740e-01
   1.77447431e-01 -6.53832698e-01  8.66431687e-02  2.59657313e-01
  -3.06456629e-01  8.02496176e-02]
 [-7.27111801e-01 -6.83597593e-01 -2.92151598e-01 -7.17132222e-01
   1.08402253e-01 -4.18077131e-02 -6.16330518e-01  6.84764498e-02
  -1.27217415e-01  5.67550871e-02]
 [-3.43466062e-01 -3.65859985e-01  1.22685415e-01 -4.64298678e-02
   2.51595550e-01 -2.94509290e-02 -3.03323732e-01 -1.10671167e-01
   1.45512503e-01 -4.18768926e-01]
 [ 3.63367922e-01 -1.50951977e+00  5.87423883e-03 -3.06049100e-01
  -1.72432659e-01 -6.95420448e-02 -2.48797007e-02 -1.04620853e+00
   2.23741589e-01 -1.02120724e-01]
 [-2.33075659e-01 -4.77442911e-02  4.15457973e-02 -1.29420331e-01
   2.78793264e-01 -2.12205348e-03 -2.15597143e-01  7.47738305e-02
  -2.64347061e-02 -3.94381806e-01]
 [-9.80538474e-02 -3.91205777e-01 -5.59297312e-01 -6.38855835e-01
  -4.96039334e-02  4.69303247e-01  9.11894465e-02 -1.01490459e-01
  -1.35937207e-01  9.91819709e-02]
 [-1.13929696e+00  2.45138219e-01  1.80788844e-01 -2.05801412e-01
   8.85238581e-02 -3.56804316e-01 -5.32836999e-02 -1.18424837e-01
   1.80961579e-01 -1.03430200e-01]
 [-8.60087104e-02 -3.04229408e-01 -4.12013010e-01  1.10420758e-01
   1.68362894e-01 -2.58529773e-01  2.39247517e-01 -3.21070614e-01
  -2.40162483e-01 -4.16708099e-01]
 [-4.16369269e-01 -4.46232986e-01 -3.52798553e-01 -2.36594655e-01
   2.22428746e-01 -2.91537287e-02  1.76742644e-01 -1.03449457e-01
  -5.53042997e-01 -8.91765009e-02]
 [-1.26169540e-01  3.60748369e-02  1.04681809e-01  1.96888406e-01
   1.12266132e-01 -3.75786470e-01 -2.44963070e-01 -5.29287739e-01
   1.56379086e-01  1.31943544e-01]
 [-6.97845031e-01 -8.24287565e-02  1.56365374e-01  2.51086054e-01
  -3.18438710e-01 -5.92803991e-01  8.39923480e-02 -2.52953229e-01
  -3.57539547e-01 -5.40628669e-01]
 [-8.27808983e-01 -5.42738638e-01  1.42577246e-02 -2.13410014e-01
   6.89583655e-02 -7.65360992e-02 -6.27292767e-01  4.09839276e-02
  -5.61122419e-01  3.22777783e-01]
 [-9.89484733e-01  6.62673183e-02  2.26855059e-01 -2.76851494e-02
  -8.89786887e-02 -4.60360460e-02 -2.29736700e-01 -4.56659984e-01
   4.37948392e-01 -9.60437687e-03]
 [-9.14313649e-01 -5.32747275e-01 -3.37783148e-01 -1.75469606e-01
   1.04073703e-01  1.06635337e-01 -8.35440777e-01  8.06772722e-02
  -5.76617858e-01  3.11523662e-02]
 [-2.21988635e-01  1.22803953e-01  2.87562714e-01 -5.68221562e-01
  -1.23022054e-01  2.42983168e-01  7.08655935e-02 -3.40307236e-01
  -6.32078687e-01 -4.46317669e-01]
 [-2.87996462e-01  1.30382838e-01  1.28961740e-02  5.14299780e-02
   4.10171684e-01 -8.69103060e-02 -1.95278627e-01  1.31620465e-01
  -1.38274197e-01 -3.47889724e-01]
 [-7.30003125e-01 -5.33507606e-01  1.52073679e-01 -3.12525345e-01
   8.72016135e-02 -4.99753961e-02 -5.86784886e-01 -5.26203892e-01
  -4.15402092e-02  4.18371809e-01]
 [-2.53455082e-01 -8.22124951e-02 -4.34049315e-02  3.72657195e-01
  -1.10060572e-01 -2.18216141e-01  2.93497868e-01 -1.55659222e-01
  -1.45141355e-01 -1.99904232e-01]
 [ 2.95762882e-01 -6.64838124e-01  9.92288343e-02 -1.94304829e-02
  -4.83152042e-01 -3.50050454e-01 -2.59733294e-01 -3.89375626e-02
  -1.03850116e-01 -2.00787864e-01]
 [-6.32784094e-01 -5.46496264e-01  2.58062012e-01 -1.35957569e-01
   6.44394107e-02  5.74937695e-02 -1.91990200e-01 -2.43957164e-01
  -4.99685053e-01  3.79491113e-01]
 [-6.23329445e-01 -1.84595672e-02  2.90627245e-02  1.60092050e-01
  -1.18436557e-01 -2.09652765e-02 -7.87402650e-02 -4.89918845e-01
   4.27424621e-01  5.54725673e-03]
 [-2.47054493e-01  9.89526809e-02  4.86350588e-01 -3.54063196e-01
  -2.11643776e-01  1.09298245e-01  1.47499508e-01 -6.13756773e-01
  -6.00995172e-01 -6.12910211e-01]
 [-5.94731684e-03 -1.10314535e-01 -4.98608616e-01  1.46498637e-01
  -2.85558486e-01  1.69189622e-01 -3.63875233e-01  5.46918740e-02
  -2.92509410e-01 -8.51109249e-03]
 [ 3.64669212e-02 -5.66480429e-01 -4.23700048e-01 -6.67717810e-01
   1.13194061e-01  3.68128760e-01  2.96678149e-01 -5.29250950e-01
  -4.57462565e-01 -5.54770879e-01]
 [-3.28152428e-01  8.59208355e-02  3.84884664e-01 -1.61784760e-01
  -1.24838326e-01  6.54484461e-02  6.02338341e-02 -9.80898404e-01
  -4.68126968e-01 -7.88808539e-01]
 [ 3.14430071e-01 -1.92508374e+00  1.13353233e-02 -2.17872850e-01
  -1.60507703e-01 -7.28349854e-02 -5.99102408e-02 -1.08849019e+00
   1.44882881e-01 -1.56129381e-01]
 [-4.69015460e-01 -3.37295585e-01  1.18253287e-01 -2.27494567e-01
  -4.46601546e-02 -8.40926934e-02 -2.98781518e-01 -3.54304416e-01
  -2.46839670e-01  4.26740866e-01]
 [-2.03064711e-01 -1.87342006e-01 -3.65753519e-01 -1.54801337e-01
  -1.87844895e-02 -1.69652871e-01  3.82351684e-01 -1.52080160e-01
  -1.83340990e-01 -3.17073228e-01]
 [-6.98552942e-01 -1.21570269e+00  3.84617165e-01 -5.87687605e-01
   1.15681901e-01 -3.53283906e-01 -1.84422296e-02  5.12320967e-01
  -2.72000675e-01  1.90794766e-01]
 [ 1.69050579e-02 -3.21917707e-01 -1.13959100e-01 -5.06507672e-01
   2.56219902e-01 -2.92987457e-01  2.26704943e-01 -3.75636157e-01
  -3.00547650e-01 -5.08821430e-01]]