[[ 0.13832401  0.70498862  0.28017503  0.2270154   0.1069596   0.37095054
   1.06107024  0.68113113  0.74365072  0.294478    0.27423767  0.11829842
   0.32429508  0.18259597  0.19162938  0.68007841  0.92124881  0.8068631
   0.63717388  0.14934948  0.49283333  0.27161935  0.87264146  0.62128907
   0.62978732  0.31952822  0.69041859  1.02845987  0.48924128  0.18123786
   0.12579883  0.18430851  0.21681106  0.28362082  0.28871808  0.18518036
   1.03359869  0.40772487  0.23468628  0.66582485  0.35240904  0.19501426
   0.2219948   0.78057339  0.22404942  0.64523358  0.88481541  0.39520888
   0.83992117  0.17988731  0.89068111  0.82060142  0.61684865  0.78616931
   0.18233574  0.18406017  0.26549789  0.97890245  0.1951902   0.65216318
   0.87259693  0.78463184  0.35765826  0.17447475  0.18763126  1.02412083
   0.10323217  0.16356737  0.19918813  0.82613401  0.42844685  0.45854948
   0.31158967  0.24456411  0.82850954  1.01746317  0.30323596  0.70034385
   0.08750904  0.29309767  0.61350767  0.13680593  0.84888897  0.4871218
   0.31236071  0.05650017  0.80646995  0.21618931  0.85037978  0.22015792
   0.27851195  0.80268963  0.25079987  0.1833823   0.23387846  1.02472845
  -0.06211985  0.7290863   0.1769829   0.18570353  0.64946309  0.28987709
   0.7817454   0.87935561  0.17912895  0.21876805  0.84026206  0.78396216
   0.86158239  0.34848652  0.76359227  0.75899062  0.51990334  0.10997677
   0.37147136  0.64563722  0.96517189  0.60755185  0.21819221  0.2171254 ]]