[[ 0.59855674  0.09909085  0.53489599  0.64519884  0.91731456  0.59603813
   0.8999703   0.25481234  1.07537566  0.31856773  0.14216556  0.93487401
   0.8770574   0.77488798  0.34908063  1.14633663  0.5214204   0.76873012
   0.46506421  0.0280227   0.50776006 -0.20616094  0.73992608 -0.03784404
   0.17739629  0.24372948  0.8753698   0.0355244   0.56448974  1.15413431
   0.60697735  0.58755407  0.95349047  0.60925646  0.88645699  0.71194011
   0.8638103   0.2358244   0.57385878  0.88915563 -0.22262034  0.2187693
   0.65611221  0.61612992  0.63447108  0.33155926  0.47902131  0.56426346
   0.39648666  0.40297466 -0.25259545  0.32073454  0.02296862  0.88043504
   1.19684083  0.72391873  0.75888515  0.69378024  0.4439594   0.30237603
   0.801041    0.04477797  0.49521535  0.78353984  1.06586772  0.90136508
   0.68562368  0.89835967  0.53002126  0.42791919  0.66596646  0.70753583
   0.1776123   0.01612017  0.15352469  0.52412866 -0.02824906  0.80061846
   0.72176573  0.24759885  0.49905378  0.71103855  0.03832011  0.20025434]]