[[[-8.28411718e-06  2.23187907e-06 -1.18648828e-05  2.05097140e-05
   -3.19796322e-06  4.37561963e-06  9.24156394e-06  8.01895985e-06
   -1.11860434e-04 -6.69682313e-06  1.28253985e-05  1.96054367e-05
    1.38018669e-05  4.46342987e-05  1.81147908e-06  3.90707560e-07
    9.17999120e-06 -7.46940388e-06  4.02793288e-05  1.92413447e-05
   -3.24615066e-06  1.62990842e-05 -7.66333737e-06  1.99248893e-05
   -3.55889985e-06 -2.34825463e-05  8.15340215e-06  1.61684170e-05
    4.56687643e-05  7.91190169e-06  4.96491929e-06  9.61518245e-06
   -7.37543804e-06  1.28231532e-05  4.62553018e-05  7.42726749e-06
    3.60482252e-05  1.74328741e-07 -4.04946821e-07  4.12001731e-05
   -2.63555577e-06 -9.32686895e-06  3.98418421e-05  9.68440311e-06
    1.98695963e-05  4.37125973e-05  2.10565638e-05  3.38076434e-07
    2.27252350e-06  3.02307643e-07  7.06909628e-06 -2.06828679e-05
   -6.12612297e-06 -4.17834683e-06  6.36028588e-06  2.21284170e-06
    3.11696066e-06  7.99592280e-06 -2.05517867e-05  1.41471864e-07
   -4.79423156e-06  9.43518582e-06  8.70416301e-06 -3.51867132e-07
   -2.64911478e-05 -8.52216388e-06  3.03311246e-05 -2.98360894e-05
    3.92467639e-05  1.49496793e-05  3.05898675e-05 -9.01495163e-06
    1.37651702e-05  1.18089779e-05 -6.33188992e-05 -4.01792080e-05
   -2.79969552e-05 -7.25274671e-08  4.48057811e-07  1.59464934e-06
    5.61891858e-05 -1.73210165e-05 -2.64100754e-05  6.73800713e-06
    3.47835348e-06 -1.07490253e-05 -4.24878372e-05  1.15560917e-05
    3.01977202e-07 -4.97145936e-05  1.86254386e-06 -4.19979817e-05
    6.90250462e-06  5.42208201e-06  2.71329789e-06  6.16983151e-06
   -9.73667296e-06 -3.48161119e-05 -1.64609175e-06 -1.17114708e-05
    2.48715126e-05  1.93413970e-05  1.70713596e-05  1.03207608e-05
   -1.70967253e-07  4.35276763e-05 -7.14237468e-06 -4.64518936e-07
   -1.37876411e-05  5.20771803e-06  2.23257338e-05  6.13025945e-06
    7.97431192e-06  4.18591896e-05  7.87546225e-10 -1.05429337e-05
    1.87219045e-05  1.28588836e-05 -1.73417895e-06  1.35714552e-06]]

 [[ 2.10369413e-07  8.97402056e-08  1.95632804e-07  2.97580727e-08
    6.56240456e-08  7.52113017e-08  5.41238620e-08  4.95514335e-08
    2.50719012e-07  1.08634147e-07  1.69729938e-08  4.54205659e-08
    9.96321125e-08  1.11629093e-07  3.68983349e-08  3.44224890e-08
    1.03972021e-07  1.66528134e-07  5.21577130e-08  2.03230378e-07
    2.33841276e-07  5.86619812e-08  5.44751421e-08  6.12466362e-08
    7.57106176e-08  6.78417782e-08  4.93523087e-08  5.75353577e-08
    1.42712850e-07  3.47755695e-08  2.99221965e-08  6.56762311e-08
    1.76991877e-07  1.16994271e-07  3.89653246e-08  1.95648810e-08
    1.60171919e-07  1.51888131e-07  4.22042817e-08  1.10859786e-07
    8.13518000e-08  8.93971174e-08  4.73171484e-08  4.90618496e-08
    7.61514792e-08  8.75952128e-08  6.96105158e-08  8.53318558e-08
    7.55334672e-08  8.15450894e-08  4.19278172e-08  8.53202592e-08
    7.86196586e-08  1.35715931e-07  8.02992345e-08  2.88028533e-08
    1.21536376e-07  1.20968868e-07  1.77550747e-07  6.79124922e-08
    3.05565156e-07  1.10727884e-07  4.06166553e-08  8.54878959e-08
    4.02140432e-07  6.07002824e-08  2.64419923e-07  4.64914330e-07
    3.41742701e-08  3.17709515e-07  1.39407345e-07  9.83342430e-08
    1.51018713e-07  2.79759859e-08  4.41769666e-07  2.02422070e-07
    7.25746755e-08  6.65559274e-08  1.27507464e-07  3.36933070e-08
    1.85556143e-07  4.09329146e-07  1.41792339e-07  1.62187185e-07
    5.07045078e-08  9.03780592e-08  3.15317310e-07  1.74137472e-07
    9.47519502e-08  1.88446892e-07  4.47062473e-08  3.35577598e-07
    1.67949773e-07  1.69039843e-07  3.45292374e-08  1.44096533e-07
    4.45432802e-08  5.62783711e-08  8.36545440e-08  3.51765466e-08
    6.28138664e-08  3.09121768e-08  2.10646320e-07  9.64672829e-08
    9.50222130e-08  1.12915392e-07  2.17143883e-07  7.72700033e-08
    1.09270463e-07  3.28688655e-08  2.03770693e-07  5.93628823e-08
    1.05438802e-07  1.07409393e-07  3.96674522e-11  3.52993458e-08
    5.46359906e-08  6.57912863e-08  4.14379675e-09  1.41410860e-07]]]