[[[[ 3.79922906e-05]]

  [[-4.62258642e-05]]

  [[ 3.46675299e-04]]

  [[ 7.00500055e-05]]

  [[-5.62040643e-05]]

  [[ 3.77104114e-05]]

  [[-7.32268216e-06]]

  [[-1.89097143e-04]]

  [[ 9.47909397e-05]]

  [[ 2.07640251e-04]]

  [[ 7.96022133e-05]]

  [[ 1.09887224e-04]]

  [[-2.20196823e-04]]

  [[ 4.58308358e-05]]

  [[ 1.83587168e-05]]

  [[ 2.37202532e-04]]]


 [[[ 1.77885075e-05]]

  [[ 1.56709153e-05]]

  [[ 1.36184521e-05]]

  [[ 1.61962388e-05]]

  [[ 2.11366473e-05]]

  [[ 1.94982781e-05]]

  [[ 1.96457322e-05]]

  [[ 1.70167622e-05]]

  [[ 1.69394551e-05]]

  [[ 1.35772414e-05]]

  [[ 2.23995229e-05]]

  [[ 2.11280588e-05]]

  [[ 1.62479596e-05]]

  [[ 2.06116001e-05]]

  [[ 2.01301991e-05]]

  [[ 1.35969344e-05]]]]