[[[-5.20976676e-05 -3.00033284e-05 -7.91717321e-05 -1.01442362e-05
    4.70095688e-06  2.97298435e-05 -5.23448209e-05 -7.48375993e-06
   -1.24808106e-05  1.83510863e-05 -3.62933722e-05 -2.28947931e-05
   -1.03820215e-05 -1.73332195e-05 -1.32013173e-05  7.51363213e-06
   -2.33737084e-05 -6.60841712e-06 -8.35508625e-06  6.15769216e-06
   -1.27592415e-05 -5.52214877e-06 -1.99290741e-08  3.28162646e-06
   -2.93267967e-06 -2.56973185e-06  2.33557166e-06 -3.77140573e-05
   -4.00828141e-06 -2.85610862e-05  1.63232253e-05 -1.57594808e-05
   -4.95751228e-05 -1.07230732e-05 -2.47594629e-05 -5.75877868e-06
    5.07149647e-06 -2.00020697e-06  4.20321580e-06 -3.94487530e-05
   -1.09993971e-05  2.44118666e-06 -4.01872688e-06  3.67982780e-05
   -3.81325361e-05  7.16608333e-06 -8.81416212e-06  1.41910704e-05
   -2.09373672e-05 -1.37291676e-05 -4.54669004e-05  9.98475508e-06
   -2.91884560e-05 -2.00471160e-06 -1.46039854e-05  1.68670779e-06
   -3.43113479e-05 -3.55717099e-05 -5.76375976e-06 -1.47209240e-05
    1.25537268e-06 -8.69200331e-06  9.75682555e-06 -2.77824421e-05
   -3.13394456e-05 -1.89835045e-05 -3.46691721e-05  1.03206948e-05
   -2.26876132e-05 -6.76465420e-06 -3.73615192e-06 -2.75614784e-05
   -4.95231288e-06  8.34951998e-07 -2.70347026e-06  2.96831968e-05
   -6.50614405e-06 -1.29498038e-05 -1.83527424e-05 -3.76474300e-05
   -1.87584114e-05 -3.52367536e-05 -1.43272509e-05 -2.30014670e-06]]

 [[ 1.35021617e-07  1.14701391e-07  2.59254771e-07  6.91377974e-08
    1.81377519e-07  1.93180237e-07  1.09836136e-07  6.38235394e-08
    4.98188049e-08  8.76728223e-08  2.29308154e-07  7.96209442e-08
    1.31407584e-07  1.82981417e-07  1.45052289e-07  1.34317771e-07
    9.61530714e-08  1.16307640e-07  1.00888546e-07  1.89998961e-07
    1.74297263e-07  1.88235762e-07  2.35621531e-08  9.09580922e-08
    4.02678092e-08  6.81757185e-08  1.71876247e-07  1.60520660e-07
    1.36500493e-07  2.62924387e-07  1.34512407e-07  1.68243525e-07
    9.37976228e-08  4.70768690e-08  7.70914213e-08  1.13370483e-07
    7.36876395e-08  1.97473663e-07  6.82099872e-08  1.29151491e-07
    1.46601840e-07  2.56410653e-07  1.21923166e-07  1.75559553e-07
    1.37985163e-07  5.95304247e-08  1.50300303e-07  5.71285749e-08
    1.21064272e-07  8.53460302e-08  1.18588831e-07  1.00480079e-07
    1.28551050e-07  1.31453321e-07  8.51059282e-08  2.21288046e-08
    1.19007612e-07  1.64802699e-07  3.92980661e-08  1.27786370e-07
    1.77309763e-07  1.23881825e-07  1.65792719e-07  6.92046451e-08
    6.62455293e-08  5.89120837e-08  1.53301171e-07  1.60326632e-07
    9.48905304e-08  6.19500398e-08  1.94065709e-07  6.01044028e-08
    1.59035332e-07  4.00611986e-08  1.30885406e-07  7.93609952e-08
    1.61504101e-07  1.16566918e-07  1.41942771e-07  1.17799099e-07
    7.50821166e-08  2.08451570e-07  1.26515727e-07  3.72771614e-08]]]