[[[[[ 1.16384845e-05  9.20933347e-05  1.36424365e-04  1.11942832e-04
      8.63562079e-05]
    [ 9.34317873e-05  1.38851771e-04  1.47533094e-04  1.65926789e-04
      9.49035544e-05]
    [-2.88152180e-05  9.36275603e-05  2.14355931e-04  1.29877939e-04
     -2.55196707e-05]
    [-1.01940440e-05  1.31965123e-04  2.02742918e-04  1.14525481e-06
     -1.16770634e-04]
    [ 8.00924683e-05  1.66154024e-04  1.41016470e-04 -3.23447238e-05
     -7.21996089e-05]]

   [[ 5.42319723e-05  4.08189652e-05  1.07170057e-04  1.08167213e-04
      7.47461136e-05]
    [-1.07337124e-04 -7.51009669e-05 -2.66575345e-05 -7.04984936e-06
     -2.33798077e-05]
    [-1.17614994e-04  4.67224928e-05  4.20308345e-06 -1.25064985e-04
     -1.59227633e-04]
    [-1.05936656e-06  1.14442598e-04  5.75034786e-05 -6.82365999e-05
     -1.35725790e-04]
    [ 1.37642266e-05  6.72670780e-05  1.23685935e-04  1.34271850e-04
      4.55412085e-05]]

   [[ 6.78988070e-05  1.13727658e-04  1.41137260e-04  1.42406056e-04
      1.19448430e-04]
    [-8.41515374e-05 -2.65605761e-05  4.99212441e-05  6.58027983e-05
      1.81737926e-06]
    [-9.18448512e-05  9.94093830e-05  7.79859198e-05 -9.20724107e-05
     -1.49978502e-04]
    [ 1.39240093e-05  1.74487324e-04  1.06420970e-04 -8.70845964e-05
     -1.29276650e-04]
    [ 2.99674529e-05  8.32019882e-05  1.22007652e-04  6.26684348e-05
     -2.66934088e-06]]

   [[-7.10928545e-05 -1.34831957e-04  8.08215484e-05  9.42423067e-05
      5.62702339e-05]
    [-7.19188283e-05 -1.00045765e-04  1.22845318e-04  1.56493124e-04
      8.08410498e-05]
    [-1.30453157e-04 -8.83724241e-05  1.73418095e-04  2.13094569e-04
      4.93000379e-05]
    [-8.51472649e-05 -2.87870269e-05  2.39376996e-04  2.11650972e-04
     -7.04022073e-05]
    [-4.27123617e-05 -2.00829189e-05  2.35502035e-04  1.92887171e-04
     -1.08685532e-04]]

   [[ 5.16564820e-05  1.08461409e-04  1.43210332e-04  1.09296498e-04
      9.90604221e-05]
    [-8.37786562e-05 -2.41921438e-05  4.41800358e-05  2.26611776e-05
     -2.09036155e-05]
    [-7.72491779e-05  1.11059142e-04  7.66004618e-05 -1.15407268e-04
     -1.48216158e-04]
    [ 3.80399900e-05  1.82979857e-04  1.02196096e-04 -1.14210790e-04
     -1.30644202e-04]
    [ 7.40991629e-05  9.86018119e-05  1.27960257e-04  5.00853100e-05
      1.12890543e-05]]

   [[ 6.78040048e-05  7.70430608e-05  1.23037848e-04  1.34609640e-04
      9.83217439e-05]
    [-8.84861436e-05 -3.57578724e-05  1.39554136e-05  3.88416811e-05
      6.90341803e-06]
    [-7.74579945e-05  5.92950277e-05  5.84834483e-07 -9.78193535e-05
     -1.57009012e-04]
    [ 4.02833317e-05  1.16164216e-04  3.81756063e-05 -6.50584644e-05
     -1.51188231e-04]
    [ 4.36227405e-05  6.05914377e-05  1.03222451e-04  1.08775365e-04
      1.39918064e-05]]]


  [[[ 9.69704075e-05  1.45161264e-04  1.47476290e-04  9.82029724e-05
      6.27630308e-05]
    [ 9.81885352e-05  2.68009162e-05 -2.99403232e-05 -3.33088831e-06
     -3.26077253e-05]
    [-1.45056389e-04 -5.65354589e-05  1.02725860e-04  7.11752072e-05
     -8.66033421e-05]
    [-1.32277494e-04  8.50165319e-05  2.26893202e-04  4.73952070e-05
     -1.04817634e-04]
    [-2.13654496e-06  9.58359551e-05  8.91405087e-05 -7.27234193e-05
     -1.27428043e-04]]

   [[-2.02494840e-05 -7.22624595e-05 -1.52774539e-05  1.36050417e-05
      2.73055679e-05]
    [-2.30346864e-04 -1.78987069e-04 -7.52766469e-05 -1.53624860e-06
      8.78130229e-06]
    [-1.94517076e-04  4.91174795e-05  8.96297525e-05 -2.59437434e-05
     -8.24971562e-05]
    [-4.15696587e-05  7.32613942e-05  1.26032204e-05 -1.22354757e-04
     -1.83453631e-04]
    [ 2.28617635e-05  2.63122328e-05  3.93439806e-05  4.03211632e-05
     -5.33562484e-05]]

   [[ 1.78767041e-05  1.79050713e-05  2.51268744e-05  2.68350035e-05
      4.57785198e-05]
    [-2.00396545e-04 -1.52678252e-04 -3.52103414e-05  3.85501002e-05
     -1.00207738e-05]
    [-1.84891288e-04  7.38279859e-05  1.20028044e-04 -1.76153800e-05
     -9.07570230e-05]
    [-3.92105392e-05  1.31655958e-04  4.92603280e-05 -1.53335129e-04
     -1.73260421e-04]
    [ 3.83237800e-05  4.28373673e-05  4.70315085e-05 -3.39117608e-05
     -1.04207460e-04]]

   [[-3.79553957e-05 -4.52145652e-05  1.52132220e-04  1.36354477e-04
      8.18266565e-05]
    [-5.02838956e-05 -1.44670603e-04  2.00613377e-05  3.77070451e-05
      6.01984539e-06]
    [-2.09452032e-04 -2.52391229e-04  2.91044965e-06  7.78180585e-05
      4.56728747e-06]
    [-2.19520666e-04 -1.33874964e-04  1.72564700e-04  2.06250722e-04
     -2.27494469e-05]
    [-1.32094516e-04 -7.52657313e-05  1.76012031e-04  1.85654491e-04
     -1.04419121e-04]]

   [[ 8.09890239e-06  3.10388196e-06  2.02040531e-05  2.25514467e-06
      2.54672228e-05]
    [-2.02771274e-04 -1.59681766e-04 -3.71639657e-05  1.18460487e-05
     -2.63787244e-05]
    [-1.66646212e-04  8.66271780e-05  1.30251434e-04 -2.62041388e-05
     -9.13878023e-05]
    [-2.83396312e-06  1.48522904e-04  5.49063828e-05 -1.64719149e-04
     -1.78832098e-04]
    [ 8.61345901e-05  5.92272732e-05  5.90734002e-05 -3.14531111e-05
     -8.28604114e-05]]

   [[-1.23774329e-05 -3.83996518e-05 -2.75827940e-07  3.95025680e-05
      5.31605389e-05]
    [-2.14225869e-04 -1.38916783e-04 -3.24331297e-05  5.12930485e-05
      3.98376121e-05]
    [-1.48322884e-04  6.66072250e-05  7.40600052e-05 -6.80860048e-06
     -8.34095928e-05]
    [ 4.31556172e-06  8.00643627e-05 -2.78695227e-05 -1.41057502e-04
     -2.04949056e-04]
    [ 4.20980855e-05  1.05781445e-05  2.35836246e-06  4.71611373e-06
     -9.26644631e-05]]]


  [[[ 2.39450045e-04  2.86122016e-04  3.07874091e-04  2.43138233e-04
      1.85150539e-04]
    [ 2.01171684e-04  2.44350039e-04  2.82346256e-04  2.43038077e-04
      1.34694733e-04]
    [ 8.03940325e-05  2.19397659e-04  2.75212038e-04  1.44628969e-04
      5.51091003e-05]
    [ 1.79822431e-04  2.15633511e-04  1.40325596e-04  3.19844938e-05
      9.26938508e-05]
    [ 2.28052421e-04  1.19967478e-04  8.79036675e-05  6.44424937e-05
      5.48464284e-05]]

   [[ 1.50769298e-04  1.26083264e-04  1.98533407e-04  1.84769897e-04
      1.30268432e-04]
    [-4.64235407e-05  1.26049825e-05  4.86767453e-05  4.89620636e-05
      7.61510202e-05]
    [ 7.26198194e-07  9.94694145e-05 -2.79236314e-05 -1.04402209e-04
      2.63169411e-05]
    [ 8.34770938e-05  8.88307975e-05  2.44435816e-05  1.85264179e-05
      4.10235449e-05]
    [ 1.15828160e-04  1.62069952e-04  2.60824390e-04  3.02805837e-04
      1.68221427e-04]]

   [[ 1.94876850e-04  2.19526565e-04  2.42907503e-04  2.11179013e-04
      1.70691616e-04]
    [ 7.15066900e-06  1.17922227e-04  1.42028546e-04  1.11180748e-04
      1.08450307e-04]
    [ 4.38689744e-05  2.00308356e-04  6.41684086e-05 -6.16318784e-05
      6.27252947e-05]
    [ 1.28839608e-04  1.60690663e-04  8.79839836e-05  3.26131009e-05
      7.60310146e-05]
    [ 1.55116766e-04  1.92859939e-04  2.84786894e-04  2.49320983e-04
      1.24005726e-04]]

   [[ 2.45465642e-04  1.32023764e-04  2.62329188e-04  2.37796310e-04
      2.44230009e-04]
    [ 1.50225277e-04  1.26570354e-04  3.10909596e-04  2.54785683e-04
      2.00470067e-04]
    [ 6.88237955e-05  2.01027385e-04  3.88827806e-04  2.29486153e-04
      9.12914431e-05]
    [ 1.91619595e-04  2.91456439e-04  4.03550662e-04  2.23057258e-04
      4.72900838e-05]
    [ 2.28606796e-04  1.81593858e-04  2.82212315e-04  2.61503366e-04
      8.73010620e-05]]

   [[ 1.85709865e-04  2.00777522e-04  2.35416077e-04  1.84117895e-04
      1.42035763e-04]
    [ 1.14564874e-05  1.00850673e-04  1.36226014e-04  8.92958364e-05
      8.59922446e-05]
    [ 6.67263496e-05  2.00811411e-04  6.71555852e-05 -6.43270302e-05
      7.66809197e-05]
    [ 1.55871696e-04  1.62375588e-04  7.77506811e-05  5.05629382e-06
      7.32763023e-05]
    [ 1.92599803e-04  2.02999144e-04  2.86323907e-04  2.36114729e-04
      1.35343773e-04]]

   [[ 1.63563011e-04  1.62573589e-04  2.12562756e-04  1.96411304e-04
      1.39865603e-04]
    [-2.71322686e-06  7.16321821e-05  7.94139563e-05  8.48235502e-05
      1.05835918e-04]
    [ 5.11934758e-05  1.19169264e-04 -4.08655658e-05 -7.11224725e-05
      3.99368729e-05]
    [ 1.08206641e-04  7.96417939e-05  1.16731194e-05  3.74464854e-05
      2.76946924e-05]
    [ 1.22148946e-04  1.46917624e-04  2.50015016e-04  2.96097244e-04
      1.34321378e-04]]]


  [[[ 1.47587613e-04  1.81459171e-04  2.04788995e-04  1.77600614e-04
      1.39454859e-04]
    [ 1.40060265e-04  9.22303155e-05  7.94765694e-05  1.05993788e-04
      4.35351637e-05]
    [-8.32223028e-05  2.93930140e-05  1.71500028e-04  9.91086741e-05
     -6.04778177e-05]
    [-3.32316233e-05  1.49213718e-04  2.25473059e-04  4.03628980e-05
     -6.48130983e-05]
    [ 9.65020443e-05  1.29572979e-04  1.03572190e-04 -2.52739160e-05
     -7.54057429e-05]]

   [[ 3.63893912e-05 -5.79550290e-06  6.64048547e-05  8.72357010e-05
      7.37472395e-05]
    [-1.77605212e-04 -1.17289385e-04 -3.20456907e-05  6.89170063e-06
      1.97342177e-05]
    [-1.35022493e-04  7.45227003e-05  5.70232649e-05 -6.16226126e-05
     -5.88569707e-05]
    [-3.42456952e-06  7.99516876e-05  1.50882227e-05 -7.12184594e-05
     -1.06056095e-04]
    [ 2.74065945e-05  3.68633884e-05  9.46148097e-05  1.35100093e-04
      2.51542129e-05]]

   [[ 7.27777493e-05  8.09334739e-05  1.06620420e-04  1.06354775e-04
      1.00696033e-04]
    [-1.48985180e-04 -7.48688529e-05  2.36552903e-05  5.59601861e-05
      1.06911631e-05]
    [-1.21205849e-04  1.21365964e-04  1.11796412e-04 -4.24298914e-05
     -6.29437077e-05]
    [ 2.34414006e-05  1.48871558e-04  6.43392868e-05 -9.33873634e-05
     -9.42388974e-05]
    [ 6.47895066e-05  5.60614795e-05  1.03201514e-04  5.83432667e-05
     -3.27341565e-05]]

   [[ 6.58659211e-05 -9.31822977e-06  1.56697072e-04  1.64830537e-04
      1.52786016e-04]
    [ 2.20520044e-05 -8.20621687e-05  9.71428671e-05  1.28047969e-04
      9.31950810e-05]
    [-1.27738801e-04 -1.31931041e-04  1.20338380e-04  1.52449905e-04
      4.47385785e-05]
    [-9.65862975e-05 -9.61528830e-06  2.53149091e-04  2.29454202e-04
     -1.58357847e-06]
    [ 1.99889414e-06  1.53575699e-05  2.12895933e-04  2.15888728e-04
     -4.34360300e-05]]

   [[ 6.28542473e-05  6.59963310e-05  1.03446815e-04  8.24757543e-05
      7.80083843e-05]
    [-1.51253356e-04 -8.46348616e-05  2.30348072e-05  3.11187606e-05
     -7.18647745e-06]
    [-1.02216332e-04  1.31881838e-04  1.21978980e-04 -4.95424293e-05
     -6.11156394e-05]
    [ 5.73741794e-05  1.63602023e-04  6.83885894e-05 -1.09889953e-04
     -1.03065922e-04]
    [ 1.06617704e-04  7.45093706e-05  1.17938169e-04  5.71435080e-05
     -1.50045514e-05]]

   [[ 4.46645215e-05  3.08694859e-05  8.37296190e-05  1.07790992e-04
      9.14543217e-05]
    [-1.59080877e-04 -7.49336358e-05  5.68053473e-06  5.08245359e-05
      4.70331806e-05]
    [-9.23935776e-05  8.81599294e-05  3.83486837e-05 -4.05461481e-05
     -5.88581519e-05]
    [ 3.75560993e-05  8.18038570e-05 -1.59353257e-05 -7.84905615e-05
     -1.29276881e-04]
    [ 4.35106587e-05  2.23755285e-05  6.81266552e-05  1.03132554e-04
     -2.03111778e-05]]]


  [[[-4.33604191e-06  7.86435261e-05  1.20403609e-04  9.30598165e-05
      6.83074155e-05]
    [ 7.97375213e-05  1.04647444e-04  9.17638417e-05  1.08566535e-04
      5.24573015e-05]
    [-8.80960696e-05  3.91340889e-05  1.81991888e-04  1.10948805e-04
     -5.56750261e-05]
    [-7.91730137e-05  1.05080120e-04  2.02550018e-04 -6.29211814e-06
     -1.57293919e-04]
    [ 4.65834043e-05  1.50889191e-04  1.14212082e-04 -8.01721878e-05
     -1.29785035e-04]]

   [[ 9.14638864e-06 -9.49580543e-06  5.82114617e-05  6.46145081e-05
      4.07215634e-05]
    [-1.81072229e-04 -1.42063316e-04 -6.55884202e-05 -2.87910427e-05
     -4.33233669e-05]
    [-1.84893221e-04  1.25148062e-05  8.05225126e-06 -1.20655668e-04
     -1.73857238e-04]
    [-3.69382156e-05  9.25024674e-05  2.98308504e-05 -1.12471672e-04
     -1.88251607e-04]
    [-1.07144118e-05  2.96592876e-05  6.83168402e-05  7.96151007e-05
     -1.03587708e-05]]

   [[ 2.53522677e-05  6.94995973e-05  9.59146023e-05  9.29496969e-05
      8.06044881e-05]
    [-1.57834509e-04 -1.00519385e-04  6.35175199e-07  3.78446215e-05
     -2.67933933e-05]
    [-1.57042429e-04  5.89266470e-05  6.50574548e-05 -9.81045026e-05
     -1.73264985e-04]
    [-1.91462846e-05  1.56022936e-04  6.77926565e-05 -1.46860500e-04
     -1.89408405e-04]
    [ 5.99267329e-06  4.31722891e-05  5.86927893e-05 -5.03962834e-06
     -6.73186922e-05]]

   [[-1.35814074e-04 -1.75211470e-04  6.37175110e-05  8.28290201e-05
      3.67068909e-05]
    [-1.20297467e-04 -1.59891307e-04  7.22817313e-05  1.14520364e-04
      4.73105964e-05]
    [-2.07348171e-04 -1.82165033e-04  1.02059798e-04  1.70495116e-04
      3.56496245e-05]
    [-1.89687779e-04 -1.16635534e-04  1.85533787e-04  1.90119702e-04
     -8.13185676e-05]
    [-1.14055186e-04 -7.33477655e-05  1.91249979e-04  1.56613379e-04
     -1.55788454e-04]]

   [[ 1.14970168e-05  6.34907340e-05  9.71909783e-05  6.28781652e-05
      6.18720059e-05]
    [-1.57380077e-04 -9.71901448e-05 -4.34037907e-06 -2.87752741e-06
     -4.86797163e-05]
    [-1.41182839e-04  7.33021783e-05  6.65342524e-05 -1.19849465e-04
     -1.74549016e-04]
    [ 1.17861258e-05  1.66694000e-04  6.70356652e-05 -1.69530319e-04
     -1.92622662e-04]
    [ 5.51854859e-05  5.87306806e-05  6.82606707e-05 -1.15224596e-05
     -4.93190058e-05]]

   [[ 2.35778137e-05  2.85325169e-05  7.61766630e-05  9.30751303e-05
      6.70711187e-05]
    [-1.64050117e-04 -1.03340842e-04 -2.23119394e-05  2.12899657e-05
     -1.16492014e-05]
    [-1.40305208e-04  2.91690421e-05  1.69868307e-06 -9.59896622e-05
     -1.74947882e-04]
    [ 1.41219330e-05  9.96657649e-05  9.59259846e-07 -1.20590897e-04
     -2.08551491e-04]
    [ 2.14948159e-05  2.11288146e-05  3.93391911e-05  4.45741166e-05
     -4.86030533e-05]]]


  [[[-6.37085083e-05 -8.40477755e-06 -2.30490860e-05 -6.80141676e-05
     -4.28609512e-05]
    [-3.29307389e-05  8.34944089e-05  1.25486188e-04  1.15749409e-04
      5.80752060e-05]
    [-4.45331690e-05  1.00349612e-04  1.38014248e-04  4.97202269e-05
      2.25815668e-05]
    [ 7.81796754e-05  9.33787517e-05 -1.46662113e-05 -1.12932938e-04
     -1.38094860e-05]
    [ 9.15334111e-05  7.56505663e-05  1.82789748e-05 -1.47883524e-05
      3.97560960e-05]]

   [[ 7.06485400e-05  6.60062848e-05  1.31240372e-04  1.12458349e-04
      5.93333869e-05]
    [-6.11922407e-05 -3.25047060e-05 -2.59016433e-05 -2.94922658e-05
     -1.04527897e-05]
    [-5.96198389e-05  2.86296569e-05 -1.34300840e-04 -2.47811770e-04
     -1.43447095e-04]
    [ 3.23537519e-05  9.54131752e-05 -1.07137427e-05 -7.69666394e-05
     -3.65736848e-05]
    [ 1.74576707e-05  1.08310191e-04  1.76145018e-04  2.04437493e-04
      1.31690673e-04]]

   [[ 7.61105917e-05  1.16385754e-04  1.35050716e-04  1.38062435e-04
      1.12672767e-04]
    [-2.47358257e-05  5.78498331e-05  6.90469655e-05  4.78730656e-05
      3.48372814e-05]
    [-1.65817857e-05  1.24660704e-04 -4.21859107e-05 -1.99074403e-04
     -1.08514568e-04]
    [ 4.34541042e-05  1.47381027e-04  3.70213770e-05 -6.31944899e-05
     -1.59633937e-05]
    [ 1.75583166e-05  1.22628318e-04  1.85981019e-04  1.64395016e-04
      9.05408603e-05]]

   [[-2.76540413e-05 -1.38656988e-04 -4.06889253e-05 -1.04044240e-04
     -7.90492240e-05]
    [-7.29398346e-05 -6.27919640e-05  5.41565643e-05 -1.43170550e-06
      1.05973823e-05]
    [-8.95107898e-05  4.60215403e-05  1.78673512e-04  7.04400487e-05
     -2.81781572e-05]
    [ 2.29458454e-05  1.09169961e-04  1.77131632e-04  8.82959300e-06
     -1.40013319e-04]
    [-6.98753492e-06  9.36890572e-07  1.28328479e-04  6.20285052e-05
     -6.03300008e-05]]

   [[ 5.85758731e-05  1.03214637e-04  1.27864779e-04  1.00309677e-04
      8.92882286e-05]
    [-1.65438391e-05  5.25347720e-05  4.85050080e-05 -1.50437228e-06
      1.57070617e-05]
    [-4.23838533e-06  1.22127327e-04 -5.07842699e-05 -2.18997922e-04
     -8.90895108e-05]
    [ 5.18112453e-05  1.34509391e-04  2.74342733e-05 -8.69718269e-05
     -8.07014284e-06]
    [ 4.99587928e-05  1.23452479e-04  1.84025756e-04  1.52351920e-04
      9.57784777e-05]]

   [[ 8.48222655e-05  1.06144997e-04  1.54134438e-04  1.39761457e-04
      7.73572434e-05]
    [-2.33871131e-05  3.22465343e-05  2.02310866e-05  8.31746994e-06
      1.59145658e-05]
    [-1.58066449e-05  5.22201345e-05 -1.19959333e-04 -2.10596516e-04
     -1.29823165e-04]
    [ 4.99162852e-05  8.36345508e-05 -2.70713650e-06 -4.60107792e-05
     -3.73682937e-05]
    [ 3.73208152e-05  9.73175230e-05  1.82991902e-04  2.12608157e-04
      1.09885068e-04]]]


  [[[-4.80081086e-06  1.05534892e-04  1.44052316e-04  1.04271194e-04
      8.34914227e-05]
    [ 1.02353589e-04  1.56099370e-04  1.50220504e-04  1.50995539e-04
      8.03693442e-05]
    [-5.18848047e-05  9.02600418e-05  2.15594169e-04  1.27261151e-04
     -2.52979543e-05]
    [-2.71978585e-05  1.39773556e-04  1.76920340e-04 -3.18165920e-05
     -1.38297964e-04]
    [ 1.04356039e-04  1.81130227e-04  1.03504502e-04 -8.12205498e-05
     -1.11874624e-04]]

   [[ 6.31071683e-05  4.44859567e-05  1.11840231e-04  1.01201793e-04
      5.53364926e-05]
    [-1.44010156e-04 -1.03762641e-04 -3.45909061e-05 -1.91191652e-05
     -3.37680750e-05]
    [-1.45106867e-04  4.83309587e-05  1.02214203e-06 -1.46997826e-04
     -1.67332646e-04]
    [ 3.71720431e-05  1.57196266e-04  4.40138755e-05 -1.09672976e-04
     -1.56527873e-04]
    [ 4.68615857e-05  9.74106621e-05  1.17466976e-04  1.11167205e-04
      2.24663739e-05]]

   [[ 8.01894138e-05  1.23872904e-04  1.44055243e-04  1.29105836e-04
      1.01090747e-04]
    [-1.13018278e-04 -4.60241354e-05  4.49396886e-05  5.50618171e-05
     -1.20706553e-05]
    [-1.13985275e-04  1.05937094e-04  6.60923008e-05 -1.21037060e-04
     -1.67352383e-04]
    [ 5.07668974e-05  2.10764621e-04  7.71953686e-05 -1.43028056e-04
     -1.65860703e-04]
    [ 5.51085249e-05  9.86316763e-05  1.04448868e-04  3.14948668e-05
     -3.55987183e-05]]

   [[-1.30199334e-04 -1.70982949e-04  8.11596861e-05  1.08789812e-04
      7.85362311e-05]
    [-1.00952085e-04 -1.14165044e-04  1.26298154e-04  1.55392036e-04
      9.27225508e-05]
    [-1.85698281e-04 -1.17977657e-04  1.67851623e-04  1.93213048e-04
      4.46296550e-05]
    [-1.55153870e-04 -6.12227946e-05  2.21056430e-04  1.87046940e-04
     -8.32757008e-05]
    [-7.14279015e-05 -2.55707610e-05  2.24461855e-04  1.79546746e-04
     -1.20733108e-04]]

   [[ 6.44202235e-05  1.18924754e-04  1.42946919e-04  9.27770454e-05
      7.86318908e-05]
    [-1.13278551e-04 -4.38443176e-05  3.17829066e-05  3.86713078e-06
     -3.73201021e-05]
    [-1.01676880e-04  1.13464860e-04  5.98529308e-05 -1.48869363e-04
     -1.68620936e-04]
    [ 7.49948771e-05  2.10706126e-04  6.85826631e-05 -1.69603470e-04
     -1.69182058e-04]
    [ 9.96334067e-05  1.10701869e-04  1.08828954e-04  2.02112929e-05
     -2.19615181e-05]]

   [[ 7.85475918e-05  8.61190438e-05  1.31186664e-04  1.27865601e-04
      8.03052887e-05]
    [-1.25282125e-04 -6.12642342e-05  9.97404329e-06  2.83177351e-05
     -1.50811286e-06]
    [-1.03177756e-04  6.45922352e-05 -2.30315089e-06 -1.20204460e-04
     -1.65509468e-04]
    [ 7.97781161e-05  1.55872208e-04  1.74400546e-05 -1.11183636e-04
     -1.74252777e-04]
    [ 7.30673551e-05  7.87631605e-05  8.77240665e-05  8.23300296e-05
     -1.36278403e-05]]]


  [[[ 5.69789511e-05  1.23676151e-04  4.67096559e-05 -1.07890609e-04
     -1.37591258e-04]
    [ 8.54559283e-05  7.05378927e-06 -1.56514402e-04 -2.03197935e-04
     -1.84749270e-04]
    [-1.30787963e-04 -5.36737952e-05  5.20617699e-05  5.10495006e-05
     -6.24698999e-05]
    [-2.01490883e-04  4.70728893e-05  2.31239443e-04  1.00912545e-04
     -8.60348110e-05]
    [-1.04416709e-04  7.14011358e-05  1.08864051e-04 -8.42172554e-05
     -2.07049024e-04]]

   [[-2.86964799e-05 -9.71906625e-05 -7.65830157e-05 -8.30306108e-05
     -6.82313205e-05]
    [-2.39389394e-04 -1.44424832e-04 -2.23799503e-05  7.01035049e-05
      2.46463666e-05]
    [-2.69066419e-04  7.29533989e-05  1.88820122e-04  8.36745935e-05
     -8.17056630e-05]
    [-4.91720698e-05  1.16194574e-04  5.33887352e-05 -1.65916267e-04
     -2.96562216e-04]
    [ 1.09433466e-04  9.71397064e-05  2.81546728e-05 -8.31175195e-05
     -1.91681911e-04]]

   [[ 5.94142604e-06  5.59665569e-06 -3.27879820e-05 -8.11237785e-05
     -5.00553842e-05]
    [-2.01903827e-04 -1.42281279e-04 -2.02818860e-05  7.49610898e-05
      1.92172694e-05]
    [-2.40965159e-04  5.35222861e-05  1.66485304e-04  7.80993211e-05
     -6.66266819e-05]
    [-7.46159775e-05  1.39589981e-04  7.03323737e-05 -1.73180525e-04
     -2.69228789e-04]
    [ 8.47173414e-05  1.13084194e-04  5.23441332e-05 -1.24441275e-04
     -2.29981103e-04]]

   [[-1.40755120e-04 -2.29965405e-05  2.45554871e-04  1.53590109e-04
     -1.37423671e-05]
    [-1.15487086e-04 -1.58929804e-04 -8.79882816e-06 -8.02204927e-05
     -1.17807754e-04]
    [-2.94643547e-04 -3.40467048e-04 -8.52420964e-05  1.99831647e-05
      1.64076058e-05]
    [-3.75758992e-04 -2.54061925e-04  1.03116221e-04  2.57406095e-04
      6.43955880e-05]
    [-3.36852634e-04 -1.80071108e-04  1.95009533e-04  2.56133706e-04
     -1.03075422e-04]]

   [[ 4.31486036e-07 -1.09359972e-05 -5.05877153e-05 -1.18417669e-04
     -7.04510415e-05]
    [-1.98733705e-04 -1.50038977e-04 -3.93266473e-05  3.71895363e-05
      3.37560627e-06]
    [-2.33735392e-04  7.71468117e-05  1.76515049e-04  6.42132799e-05
     -8.01854372e-05]
    [-4.46225037e-05  1.72151290e-04  8.76420935e-05 -1.78597691e-04
     -2.78605616e-04]
    [ 1.48185422e-04  1.35220786e-04  5.55054278e-05 -1.29315649e-04
     -2.08296421e-04]]

   [[-2.96892875e-05 -6.58888325e-05 -6.38139285e-05 -4.98795929e-05
     -2.68236797e-05]
    [-2.26910560e-04 -1.09715042e-04  1.65790404e-05  1.26278409e-04
      7.00051415e-05]
    [-2.15376616e-04  9.05690169e-05  1.78523528e-04  9.46930075e-05
     -8.63918177e-05]
    [ 3.57771505e-06  1.33788281e-04  1.99755130e-05 -1.95168197e-04
     -3.27872360e-04]
    [ 1.34498116e-04  9.34056904e-05 -4.80322018e-06 -1.12145149e-04
     -2.20302822e-04]]]


  [[[ 4.01805450e-05  1.15572467e-04  1.59951721e-04  1.48999434e-04
      1.33852186e-04]
    [ 1.13877471e-04  1.53466977e-04  1.74957892e-04  2.03356928e-04
      1.26498487e-04]
    [-3.43534264e-05  1.04414015e-04  2.45311463e-04  1.61113899e-04
      1.53155652e-07]
    [ 1.59555901e-05  1.62981423e-04  2.10560772e-04  1.02190710e-05
     -8.74338978e-05]
    [ 1.41499386e-04  1.91477522e-04  1.38470692e-04 -2.36623496e-05
     -5.37002925e-05]]

   [[ 7.58361841e-05  5.77303938e-05  1.32706484e-04  1.41711813e-04
      1.03639373e-04]
    [-1.11827262e-04 -7.25435002e-05 -1.15300794e-05  9.04805715e-06
      4.95937239e-06]
    [-9.55491169e-05  6.89037277e-05  9.88957725e-06 -1.25541464e-04
     -1.26661105e-04]
    [ 5.35032651e-05  1.44401300e-04  5.65625939e-05 -5.95207153e-05
     -1.01134822e-04]
    [ 4.76998444e-05  9.21779959e-05  1.41987303e-04  1.66032283e-04
      7.50451771e-05]]

   [[ 9.51564366e-05  1.33363310e-04  1.68135440e-04  1.76759273e-04
      1.48320706e-04]
    [-8.50184429e-05 -1.48949352e-05  7.43704032e-05  8.82087848e-05
      2.51941915e-05]
    [-7.08297800e-05  1.34001404e-04  9.13371782e-05 -9.10028962e-05
     -1.22848639e-04]
    [ 7.34082124e-05  2.09133607e-04  1.06404407e-04 -8.24322456e-05
     -1.00935142e-04]
    [ 7.08237498e-05  1.03962786e-04  1.39743731e-04  9.12303406e-05
      1.88420651e-05]]

   [[-2.99563582e-05 -1.19017897e-04  8.23318253e-05  1.16501559e-04
      1.09392832e-04]
    [-4.04998970e-05 -8.57266055e-05  1.34807098e-04  1.82419567e-04
      1.30383675e-04]
    [-1.25362524e-04 -7.05881707e-05  1.99833174e-04  2.25464627e-04
      7.03402967e-05]
    [-7.09491009e-05  7.56975999e-06  2.66030914e-04  2.16088319e-04
     -5.42144831e-05]
    [ 7.57702697e-06  2.42446959e-05  2.47896781e-04  2.09404608e-04
     -7.27757274e-05]]

   [[ 7.86997025e-05  1.26830249e-04  1.71508821e-04  1.45375828e-04
      1.25750467e-04]
    [-8.59980191e-05 -1.47713044e-05  7.02912163e-05  4.74919200e-05
      1.88335663e-06]
    [-5.60186673e-05  1.41145795e-04  8.90958625e-05 -1.13019133e-04
     -1.19972725e-04]
    [ 9.84994267e-05  2.12398451e-04  9.94308357e-05 -1.10331919e-04
     -1.04026715e-04]
    [ 1.12135216e-04  1.18178220e-04  1.46536833e-04  7.91643725e-05
      3.29158181e-05]]

   [[ 8.98064756e-05  9.82761743e-05  1.52298036e-04  1.66288160e-04
      1.24795047e-04]
    [-9.02310981e-05 -2.76810755e-05  3.07564968e-05  5.40330164e-05
      3.53137944e-05]
    [-5.35267942e-05  8.43978246e-05  3.80808098e-06 -9.74424037e-05
     -1.22021027e-04]
    [ 9.24049672e-05  1.41628195e-04  3.38140609e-05 -5.52905907e-05
     -1.15902296e-04]
    [ 7.24754531e-05  7.73657967e-05  1.18698249e-04  1.42155103e-04
      4.05446835e-05]]]


  [[[ 1.61818523e-04  2.24890474e-04  2.20276268e-04  9.92907398e-05
      2.17624428e-05]
    [ 1.06622370e-04  1.99843458e-04  2.03977791e-04  1.05930976e-04
      3.35292162e-05]
    [ 5.72972907e-05  1.65611297e-04  1.41487872e-04  3.76733746e-05
      3.78700710e-05]
    [ 1.08176396e-04  5.65997298e-05 -3.34985167e-05 -4.02394545e-05
      7.81624308e-05]
    [ 6.91741385e-05 -5.09271679e-05 -3.09923140e-05 -4.22536779e-06
      1.20475599e-05]]

   [[ 7.25648399e-05  6.60851945e-05  1.16831163e-04  9.03438271e-05
      5.18314119e-05]
    [-9.12492163e-05 -4.25929448e-05 -2.68019691e-05 -6.97759386e-06
      3.43086900e-05]
    [-6.74747783e-05 -2.23540274e-05 -1.43294193e-04 -1.55140307e-04
     -1.83219302e-06]
    [-2.91419237e-05 -2.74362478e-05 -5.47512863e-05 -4.21361845e-05
      7.08291962e-06]
    [ 5.79644010e-05  1.30178825e-04  2.06541544e-04  2.09887480e-04
      1.28611844e-04]]

   [[ 1.15527140e-04  1.54075293e-04  1.45412265e-04  9.52314461e-05
      8.38346523e-05]
    [-2.43749129e-05  7.68857142e-05  4.73101198e-05  3.23681275e-05
      8.10426940e-05]
    [-1.77352994e-05  7.07730150e-05 -7.27182098e-05 -1.13873629e-04
      4.91843303e-05]
    [-6.32714843e-06  1.39641981e-05 -4.43690722e-06 -1.27988439e-05
      3.59332535e-05]
    [ 6.36349087e-05  1.52416159e-04  2.35065768e-04  1.71564112e-04
      9.03102139e-05]]

   [[ 1.47334409e-04  1.00338500e-04  2.18704191e-04  1.06429766e-04
      7.86689526e-05]
    [ 6.43190984e-05  1.16665474e-04  2.59877573e-04  1.03900762e-04
      5.86129413e-05]
    [ 6.80162222e-05  2.22705317e-04  3.16322367e-04  8.02568838e-05
     -9.96777009e-06]
    [ 1.90298257e-04  2.41594119e-04  2.56633938e-04  6.28149880e-05
     -4.02015173e-05]
    [ 1.30451525e-04  5.03790313e-05  1.23508975e-04  1.06294908e-04
     -1.73161971e-05]]

   [[ 1.10088969e-04  1.34340669e-04  1.34189304e-04  7.11951601e-05
      5.83498549e-05]
    [-1.06558004e-05  5.98930203e-05  3.73592713e-05  1.30864728e-05
      6.29009910e-05]
    [ 1.19278571e-05  7.19671222e-05 -6.76826800e-05 -1.11078889e-04
      7.60050437e-05]
    [ 1.53438194e-05  1.41253565e-05 -1.26938393e-05 -3.52481253e-05
      5.13264810e-05]
    [ 9.59882109e-05  1.53560423e-04  2.29202709e-04  1.60862755e-04
      1.05593826e-04]]

   [[ 9.10018542e-05  9.26407010e-05  1.19711096e-04  1.00906113e-04
      6.21268404e-05]
    [-3.25792821e-05  2.08877898e-05 -2.88606305e-06  2.72860660e-05
      6.56995019e-05]
    [-1.26450571e-05  6.61014982e-06 -1.46053394e-04 -1.19825215e-04
      1.57958111e-05]
    [-1.13287531e-05 -3.37907485e-05 -5.56293690e-05 -1.70225866e-05
     -1.63488120e-06]
    [ 6.07155001e-05  1.15572054e-04  2.01599262e-04  2.17554911e-04
      1.09933047e-04]]]


  [[[-4.17152410e-05  1.93225185e-05  1.00088992e-05 -2.80195271e-05
     -1.31314095e-07]
    [ 6.01175423e-06  1.28655891e-04  1.77908943e-04  1.65226040e-04
      9.58296254e-05]
    [-1.25003761e-05  1.41500768e-04  1.84367440e-04  8.56031618e-05
      4.34756011e-05]
    [ 9.34935056e-05  1.30667921e-04  1.87038526e-05 -9.94337763e-05
     -1.40202763e-05]
    [ 1.25528465e-04  1.28826816e-04  5.19826891e-05 -6.33787419e-07
      4.18324022e-05]]

   [[ 1.03999501e-04  9.55272796e-05  1.69475871e-04  1.45503095e-04
      7.26237407e-05]
    [-4.47568481e-05 -1.20002353e-05  5.92198115e-06 -6.78330463e-06
     -1.10742469e-05]
    [-6.01862054e-05  5.30115037e-05 -9.91361203e-05 -2.26357505e-04
     -1.44516509e-04]
    [ 5.34387252e-05  1.39154191e-04  2.83875479e-05 -5.48615868e-05
     -3.02990752e-05]
    [ 4.58600233e-05  1.35881835e-04  1.99775289e-04  2.25099254e-04
      1.46548459e-04]]

   [[ 1.12549808e-04  1.53528956e-04  1.77469548e-04  1.72881304e-04
      1.31726511e-04]
    [ 7.19447332e-07  8.86902977e-05  1.11828334e-04  7.69486720e-05
      3.75503879e-05]
    [-6.77724066e-06  1.55791968e-04 -1.95733372e-06 -1.78852278e-04
     -1.12680952e-04]
    [ 7.21263506e-05  1.96779422e-04  7.57876852e-05 -4.49831560e-05
     -1.16309898e-05]
    [ 4.95279310e-05  1.51354567e-04  2.10482834e-04  1.85916553e-04
      1.06705127e-04]]

   [[-1.41229803e-05 -1.26351672e-04 -8.25338905e-06 -5.58512105e-05
     -2.65987172e-05]
    [-4.23704308e-05 -4.20654858e-05  9.79013866e-05  6.34576320e-05
      6.57402137e-05]
    [-6.64764860e-05  5.43924985e-05  2.12182493e-04  1.29408727e-04
      1.65522683e-05]
    [ 2.18294435e-05  1.06565891e-04  2.05920338e-04  6.11875049e-05
     -1.02270535e-04]
    [-1.80477959e-06  2.20635665e-05  1.75515099e-04  1.14555933e-04
     -2.63352674e-05]]

   [[ 9.59604007e-05  1.41019127e-04  1.68037250e-04  1.32240662e-04
      1.06523787e-04]
    [ 8.04046350e-06  8.41047354e-05  8.60138289e-05  2.13025956e-05
      1.71741013e-05]
    [ 2.89856035e-06  1.52996862e-04 -1.22716932e-05 -2.01523975e-04
     -9.66732343e-05]
    [ 7.87868454e-05  1.83486048e-04  6.83427151e-05 -6.79975077e-05
     -6.83403936e-06]
    [ 8.17037366e-05  1.54516754e-04  2.11464664e-04  1.74362602e-04
      1.10404054e-04]]

   [[ 1.17679192e-04  1.36946551e-04  1.94552222e-04  1.74017398e-04
      9.04316800e-05]
    [-1.04072203e-05  5.24290907e-05  5.53805268e-05  2.98126226e-05
      1.29611933e-05]
    [-1.79295670e-05  7.87694732e-05 -8.00187447e-05 -1.91625291e-04
     -1.34809192e-04]
    [ 7.57058198e-05  1.33959268e-04  4.13467750e-05 -2.42271488e-05
     -3.24389733e-05]
    [ 6.75956970e-05  1.28071261e-04  2.07981508e-04  2.30821667e-04
      1.23186811e-04]]]


  [[[-2.16075169e-05  6.35116893e-05  6.61230501e-05  2.81678296e-05
      4.47447320e-05]
    [ 7.75043112e-05  1.85289130e-04  2.21626052e-04  2.20978489e-04
      1.39037835e-04]
    [ 3.60211249e-05  1.84546964e-04  2.51950296e-04  1.56457136e-04
      6.52479173e-05]
    [ 9.96969372e-05  1.64544012e-04  8.74809753e-05 -6.53126257e-05
     -4.40099515e-05]
    [ 1.55275627e-04  1.71371782e-04  8.44249398e-05 -1.16201228e-05
     -2.66495114e-06]]

   [[ 1.49325388e-04  1.35738421e-04  2.04216328e-04  1.79233983e-04
      1.00526056e-04]
    [-1.91026478e-05  1.31217206e-05  4.12060481e-05  2.99296373e-05
      5.16638821e-06]
    [-5.31434663e-05  8.02149222e-05 -5.68356262e-05 -2.01600957e-04
     -1.58984166e-04]
    [ 9.19345102e-05  1.80957750e-04  5.41494797e-05 -5.99940259e-05
     -6.50092514e-05]
    [ 9.38994721e-05  1.69636567e-04  2.24776841e-04  2.32450697e-04
      1.35959186e-04]]

   [[ 1.61771832e-04  1.99027611e-04  2.15802526e-04  2.09252287e-04
      1.61675932e-04]
    [ 2.70452711e-05  1.04107638e-04  1.48881372e-04  1.22774683e-04
      5.33275176e-05]
    [-7.22520197e-06  1.68419065e-04  4.18832670e-05 -1.52420754e-04
     -1.37203976e-04]
    [ 1.03989360e-04  2.28073751e-04  9.88401282e-05 -5.88485277e-05
     -5.79293100e-05]
    [ 9.42744384e-05  1.73752959e-04  2.28108224e-04  1.86647621e-04
      9.32775273e-05]]

   [[-3.08279242e-05 -1.22432276e-04  4.06495812e-05  2.23835903e-05
      5.03205186e-05]
    [-2.69077562e-05 -2.14456543e-05  1.54455053e-04  1.46231230e-04
      1.31103109e-04]
    [-5.35378402e-05  6.01266568e-05  2.67983159e-04  2.26333252e-04
      8.37847190e-05]
    [ 2.36507005e-05  1.04434108e-04  2.69848302e-04  1.65553572e-04
     -5.32842129e-05]
    [ 2.60887663e-05  4.75630606e-05  2.42001537e-04  1.93687722e-04
     -8.04903452e-06]]

   [[ 1.43081533e-04  1.91332744e-04  2.08778509e-04  1.66322476e-04
      1.34357451e-04]
    [ 2.95918522e-05  1.04145924e-04  1.25097216e-04  6.20311897e-05
      2.80734576e-05]
    [ 1.17538533e-08  1.68775951e-04  3.11360982e-05 -1.80210160e-04
     -1.28490236e-04]
    [ 1.10621407e-04  2.18110668e-04  8.88614405e-05 -8.71459874e-05
     -5.81757069e-05]
    [ 1.27045792e-04  1.82127605e-04  2.27423494e-04  1.68182851e-04
      9.36789643e-05]]

   [[ 1.63016981e-04  1.76391970e-04  2.25933361e-04  2.06188669e-04
      1.20126838e-04]
    [ 8.15461765e-06  6.98124547e-05  9.03357315e-05  6.77604385e-05
      2.89523984e-05]
    [-1.52483663e-05  1.00111282e-04 -4.12436120e-05 -1.69720093e-04
     -1.54276436e-04]
    [ 1.15272156e-04  1.73214421e-04  5.88496237e-05 -3.55490199e-05
     -7.11678243e-05]
    [ 1.15309902e-04  1.58251873e-04  2.22254765e-04  2.28184967e-04
      1.11468130e-04]]]


  [[[ 3.26790250e-05  1.05223080e-04  2.43890778e-05 -1.37907116e-04
     -1.74199271e-04]
    [ 6.89233845e-05  6.81930833e-06 -1.58717802e-04 -2.08104847e-04
     -2.00525202e-04]
    [-1.29627879e-04 -5.86565874e-05  2.21907996e-05  2.16326770e-05
     -6.67488969e-05]
    [-2.04947426e-04  1.12416396e-05  1.75987468e-04  6.56292338e-05
     -8.46305575e-05]
    [-1.24802035e-04  4.31277244e-05  9.02626050e-05 -8.00034504e-05
     -1.94513354e-04]]

   [[-2.98978031e-05 -1.01537002e-04 -8.76308883e-05 -9.75207616e-05
     -8.31099195e-05]
    [-2.40042072e-04 -1.52069671e-04 -5.12251347e-05  3.93103418e-05
      7.63420551e-06]
    [-2.77809124e-04  5.10210475e-05  1.41593270e-04  4.15874495e-05
     -9.66905088e-05]
    [-6.56863502e-05  1.02513119e-04  4.11418043e-05 -1.66623259e-04
     -2.86284288e-04]
    [ 8.29900834e-05  9.00388990e-05  4.09140036e-05 -6.55135553e-05
     -1.79090278e-04]]

   [[ 3.10689725e-06 -5.78414052e-07 -4.93940772e-05 -9.27558461e-05
     -5.73611342e-05]
    [-2.00844281e-04 -1.45205814e-04 -4.42994983e-05  5.00831308e-05
      1.26498606e-05]
    [-2.51310036e-04  3.07122682e-05  1.27748646e-04  4.42457754e-05
     -7.66536429e-05]
    [-9.72896386e-05  1.17149565e-04  6.17130967e-05 -1.66235150e-04
     -2.59560395e-04]
    [ 5.08043112e-05  9.87733984e-05  6.57745675e-05 -1.04056810e-04
     -2.21563981e-04]]

   [[-1.56777191e-04 -5.02383395e-05  2.09503796e-04  1.15848517e-04
     -4.73109207e-05]
    [-1.30233841e-04 -1.61920774e-04 -2.32444088e-05 -1.10827532e-04
     -1.48773885e-04]
    [-2.88453301e-04 -3.21080714e-04 -9.30081674e-05 -1.37747881e-05
     -1.62379027e-05]
    [-3.56857756e-04 -2.55503712e-04  6.73802872e-05  2.06919738e-04
      3.14276118e-05]
    [-3.38687206e-04 -2.06439174e-04  1.59038152e-04  2.20895913e-04
     -1.16738472e-04]]

   [[-5.47182434e-06 -1.57699973e-05 -6.61809286e-05 -1.31749552e-04
     -7.81359215e-05]
    [-1.98579229e-04 -1.54322629e-04 -6.64338421e-05  8.41589668e-06
     -3.39021803e-06]
    [-2.46336469e-04  5.29525274e-05  1.36738948e-04  2.85851895e-05
     -8.85845691e-05]
    [-6.88496092e-05  1.49268412e-04  7.83808270e-05 -1.74443060e-04
     -2.69826734e-04]
    [ 1.17830284e-04  1.24877892e-04  6.80883477e-05 -1.14577523e-04
     -2.06165207e-04]]

   [[-3.23621018e-05 -6.96263745e-05 -7.48494227e-05 -6.30969162e-05
     -3.97621915e-05]
    [-2.26967470e-04 -1.14814490e-04 -1.12337354e-05  9.69416618e-05
      5.64198081e-05]
    [-2.26009944e-04  6.86908714e-05  1.36992672e-04  5.86790013e-05
     -9.85501691e-05]
    [-1.60337878e-05  1.17553632e-04  1.67465005e-05 -1.86612491e-04
     -3.16282682e-04]
    [ 1.08450175e-04  8.68666970e-05  1.36202359e-05 -9.37869350e-05
     -2.10796166e-04]]]


  [[[ 1.54329448e-04  2.00380049e-04  1.54579281e-04  5.82586878e-05
      5.51366170e-05]
    [ 1.86850444e-04  5.96739282e-05 -5.71972152e-05 -6.62596528e-05
     -4.63904583e-05]
    [-3.90059529e-05  3.55627498e-05  1.82693625e-04  1.74910544e-04
      3.12332577e-05]
    [-8.03386400e-05  1.93214995e-04  3.65248040e-04  1.99075386e-04
      1.15593991e-05]
    [ 1.23200199e-05  1.54532041e-04  1.77738513e-04 -1.06611255e-05
     -1.17783784e-04]]

   [[ 5.21364516e-05 -3.03175566e-05 -5.28101091e-06  8.55535473e-06
      3.87405612e-05]
    [-1.51037119e-04 -6.28657371e-05  6.40754356e-05  1.53796038e-04
      1.27889679e-04]
    [-1.44915734e-04  1.80455701e-04  2.99617812e-04  1.93274418e-04
      4.67296228e-05]
    [ 4.47475269e-05  1.72767570e-04  1.11318573e-04 -8.75024508e-05
     -1.91857289e-04]
    [ 1.80705526e-04  1.52053822e-04  8.66552598e-05 -1.87911375e-05
     -1.24097588e-04]]

   [[ 9.86735872e-05  6.79758463e-05  4.99807779e-05  1.86881353e-05
      5.14046971e-05]
    [-1.05262586e-04 -5.63134793e-05  7.93493890e-05  1.62163090e-04
      1.04209422e-04]
    [-1.02007507e-04  1.88249939e-04  2.80884175e-04  1.77405883e-04
      5.09408778e-05]
    [ 4.88000959e-05  2.22464219e-04  1.33168097e-04 -1.00028502e-04
     -1.61018089e-04]
    [ 1.79763809e-04  1.80609917e-04  1.20043831e-04 -4.66737704e-05
     -1.41540700e-04]]

   [[-1.14525277e-05  9.47860479e-05  3.31798909e-04  2.85898165e-04
      1.75641993e-04]
    [ 1.98258923e-05 -5.70979016e-05  7.09030022e-05  5.55712361e-05
      5.69977232e-05]
    [-1.71264567e-04 -2.53178811e-04 -6.53281968e-06  1.20877630e-04
      1.25866004e-04]
    [-2.50711195e-04 -1.21779110e-04  2.18329859e-04  3.61997169e-04
      1.78401234e-04]
    [-1.85754226e-04 -4.11826654e-05  2.75446620e-04  3.58198715e-04
      4.45803290e-05]]

   [[ 9.64596765e-05  4.58833194e-05  3.03560594e-05 -1.22626835e-05
      3.09913692e-05]
    [-9.95226788e-05 -6.66261138e-05  6.72525888e-05  1.39746126e-04
      8.85841234e-05]
    [-9.23858218e-05  2.03419676e-04  2.93499541e-04  1.73495051e-04
      3.61205428e-05]
    [ 7.44593901e-05  2.43959329e-04  1.50467386e-04 -9.62519515e-05
     -1.66446042e-04]
    [ 2.24691579e-04  1.89449588e-04  1.30037364e-04 -3.38450757e-05
     -1.09774964e-04]]

   [[ 5.11724686e-05 -1.46022247e-06  6.05384312e-06  3.29054656e-05
      6.80881539e-05]
    [-1.36038258e-04 -3.51255409e-05  9.68667939e-05  2.00051406e-04
      1.61362945e-04]
    [-9.27550932e-05  1.94179668e-04  2.78428568e-04  1.92999859e-04
      4.18718798e-05]
    [ 8.79949915e-05  1.93633928e-04  7.57208609e-05 -1.22400173e-04
     -2.16495395e-04]
    [ 1.93627730e-04  1.46819972e-04  6.09282676e-05 -3.56107427e-05
     -1.44420017e-04]]]


  [[[ 1.52774897e-04  2.07603353e-04  1.55706111e-04  4.47411078e-05
      3.65538579e-05]
    [ 1.87207062e-04  7.57828485e-05 -5.21425324e-05 -7.60009151e-05
     -5.44428016e-05]
    [-4.04883712e-05  3.81451281e-05  1.74906584e-04  1.63922331e-04
      2.36390499e-05]
    [-8.76489321e-05  1.81331540e-04  3.48324113e-04  1.86426761e-04
     -5.62872156e-06]
    [ 1.10010223e-05  1.54355718e-04  1.70268391e-04 -2.36008798e-05
     -1.34678669e-04]]

   [[ 4.54678793e-05 -2.99946513e-05 -4.04519825e-06  4.98589630e-07
      2.20401746e-05]
    [-1.60701899e-04 -7.32154251e-05  5.28564319e-05  1.38104971e-04
      1.05122941e-04]
    [-1.60812328e-04  1.64464725e-04  2.79224588e-04  1.71244382e-04
      2.22052458e-05]
    [ 3.30151999e-05  1.65777305e-04  9.95621036e-05 -1.04274110e-04
     -2.12707341e-04]
    [ 1.67071734e-04  1.35697635e-04  6.80354385e-05 -3.33688819e-05
     -1.35779645e-04]]

   [[ 9.01832734e-05  7.03109723e-05  4.91296121e-05  7.31399245e-06
      3.81449905e-05]
    [-1.14263033e-04 -6.51756203e-05  6.64281389e-05  1.47587456e-04
      8.92147270e-05]
    [-1.15000075e-04  1.70147331e-04  2.60109603e-04  1.59116515e-04
      3.07967142e-05]
    [ 3.87286574e-05  2.14631360e-04  1.19258199e-04 -1.16617114e-04
     -1.82177282e-04]
    [ 1.66728777e-04  1.64167304e-04  9.88186353e-05 -6.33962517e-05
     -1.55415197e-04]]

   [[-3.53961437e-05  7.97706313e-05  3.34601226e-04  2.83086368e-04
      1.56761019e-04]
    [-8.48537113e-07 -6.18045122e-05  8.27081066e-05  5.91026527e-05
      4.60594573e-05]
    [-1.86910636e-04 -2.54653053e-04 -3.76088415e-07  1.23349452e-04
      1.21547087e-04]
    [-2.64729185e-04 -1.33576826e-04  2.08024863e-04  3.53363514e-04
      1.65437988e-04]
    [-1.96364717e-04 -4.79905782e-05  2.72398957e-04  3.47350932e-04
      2.16090325e-05]]

   [[ 8.76727933e-05  4.91474969e-05  2.90604790e-05 -2.51582193e-05
      1.83835011e-05]
    [-1.08717356e-04 -7.40363918e-05  5.24478449e-05  1.21811680e-04
      7.32819999e-05]
    [-1.06187950e-04  1.86859956e-04  2.72239810e-04  1.54046557e-04
      1.56699879e-05]
    [ 6.41890243e-05  2.36189062e-04  1.36855659e-04 -1.13254150e-04
     -1.87780510e-04]
    [ 2.12895859e-04  1.73395374e-04  1.08116697e-04 -5.20412059e-05
     -1.24196573e-04]]

   [[ 4.54035400e-05 -5.09912981e-07  8.08475277e-06  2.66851435e-05
      5.41923676e-05]
    [-1.46160238e-04 -4.49573751e-05  8.65072493e-05  1.85926588e-04
      1.41648028e-04]
    [-1.08025111e-04  1.78643051e-04  2.59291542e-04  1.72656612e-04
      1.79324596e-05]
    [ 7.93429048e-05  1.86337475e-04  6.27770418e-05 -1.39834099e-04
     -2.39006717e-04]
    [ 1.82092843e-04  1.29904688e-04  4.00016114e-05 -5.28957950e-05
     -1.57421883e-04]]]


  [[[ 1.74166130e-04  2.51895005e-04  2.37965450e-04  1.04267326e-04
      3.38201103e-05]
    [ 1.24472183e-04  2.25619288e-04  2.08487102e-04  1.01644361e-04
      4.81105924e-05]
    [ 8.33073909e-05  1.76646732e-04  1.33362402e-04  3.90422141e-05
      5.65728366e-05]
    [ 1.25937628e-04  5.28647053e-05 -4.55985123e-05 -3.64560202e-05
      8.95778847e-05]
    [ 6.94175071e-05 -5.71997459e-05 -3.84767504e-05 -1.45416132e-06
      3.02806875e-05]]

   [[ 8.33428119e-05  7.78225355e-05  1.16796308e-04  8.44270580e-05
      5.32351574e-05]
    [-7.02995576e-05 -3.88244208e-05 -3.78090884e-05 -1.54874066e-05
      3.80638772e-05]
    [-3.70404261e-05 -1.08244771e-05 -1.45023135e-04 -1.57296637e-04
      1.34385824e-06]
    [-1.04013475e-05 -1.37503594e-05 -5.10951870e-05 -4.24366697e-05
      2.15445889e-05]
    [ 6.02120428e-05  1.41575631e-04  2.12871143e-04  2.11135928e-04
      1.47174864e-04]]

   [[ 1.26353470e-04  1.63822054e-04  1.39872748e-04  8.79559127e-05
      8.72695720e-05]
    [ 2.45493835e-07  7.98788044e-05  3.31848027e-05  2.71460524e-05
      9.10588568e-05]
    [ 1.18715382e-05  7.67643507e-05 -7.68260513e-05 -1.08834767e-04
      5.84302267e-05]
    [ 7.61850194e-06  2.06383850e-05 -8.22244312e-07 -4.46459394e-06
      5.06260334e-05]
    [ 6.22511232e-05  1.59549645e-04  2.45139372e-04  1.84618661e-04
      1.13834742e-04]]

   [[ 1.53497024e-04  1.29549315e-04  2.53439242e-04  1.26226516e-04
      8.02142068e-05]
    [ 7.79902111e-05  1.56701406e-04  2.90035373e-04  1.12139997e-04
      6.34453344e-05]
    [ 9.77264608e-05  2.55292803e-04  3.25204783e-04  7.83878312e-05
     -8.09524160e-06]
    [ 2.28049664e-04  2.63833475e-04  2.45510724e-04  4.75151088e-05
     -4.80433397e-05]
    [ 1.51902189e-04  6.14290476e-05  1.10778069e-04  8.78305498e-05
     -2.51658927e-05]]

   [[ 1.20526184e-04  1.45741876e-04  1.29598613e-04  6.31493689e-05
      6.24817264e-05]
    [ 1.36294070e-05  6.42027498e-05  2.29556922e-05  5.92947022e-06
      7.25661630e-05]
    [ 3.90831758e-05  7.52931616e-05 -7.36576014e-05 -1.06789729e-04
      8.57449836e-05]
    [ 2.47307509e-05  1.61144367e-05 -1.10694306e-05 -2.60642357e-05
      6.97785142e-05]
    [ 9.10211540e-05  1.58741589e-04  2.36724797e-04  1.73128130e-04
      1.29856567e-04]]

   [[ 1.01959020e-04  1.02695439e-04  1.17753383e-04  9.42103150e-05
      6.40814990e-05]
    [-1.38815641e-05  2.28131327e-05 -1.41162500e-05  1.94900052e-05
      7.21190470e-05]
    [ 1.36459739e-05  1.61037286e-05 -1.45766920e-04 -1.20127195e-04
      2.39438053e-05]
    [ 2.29628851e-06 -2.20210108e-05 -4.95225147e-05 -1.47681367e-05
      1.78518274e-05]
    [ 6.01258575e-05  1.25963945e-04  2.10168705e-04  2.22640851e-04
      1.35022870e-04]]]]



 [[[[ 6.33688221e-06  6.52897758e-06  8.57944485e-06  1.10914858e-05
      9.36947495e-06]
    [ 6.24394256e-06  7.24125225e-06  9.47490843e-06  1.16338251e-05
      8.77661727e-06]
    [ 5.40156214e-06  5.96238192e-06  6.89536602e-06  7.74592091e-06
      6.56799564e-06]
    [ 5.32086342e-06  4.67885853e-06  5.31258756e-06  5.86454926e-06
      5.03992482e-06]
    [ 4.38080762e-06  4.27373910e-06  5.41880378e-06  5.92426979e-06
      4.85654409e-06]]

   [[ 2.88317603e-06  3.39859217e-06  3.99073455e-06  4.22449117e-06
      4.14885626e-06]
    [ 3.67869133e-06  3.93576643e-06  4.86090877e-06  4.67972912e-06
      3.99903581e-06]
    [ 3.37276847e-06  4.03082328e-06  6.31243938e-06  6.27959653e-06
      4.14462750e-06]
    [ 3.34666257e-06  4.27394191e-06  4.97797558e-06  5.05741013e-06
      3.82155405e-06]
    [ 5.61143659e-06  5.90764360e-06  5.60215356e-06  5.43022871e-06
      3.78573270e-06]]

   [[ 3.46057262e-06  3.90805536e-06  4.88344732e-06  5.54514271e-06
      4.77557243e-06]
    [ 4.03705339e-06  4.19853333e-06  5.83367421e-06  6.02628463e-06
      4.49485204e-06]
    [ 4.09554635e-06  4.04751894e-06  7.05178477e-06  7.16842715e-06
      4.32636188e-06]
    [ 3.92395532e-06  4.52953517e-06  6.03113502e-06  5.69011180e-06
      3.94379962e-06]
    [ 5.67006510e-06  5.90754917e-06  6.03696581e-06  6.12152943e-06
      3.94821271e-06]]

   [[ 8.06761453e-06  7.56408719e-06  7.80528225e-06  9.56510093e-06
      1.12932401e-05]
    [ 8.37462734e-06  8.17397144e-06  9.44501293e-06  1.12720902e-05
      1.03319859e-05]
    [ 9.04368341e-06  8.92970866e-06  1.01987335e-05  1.10830697e-05
      8.54844010e-06]
    [ 9.76445170e-06  8.93880990e-06  9.49797400e-06  9.43546533e-06
      7.75933646e-06]
    [ 9.07171559e-06  8.73235966e-06  9.39888658e-06  8.20964836e-06
      7.05346895e-06]]

   [[ 3.61396060e-06  4.14219106e-06  4.93615152e-06  5.42339676e-06
      4.74821445e-06]
    [ 4.11829380e-06  4.48304536e-06  5.92716432e-06  6.04697739e-06
      4.65256489e-06]
    [ 3.94246969e-06  4.25868911e-06  7.06393748e-06  7.12705964e-06
      4.58314283e-06]
    [ 3.78593281e-06  4.68879997e-06  5.98200127e-06  5.59297811e-06
      4.11562298e-06]
    [ 5.53555488e-06  6.10408531e-06  5.96931702e-06  5.86055574e-06
      3.95375232e-06]]

   [[ 2.90301634e-06  3.37761281e-06  3.86102089e-06  3.91591706e-06
      4.26172542e-06]
    [ 3.58473687e-06  3.87514462e-06  4.79880898e-06  4.68531869e-06
      4.22920784e-06]
    [ 3.34575502e-06  4.31985028e-06  6.40134786e-06  6.06389784e-06
      3.91871903e-06]
    [ 3.49844721e-06  4.59819454e-06  5.04086996e-06  4.86518339e-06
      3.77207179e-06]
    [ 5.89751888e-06  6.44838740e-06  5.81734469e-06  5.49747930e-06
      3.91241001e-06]]]


  [[[ 6.20641513e-06  6.69352003e-06  7.18421123e-06  9.53466087e-06
      8.65933182e-06]
    [ 5.96328581e-06  6.36426280e-06  7.30467256e-06  1.04195530e-05
      8.14424318e-06]
    [ 4.71750301e-06  5.25663406e-06  6.52500551e-06  7.97555001e-06
      6.13165354e-06]
    [ 4.66249945e-06  4.35569434e-06  4.83815064e-06  5.08073965e-06
      5.16889364e-06]
    [ 4.24964375e-06  3.80018669e-06  4.51232934e-06  5.04764821e-06
      4.86271924e-06]]

   [[ 2.50058215e-06  2.81574002e-06  3.38386300e-06  3.41640663e-06
      2.86775104e-06]
    [ 3.45570134e-06  3.69948241e-06  4.86909437e-06  4.23070158e-06
      3.60406432e-06]
    [ 3.62021563e-06  4.01358729e-06  5.98323320e-06  5.94437696e-06
      4.71306635e-06]
    [ 3.95332060e-06  4.30006272e-06  4.85318320e-06  5.06467500e-06
      4.11143038e-06]
    [ 4.86993928e-06  5.37572996e-06  5.21043349e-06  4.77920354e-06
      3.21629497e-06]]

   [[ 2.88883179e-06  3.09838078e-06  4.12907515e-06  4.90344632e-06
      3.75609443e-06]
    [ 3.61625597e-06  3.79459962e-06  5.70725296e-06  5.60915764e-06
      4.28720435e-06]
    [ 4.10230828e-06  3.96210768e-06  6.29309189e-06  6.61553992e-06
      5.12232988e-06]
    [ 4.67187990e-06  4.60390634e-06  5.49697645e-06  5.95337438e-06
      4.61060007e-06]
    [ 5.22758619e-06  5.35172186e-06  5.70485402e-06  5.78239903e-06
      3.74083931e-06]]

   [[ 8.13999545e-06  7.79000914e-06  6.79836091e-06  7.34766489e-06
      9.44118761e-06]
    [ 8.82157728e-06  7.97930087e-06  6.63849593e-06  8.56492054e-06
      9.45406493e-06]
    [ 7.95005935e-06  7.65156077e-06  7.55000315e-06  1.01734107e-05
      8.73876199e-06]
    [ 8.01584507e-06  7.79224525e-06  7.57325029e-06  8.90290432e-06
      7.53877688e-06]
    [ 8.88993722e-06  8.58244885e-06  7.63552374e-06  7.19134630e-06
      7.35565267e-06]]

   [[ 2.91478330e-06  3.31681471e-06  4.28127298e-06  4.75583515e-06
      3.73770982e-06]
    [ 3.55310619e-06  4.04131136e-06  5.89982043e-06  5.59815356e-06
      4.49223976e-06]
    [ 3.84652464e-06  4.07342581e-06  6.22412841e-06  6.49394252e-06
      5.41159806e-06]
    [ 4.47190931e-06  4.62157470e-06  5.43782752e-06  5.81760347e-06
      4.72269849e-06]
    [ 5.11267889e-06  5.51122182e-06  5.70066222e-06  5.53202319e-06
      3.87780722e-06]]

   [[ 2.48933591e-06  2.91099612e-06  3.45099339e-06  3.20494726e-06
      2.98626426e-06]
    [ 3.39930817e-06  3.71949441e-06  4.84442818e-06  4.17735524e-06
      3.96630811e-06]
    [ 3.56916598e-06  4.22822875e-06  5.99634386e-06  5.65710440e-06
      4.64699642e-06]
    [ 4.18676682e-06  4.57557565e-06  4.87975129e-06  4.78925613e-06
      3.92821289e-06]
    [ 5.03513211e-06  5.65237465e-06  5.30930411e-06  4.71252091e-06
      3.24984281e-06]]]


  [[[ 4.91452766e-06  5.49937551e-06  6.76513445e-06  8.36627828e-06
      7.49642432e-06]
    [ 4.62922907e-06  5.69256097e-06  7.29444732e-06  9.49869510e-06
      7.18279659e-06]
    [ 3.17344030e-06  3.34973878e-06  4.54180915e-06  5.01648353e-06
      3.98438424e-06]
    [ 3.35993015e-06  3.31354417e-06  3.80381265e-06  3.40785807e-06
      3.85743574e-06]
    [ 3.21072269e-06  3.69523685e-06  4.79736734e-06  4.54066017e-06
      4.80639956e-06]]

   [[ 1.97976705e-06  2.23927018e-06  2.99294969e-06  3.46020877e-06
      3.08142282e-06]
    [ 3.02421840e-06  3.18037374e-06  3.80801768e-06  2.99721208e-06
      2.47831596e-06]
    [ 3.32820258e-06  3.74663039e-06  5.36697719e-06  4.68162877e-06
      2.95887694e-06]
    [ 3.42929409e-06  2.96809572e-06  4.20904253e-06  5.35522900e-06
      3.84649157e-06]
    [ 4.77542014e-06  4.22466536e-06  5.67006981e-06  6.73196304e-06
      4.24145383e-06]]

   [[ 2.55323897e-06  2.59348386e-06  3.53809362e-06  4.70545990e-06
      3.90148088e-06]
    [ 3.51884808e-06  3.22278502e-06  4.38828177e-06  3.94267121e-06
      2.90973248e-06]
    [ 3.78610079e-06  3.70525188e-06  5.81144291e-06  5.24675936e-06
      3.52343674e-06]
    [ 3.98465385e-06  3.42418525e-06  5.31088104e-06  6.04276637e-06
      4.40279649e-06]
    [ 4.88980338e-06  4.11713137e-06  6.19499041e-06  7.35165878e-06
      4.47540063e-06]]

   [[ 6.39088745e-06  6.52533477e-06  5.96145746e-06  6.13069505e-06
      7.87758803e-06]
    [ 5.88441030e-06  6.51779597e-06  6.92890685e-06  8.16021790e-06
      8.71014490e-06]
    [ 6.44686431e-06  6.91589512e-06  6.90968649e-06  8.72044890e-06
      7.07577602e-06]
    [ 7.89210527e-06  7.57689986e-06  6.94795218e-06  7.35656364e-06
      5.37777414e-06]
    [ 7.97860254e-06  7.48637752e-06  6.52175190e-06  5.90104184e-06
      4.94340630e-06]]

   [[ 2.54866677e-06  2.73669295e-06  3.66789230e-06  4.60067210e-06
      3.89945518e-06]
    [ 3.31439946e-06  3.30691309e-06  4.37777314e-06  3.76084714e-06
      3.10192146e-06]
    [ 3.64679985e-06  3.90778123e-06  5.88703251e-06  5.07185181e-06
      3.78598322e-06]
    [ 3.86817961e-06  3.70345980e-06  5.62563565e-06  5.80581875e-06
      4.72614097e-06]
    [ 4.53988049e-06  4.00107000e-06  6.16604406e-06  6.89883717e-06
      4.60840645e-06]]

   [[ 1.91916081e-06  2.10764245e-06  2.72386107e-06  3.07680373e-06
      3.20926139e-06]
    [ 2.92927369e-06  3.05786633e-06  3.62222394e-06  2.76007946e-06
      2.68259530e-06]
    [ 3.35278292e-06  4.02086035e-06  5.47165885e-06  4.35064638e-06
      3.01683198e-06]
    [ 3.46962419e-06  3.16200956e-06  4.58897725e-06  5.17394821e-06
      3.86422114e-06]
    [ 4.78164761e-06  4.69308425e-06  6.12064459e-06  6.49332308e-06
      4.23031534e-06]]]


  [[[ 6.09157899e-06  6.43858274e-06  7.17584938e-06  1.00126826e-05
      9.12333173e-06]
    [ 6.00381912e-06  6.24405072e-06  7.39047115e-06  1.09316452e-05
      8.48074582e-06]
    [ 4.62543208e-06  4.71157198e-06  6.13658237e-06  8.09069563e-06
      6.39194164e-06]
    [ 4.19831651e-06  3.81407334e-06  4.60706871e-06  5.32177429e-06
      5.34194297e-06]
    [ 3.84455036e-06  3.74663092e-06  4.60955961e-06  5.38387461e-06
      5.03785925e-06]]

   [[ 2.62518480e-06  2.76545319e-06  3.30838960e-06  3.50920717e-06
      3.24205346e-06]
    [ 3.40863326e-06  3.38577685e-06  4.61958001e-06  4.25887142e-06
      3.77033741e-06]
    [ 3.34624629e-06  3.82667509e-06  5.81158261e-06  5.75779712e-06
      4.37507965e-06]
    [ 3.70679349e-06  4.20528193e-06  4.77301027e-06  5.23632053e-06
      4.11220274e-06]
    [ 5.23504622e-06  5.45158396e-06  5.65736977e-06  5.52791680e-06
      3.70908178e-06]]

   [[ 3.09332950e-06  2.99701342e-06  4.02642367e-06  5.15669433e-06
      4.17392122e-06]
    [ 3.60846727e-06  3.38787989e-06  5.33191051e-06  5.65440545e-06
      4.38488762e-06]
    [ 3.77560370e-06  3.62623966e-06  6.10071887e-06  6.55709623e-06
      4.83715745e-06]
    [ 4.33706964e-06  4.48546464e-06  5.57306153e-06  6.23302328e-06
      4.62477496e-06]
    [ 5.59219000e-06  5.40232716e-06  6.23989947e-06  6.62165227e-06
      4.19359886e-06]]

   [[ 8.16777715e-06  7.61452723e-06  6.38647382e-06  7.39622409e-06
      9.60994813e-06]
    [ 8.78541022e-06  7.87032699e-06  6.45319217e-06  8.70317883e-06
      9.71381434e-06]
    [ 8.19867799e-06  7.52109590e-06  7.06772666e-06  1.01424532e-05
      8.98084579e-06]
    [ 8.16308025e-06  7.25676756e-06  6.86040675e-06  8.85921564e-06
      7.70316076e-06]
    [ 8.43942364e-06  7.92517547e-06  7.11671240e-06  7.27005484e-06
      7.40608395e-06]]

   [[ 3.09946372e-06  3.20538358e-06  4.16780446e-06  5.00585437e-06
      4.16222508e-06]
    [ 3.54884661e-06  3.62198428e-06  5.48814413e-06  5.60653130e-06
      4.59330850e-06]
    [ 3.58065613e-06  3.80896466e-06  6.08503297e-06  6.41954448e-06
      5.15251692e-06]
    [ 4.23325948e-06  4.61303467e-06  5.59298622e-06  6.12682665e-06
      4.80937103e-06]
    [ 5.44525352e-06  5.58791048e-06  6.28955716e-06  6.32902088e-06
      4.34770775e-06]]

   [[ 2.63305430e-06  2.84674156e-06  3.33045346e-06  3.26471553e-06
      3.36730137e-06]
    [ 3.30932852e-06  3.42903428e-06  4.56813183e-06  4.13767597e-06
      4.05936453e-06]
    [ 3.30670548e-06  4.10372270e-06  5.83122534e-06  5.46007902e-06
      4.31396145e-06]
    [ 3.96167771e-06  4.49472249e-06  4.86368827e-06  4.99115441e-06
      3.96422974e-06]
    [ 5.44812367e-06  5.83523014e-06  5.80288609e-06  5.39098697e-06
      3.71346952e-06]]]


  [[[ 7.29424308e-06  7.22961351e-06  8.86816035e-06  1.14001694e-05
      1.03029316e-05]
    [ 6.93211448e-06  7.43841611e-06  9.43805695e-06  1.22600941e-05
      9.90723227e-06]
    [ 5.67430087e-06  6.29713421e-06  7.78040069e-06  9.45811712e-06
      8.31831954e-06]
    [ 5.24593714e-06  5.24435182e-06  6.60256526e-06  7.24661026e-06
      6.19130338e-06]
    [ 4.15306460e-06  4.92897582e-06  6.33809684e-06  6.56485531e-06
      5.34797581e-06]]

   [[ 2.92231371e-06  3.36362182e-06  4.13343636e-06  4.68294086e-06
      4.68071148e-06]
    [ 3.59514294e-06  4.17170380e-06  5.69594512e-06  5.55265564e-06
      4.73084263e-06]
    [ 3.31666159e-06  4.58530543e-06  7.30791996e-06  6.91032135e-06
      4.62091336e-06]
    [ 3.50496393e-06  5.07949732e-06  5.94184297e-06  5.33708825e-06
      3.83425480e-06]
    [ 6.25060302e-06  6.86012496e-06  6.16192772e-06  5.38775408e-06
      3.84036991e-06]]

   [[ 3.57239203e-06  4.01439210e-06  5.14011792e-06  6.11233545e-06
      5.58798194e-06]
    [ 4.01507605e-06  4.47595844e-06  6.76316849e-06  7.10765422e-06
      5.49941820e-06]
    [ 4.02967090e-06  4.67794264e-06  8.18110688e-06  8.03566925e-06
      4.90917191e-06]
    [ 4.07495490e-06  5.52008167e-06  7.14753281e-06  6.17559441e-06
      3.93877935e-06]
    [ 6.43747448e-06  7.11754908e-06  6.74668738e-06  6.29879107e-06
      4.14434140e-06]]

   [[ 9.26556627e-06  8.44888268e-06  7.92395282e-06  9.17355336e-06
      1.12752130e-05]
    [ 9.66140478e-06  8.49379341e-06  8.69251385e-06  1.05272466e-05
      1.05381394e-05]
    [ 9.38537419e-06  8.67789238e-06  9.79418515e-06  1.14195971e-05
      9.67163801e-06]
    [ 9.27867655e-06  8.72537791e-06  9.80105897e-06  1.04717483e-05
      8.78195191e-06]
    [ 8.51172673e-06  8.62017542e-06  9.91944485e-06  9.09020896e-06
      7.76080978e-06]]

   [[ 3.76752247e-06  4.26137418e-06  5.20193160e-06  5.98061150e-06
      5.56610406e-06]
    [ 4.11991952e-06  4.79298811e-06  6.90628736e-06  7.16470365e-06
      5.66411515e-06]
    [ 3.90125869e-06  4.90890261e-06  8.14896731e-06  7.96793572e-06
      5.13910896e-06]
    [ 3.95267016e-06  5.69096809e-06  7.03269680e-06  5.99796820e-06
      4.01096650e-06]
    [ 6.35683140e-06  7.36593918e-06  6.71093099e-06  6.03489651e-06
      4.15863427e-06]]

   [[ 2.93454663e-06  3.45372049e-06  4.20211462e-06  4.50782041e-06
      4.83415321e-06]
    [ 3.56800295e-06  4.27940683e-06  5.82086745e-06  5.66257360e-06
      5.03699104e-06]
    [ 3.34923870e-06  4.90757179e-06  7.37263086e-06  6.69445422e-06
      4.39724248e-06]
    [ 3.73715338e-06  5.49060162e-06  5.92121924e-06  5.06905266e-06
      3.70742623e-06]
    [ 6.59994413e-06  7.38885155e-06  6.27681380e-06  5.43178247e-06
      3.98360753e-06]]]


  [[[ 5.00254443e-06  5.84916665e-06  8.59356653e-06  1.07164458e-05
      9.67806519e-06]
    [ 5.37224035e-06  7.50744897e-06  9.46714292e-06  1.17843106e-05
      1.02731481e-05]
    [ 6.05743295e-06  5.79115362e-06  5.29182971e-06  6.17347669e-06
      5.89842437e-06]
    [ 6.15171451e-06  5.25743192e-06  6.01332064e-06  6.29031241e-06
      5.36152137e-06]
    [ 4.24139528e-06  4.36839678e-06  6.64008492e-06  7.36550940e-06
      6.45533665e-06]]

   [[ 2.78758045e-06  3.45957196e-06  4.13843320e-06  5.16602569e-06
      5.25429445e-06]
    [ 4.57599455e-06  4.92935696e-06  5.92004175e-06  5.81262800e-06
      4.16733418e-06]
    [ 3.92179551e-06  4.72063141e-06  7.39142746e-06  7.55380520e-06
      4.92357782e-06]
    [ 3.65784669e-06  3.06068727e-06  4.76266469e-06  6.89626125e-06
      5.67548428e-06]
    [ 7.55015259e-06  6.28326351e-06  7.00557542e-06  8.35483754e-06
      6.69032200e-06]]

   [[ 3.61578714e-06  4.37492831e-06  4.86028007e-06  5.88896284e-06
      5.96568409e-06]
    [ 5.50288417e-06  5.53803025e-06  6.40625311e-06  6.62674557e-06
      4.71776923e-06]
    [ 4.83775599e-06  4.92695003e-06  8.51739704e-06  8.86705267e-06
      5.42332929e-06]
    [ 4.03869006e-06  3.17746806e-06  6.11449717e-06  7.83061096e-06
      6.23298857e-06]
    [ 7.05222554e-06  5.96134011e-06  7.28460267e-06  9.04251760e-06
      6.86117960e-06]]

   [[ 8.34200993e-06  7.98452776e-06  9.20875308e-06  9.40024631e-06
      9.94637128e-06]
    [ 7.95935207e-06  9.02018029e-06  1.17172683e-05  1.07774020e-05
      9.61130628e-06]
    [ 9.81705072e-06  1.02827608e-05  1.00928391e-05  8.24074267e-06
      6.91427449e-06]
    [ 1.13470676e-05  9.89553438e-06  8.63583422e-06  7.17742394e-06
      6.57991335e-06]
    [ 8.85920541e-06  7.77928958e-06  7.13718388e-06  7.08568855e-06
      6.83980153e-06]]

   [[ 3.72497357e-06  4.56636025e-06  5.01349627e-06  5.96178994e-06
      5.97895326e-06]
    [ 5.55525501e-06  5.74831014e-06  6.67456664e-06  6.77701160e-06
      4.86253591e-06]
    [ 4.82605350e-06  5.33631398e-06  8.90375106e-06  8.79295302e-06
      5.68517199e-06]
    [ 3.76763091e-06  3.48474812e-06  6.51173070e-06  7.70766647e-06
      6.47706664e-06]
    [ 6.63919729e-06  5.80845512e-06  7.25016849e-06  8.87664245e-06
      6.85354047e-06]]

   [[ 2.82701191e-06  3.37349540e-06  3.88414276e-06  4.87934334e-06
      5.42905155e-06]
    [ 4.47045815e-06  4.77779785e-06  5.67966809e-06  5.74916616e-06
      4.44611856e-06]
    [ 3.87500440e-06  4.93456635e-06  7.58181291e-06  7.40581970e-06
      4.81760388e-06]
    [ 3.65157196e-06  3.22451751e-06  5.19726966e-06  6.89539396e-06
      5.79706665e-06]
    [ 7.59063124e-06  6.95653864e-06  7.82710565e-06  8.54543144e-06
      6.79484984e-06]]]


  [[[ 6.41678335e-06  6.41199040e-06  8.90329409e-06  1.18397008e-05
      1.01998565e-05]
    [ 6.39505992e-06  7.51589881e-06  1.02186530e-05  1.30020548e-05
      9.86621965e-06]
    [ 5.50211120e-06  5.84453262e-06  7.24828726e-06  8.58802791e-06
      7.32941419e-06]
    [ 4.79615001e-06  4.48695861e-06  5.82277124e-06  6.54448286e-06
      5.59134950e-06]
    [ 3.89091905e-06  4.37826389e-06  6.12015986e-06  6.89279005e-06
      5.37974600e-06]]

   [[ 2.62137530e-06  3.18834942e-06  4.06035127e-06  4.88269850e-06
      4.97138344e-06]
    [ 3.45106095e-06  4.04170736e-06  5.35506972e-06  5.20464441e-06
      4.31145215e-06]
    [ 3.17122833e-06  4.35807139e-06  7.33104862e-06  7.21106721e-06
      4.67614979e-06]
    [ 3.14171516e-06  4.38823772e-06  5.89673161e-06  6.18619283e-06
      4.46411921e-06]
    [ 6.16077897e-06  6.86001326e-06  7.01051414e-06  6.67042790e-06
      4.38151010e-06]]

   [[ 3.38303159e-06  3.79200943e-06  5.12172979e-06  6.44666414e-06
      5.83881651e-06]
    [ 3.91150914e-06  4.26339798e-06  6.42219296e-06  6.69564267e-06
      4.90272548e-06]
    [ 3.81364131e-06  4.28115604e-06  8.23574977e-06  8.34100880e-06
      4.92213156e-06]
    [ 3.73206059e-06  4.70052534e-06  7.13749198e-06  7.13195957e-06
      4.65931764e-06]
    [ 6.18552784e-06  6.80815542e-06  7.52813722e-06  7.60225391e-06
      4.53684813e-06]]

   [[ 8.85716406e-06  7.80168143e-06  7.71153265e-06  9.52994245e-06
      1.15855757e-05]
    [ 9.01630054e-06  8.21956373e-06  9.48248027e-06  1.14904734e-05
      1.10172312e-05]
    [ 9.58922059e-06  8.79925305e-06  1.01925523e-05  1.13937426e-05
      9.29966986e-06]
    [ 9.50885181e-06  7.97522192e-06  9.04800924e-06  9.30173814e-06
      8.18310855e-06]
    [ 7.98118920e-06  7.52683902e-06  8.89251678e-06  8.26638027e-06
      7.72421161e-06]]

   [[ 3.53849762e-06  4.05381508e-06  5.20364521e-06  6.36117059e-06
      5.80169467e-06]
    [ 3.99915154e-06  4.54238798e-06  6.49153775e-06  6.76425785e-06
      5.08644532e-06]
    [ 3.70720887e-06  4.55753489e-06  8.30453050e-06  8.32342588e-06
      5.16630421e-06]
    [ 3.61274126e-06  4.91887054e-06  7.12195260e-06  7.03163050e-06
      4.85455203e-06]
    [ 6.03035809e-06  7.02518789e-06  7.47786360e-06  7.28497827e-06
      4.48791275e-06]]

   [[ 2.64720702e-06  3.23732425e-06  3.98878646e-06  4.54913862e-06
      5.09198124e-06]
    [ 3.36738168e-06  4.06889228e-06  5.35990495e-06  5.20347904e-06
      4.59450280e-06]
    [ 3.19823729e-06  4.72422116e-06  7.53156960e-06  7.01145299e-06
      4.45376351e-06]
    [ 3.33860291e-06  4.80122898e-06  6.01986079e-06  5.95289878e-06
      4.39137412e-06]
    [ 6.49799896e-06  7.51652039e-06  7.21155861e-06  6.60668538e-06
      4.41077960e-06]]]


  [[[ 8.49015617e-06  8.78132485e-06  7.78315900e-06  9.25080425e-06
      8.74278192e-06]
    [ 8.16610906e-06  7.96291081e-06  8.28839366e-06  9.67909039e-06
      7.70217278e-06]
    [ 7.18387879e-06  7.30969694e-06  8.24776874e-06  8.18604163e-06
      6.53573113e-06]
    [ 7.50434065e-06  6.52857840e-06  5.66462973e-06  5.94596673e-06
      6.19001140e-06]
    [ 7.27047604e-06  5.21513393e-06  6.21400122e-06  7.19684022e-06
      5.82474443e-06]]

   [[ 3.71429791e-06  4.00574873e-06  4.96139937e-06  4.53911833e-06
      2.95487682e-06]
    [ 4.64429590e-06  4.58928808e-06  4.69114934e-06  3.77994606e-06
      3.64531758e-06]
    [ 5.48870232e-06  4.61466759e-06  6.16428660e-06  7.64070594e-06
      6.77644722e-06]
    [ 5.67282593e-06  5.19640732e-06  7.40746670e-06  8.13766874e-06
      6.07132589e-06]
    [ 5.07760844e-06  6.21542306e-06  6.28899516e-06  5.37534775e-06
      3.94935070e-06]]

   [[ 4.47597397e-06  4.34122260e-06  5.58918234e-06  5.78389922e-06
      3.64505232e-06]
    [ 5.34245387e-06  5.25582392e-06  6.03343106e-06  5.50138945e-06
      4.78058089e-06]
    [ 6.54199056e-06  5.44711031e-06  6.48692912e-06  8.14380986e-06
      7.22268816e-06]
    [ 6.84985860e-06  5.82568967e-06  7.50728716e-06  8.42820080e-06
      6.30448366e-06]
    [ 5.80873451e-06  6.46957420e-06  6.54578455e-06  6.04090471e-06
      4.13020511e-06]]

   [[ 8.11067989e-06  9.17236134e-06  9.26876275e-06  8.75743441e-06
      9.74999471e-06]
    [ 8.98469006e-06  9.35137549e-06  8.65272539e-06  1.00364723e-05
      9.54823080e-06]
    [ 9.47755413e-06  9.03159294e-06  9.76370488e-06  1.12981146e-05
      9.05053473e-06]
    [ 1.04202088e-05  1.11807355e-05  1.12628896e-05  9.82770830e-06
      9.36794999e-06]
    [ 1.23614811e-05  1.23867105e-05  9.97575856e-06  8.34693971e-06
      1.04505141e-05]]

   [[ 4.59785387e-06  4.65273471e-06  5.75504667e-06  5.55926119e-06
      3.62111574e-06]
    [ 5.21793627e-06  5.42630215e-06  6.19740457e-06  5.52069229e-06
      4.91084933e-06]
    [ 6.12025764e-06  5.22764743e-06  6.39098550e-06  8.03735251e-06
      7.30975762e-06]
    [ 6.47929504e-06  5.64677839e-06  7.62377151e-06  8.28079034e-06
      6.25179686e-06]
    [ 5.72229739e-06  6.64049705e-06  6.66971140e-06  5.80213518e-06
      4.05977610e-06]]

   [[ 3.65608226e-06  3.93259910e-06  4.87909048e-06  4.24913583e-06
      2.91338434e-06]
    [ 4.54511838e-06  4.34954634e-06  4.47554967e-06  3.79250471e-06
      4.00133036e-06]
    [ 5.45424463e-06  4.62888098e-06  6.36500268e-06  7.58814801e-06
      6.72651567e-06]
    [ 5.74128997e-06  5.42180530e-06  7.71311242e-06  7.63835609e-06
      5.75204123e-06]
    [ 4.96833053e-06  6.33114588e-06  6.30042853e-06  5.19713522e-06
      3.84065591e-06]]]


  [[[ 5.73520369e-06  5.69375183e-06  7.81860979e-06  1.08010356e-05
      9.26402290e-06]
    [ 5.62476837e-06  6.47795295e-06  8.86135449e-06  1.16793933e-05
      8.69844013e-06]
    [ 4.84953697e-06  5.02342051e-06  6.19551595e-06  7.43858357e-06
      6.14612437e-06]
    [ 4.49451889e-06  4.00589683e-06  4.99798264e-06  5.80811787e-06
      5.11745807e-06]
    [ 3.82425983e-06  3.92279340e-06  5.61298845e-06  6.43981552e-06
      5.17644130e-06]]

   [[ 2.51560775e-06  2.99233362e-06  3.73289047e-06  4.31227621e-06
      4.35393790e-06]
    [ 3.37251333e-06  3.66416588e-06  4.63047775e-06  4.53437748e-06
      3.94996035e-06]
    [ 3.12555234e-06  3.87607942e-06  6.33875101e-06  6.55894024e-06
      4.38077365e-06]
    [ 3.04937855e-06  3.74467937e-06  5.08077510e-06  5.83341262e-06
      4.30342951e-06]
    [ 5.52137225e-06  5.75476333e-06  6.25202588e-06  6.32760466e-06
      4.11977122e-06]]

   [[ 3.17623660e-06  3.38531580e-06  4.52722603e-06  5.72630928e-06
      5.10084177e-06]
    [ 3.73105591e-06  3.79674882e-06  5.53632161e-06  5.89382160e-06
      4.42707905e-06]
    [ 3.71209012e-06  3.78814540e-06  7.15476582e-06  7.60506436e-06
      4.69094670e-06]
    [ 3.59113863e-06  4.03221434e-06  6.35303227e-06  6.80159019e-06
      4.61230468e-06]
    [ 5.46969998e-06  5.63735031e-06  6.73500681e-06  7.19703911e-06
      4.29809017e-06]]

   [[ 8.11215756e-06  7.22724873e-06  7.18697928e-06  8.81129441e-06
      1.07277780e-05]
    [ 8.21975396e-06  7.57948564e-06  8.71706588e-06  1.06402850e-05
      1.02107369e-05]
    [ 8.79487274e-06  8.05048317e-06  9.13569348e-06  1.03396263e-05
      8.26139869e-06]
    [ 9.05999557e-06  7.58738936e-06  8.14185201e-06  8.40074960e-06
      7.36478403e-06]
    [ 8.00519474e-06  7.50674026e-06  8.12093909e-06  7.46467713e-06
      7.17163096e-06]]

   [[ 3.26241289e-06  3.61080634e-06  4.62477150e-06  5.65175447e-06
      5.07206849e-06]
    [ 3.76652344e-06  4.04991357e-06  5.61336746e-06  5.93017016e-06
      4.62087532e-06]
    [ 3.58747078e-06  4.02728787e-06  7.24353004e-06  7.62922730e-06
      5.02655739e-06]
    [ 3.46368545e-06  4.25724739e-06  6.45184224e-06  6.78765685e-06
      4.90581938e-06]
    [ 5.28470518e-06  5.85104555e-06  6.75135603e-06  6.90887161e-06
      4.30337652e-06]]

   [[ 2.52408083e-06  2.96014352e-06  3.57944167e-06  3.96217399e-06
      4.48057397e-06]
    [ 3.25727362e-06  3.60062389e-06  4.56858989e-06  4.51881262e-06
      4.22041936e-06]
    [ 3.12606604e-06  4.19121478e-06  6.56654749e-06  6.39395917e-06
      4.20654456e-06]
    [ 3.22306008e-06  4.11398626e-06  5.34958892e-06  5.67376476e-06
      4.24357129e-06]
    [ 5.80940829e-06  6.44838769e-06  6.58483183e-06  6.27744618e-06
      4.12635514e-06]]]


  [[[ 4.30066710e-06  5.01516724e-06  6.12160681e-06  7.05246710e-06
      6.65669030e-06]
    [ 4.46266001e-06  6.06363907e-06  7.28648369e-06  8.33048784e-06
      6.98819858e-06]
    [ 3.23121128e-06  3.57733302e-06  3.71602316e-06  3.79472065e-06
      4.08913337e-06]
    [ 3.36009954e-06  3.35221400e-06  3.86853983e-06  3.43986360e-06
      4.39309343e-06]
    [ 3.20249702e-06  3.81824382e-06  5.04550391e-06  4.90274308e-06
      5.71055312e-06]]

   [[ 1.73073923e-06  2.07530148e-06  2.61563123e-06  3.19800583e-06
      3.43437682e-06]
    [ 3.02466785e-06  3.26939592e-06  3.81566096e-06  3.09721495e-06
      2.80291831e-06]
    [ 3.21532051e-06  3.94754645e-06  5.68285834e-06  4.83565536e-06
      3.24168698e-06]
    [ 3.31897988e-06  3.01503794e-06  4.46724301e-06  5.70621855e-06
      4.45184988e-06]
    [ 5.40358696e-06  4.85471459e-06  6.09897647e-06  7.34892907e-06
      5.34039956e-06]]

   [[ 2.35440539e-06  2.76957924e-06  3.37270956e-06  4.21958077e-06
      4.30548955e-06]
    [ 3.67773442e-06  3.59181277e-06  4.16177921e-06  3.64999941e-06
      3.23703846e-06]
    [ 3.72059421e-06  3.87141201e-06  6.09663330e-06  5.38024878e-06
      3.89623773e-06]
    [ 3.73152478e-06  3.32051554e-06  5.51895044e-06  6.39884049e-06
      5.24940054e-06]
    [ 5.45182653e-06  4.76904558e-06  6.49725589e-06  7.93006029e-06
      5.68382674e-06]]

   [[ 5.55348087e-06  6.02996619e-06  6.06415965e-06  5.25258078e-06
      5.71998109e-06]
    [ 5.47925778e-06  6.53307929e-06  7.59337992e-06  7.14584691e-06
      6.42482721e-06]
    [ 6.11028843e-06  6.66948417e-06  6.50011205e-06  6.55152385e-06
      4.99432012e-06]
    [ 6.83173732e-06  6.82101565e-06  6.24726983e-06  6.09802000e-06
      4.26211168e-06]
    [ 6.78202754e-06  6.30151591e-06  5.95271497e-06  5.53432885e-06
      4.16757547e-06]]

   [[ 2.33159959e-06  2.90579831e-06  3.53902589e-06  4.16652627e-06
      4.36571598e-06]
    [ 3.45562948e-06  3.65343273e-06  4.25065334e-06  3.52690907e-06
      3.46025410e-06]
    [ 3.74114690e-06  4.15070938e-06  6.24293827e-06  5.24449929e-06
      4.22048546e-06]
    [ 3.67521358e-06  3.71351764e-06  5.99859336e-06  6.20309167e-06
      5.63647094e-06]
    [ 5.10770089e-06  4.58616215e-06  6.49265078e-06  7.63616575e-06
      5.93448580e-06]]

   [[ 1.76931419e-06  2.04542121e-06  2.44769521e-06  2.96018999e-06
      3.63118812e-06]
    [ 2.97269975e-06  3.10071190e-06  3.63653824e-06  2.89539619e-06
      3.01385263e-06]
    [ 3.22044411e-06  4.03235750e-06  5.72503953e-06  4.53865584e-06
      3.35688867e-06]
    [ 3.27783015e-06  3.15108994e-06  4.87291792e-06  5.65789450e-06
      4.55145178e-06]
    [ 5.30489536e-06  5.24305561e-06  6.64597170e-06  7.30558908e-06
      5.36986322e-06]]]


  [[[ 5.91056453e-06  6.79589693e-06  9.85392327e-06  1.22417493e-05
      1.08930994e-05]
    [ 6.24060154e-06  8.52098604e-06  1.08863896e-05  1.34130933e-05
      1.14741930e-05]
    [ 6.82058618e-06  6.65183933e-06  6.40894245e-06  7.27283829e-06
      6.64741744e-06]
    [ 6.77972067e-06  5.99094767e-06  6.45397517e-06  6.60242680e-06
      5.60773251e-06]
    [ 4.69233352e-06  4.85407909e-06  6.55322178e-06  7.27288984e-06
      6.50391263e-06]]

   [[ 3.10538693e-06  3.96261947e-06  4.81492251e-06  5.98762133e-06
      5.85383161e-06]
    [ 4.94716436e-06  5.50581524e-06  6.74108678e-06  6.38021359e-06
      4.27896122e-06]
    [ 4.14873844e-06  5.25527475e-06  7.84270704e-06  7.47800891e-06
      4.94772765e-06]
    [ 3.91339510e-06  3.59074240e-06  4.95624264e-06  6.65492469e-06
      5.83962044e-06]
    [ 8.17452420e-06  7.05693512e-06  7.54400241e-06  8.64130201e-06
      7.02801134e-06]]

   [[ 4.02144722e-06  4.97357671e-06  5.70394567e-06  6.82166500e-06
      6.51059498e-06]
    [ 5.88285109e-06  6.16756984e-06  7.27800830e-06  7.16574891e-06
      4.82134110e-06]
    [ 5.16752768e-06  5.46295836e-06  8.76130688e-06  8.63669266e-06
      5.36692282e-06]
    [ 4.32235795e-06  3.61451266e-06  6.12319157e-06  7.50961518e-06
      6.28239885e-06]
    [ 7.68114038e-06  6.60617294e-06  7.77355569e-06  9.33136135e-06
      7.15796436e-06]]

   [[ 9.30314491e-06  8.74862825e-06  1.00128446e-05  1.05136178e-05
      1.16260966e-05]
    [ 8.86105686e-06  9.98487852e-06  1.27823130e-05  1.22285096e-05
      1.11302934e-05]
    [ 1.09727333e-05  1.13230346e-05  1.14862649e-05  9.89947800e-06
      8.18606197e-06]
    [ 1.24224025e-05  1.07128859e-05  9.94513004e-06  8.35548974e-06
      7.21313719e-06]
    [ 9.39021185e-06  8.39319077e-06  8.25993590e-06  7.86569447e-06
      7.01595253e-06]]

   [[ 4.18819350e-06  5.19421117e-06  5.82184692e-06  6.91334762e-06
      6.50366796e-06]
    [ 5.99327680e-06  6.38542794e-06  7.50441835e-06  7.30375258e-06
      4.91951111e-06]
    [ 5.14739568e-06  5.89467445e-06  9.08076339e-06  8.50496865e-06
      5.60095902e-06]
    [ 3.98904455e-06  3.91183863e-06  6.36847325e-06  7.35104816e-06
      6.51998864e-06]
    [ 7.23777097e-06  6.44627192e-06  7.63415017e-06  9.10271800e-06
      7.10804619e-06]]

   [[ 3.12748329e-06  3.87624564e-06  4.58741101e-06  5.68440422e-06
      5.99221191e-06]
    [ 4.85017507e-06  5.42086522e-06  6.49481906e-06  6.25831508e-06
      4.55286305e-06]
    [ 4.11132949e-06  5.49248730e-06  7.85504686e-06  7.30646603e-06
      4.84942861e-06]
    [ 3.91667848e-06  3.73757066e-06  5.18991068e-06  6.67208999e-06
      6.02013584e-06]
    [ 8.29482200e-06  7.72834391e-06  8.27897214e-06  8.88875974e-06
      7.20559064e-06]]]


  [[[ 5.36733566e-06  6.27050324e-06  9.31905578e-06  1.18482686e-05
      1.05686298e-05]
    [ 5.70020068e-06  8.05197745e-06  1.09179571e-05  1.35295749e-05
      1.11855664e-05]
    [ 6.09718948e-06  6.26650308e-06  6.65707930e-06  7.22166512e-06
      6.46666843e-06]
    [ 5.82761003e-06  5.30364204e-06  6.04083279e-06  5.95550721e-06
      5.03320381e-06]
    [ 4.32352667e-06  4.71021465e-06  6.36163039e-06  6.88994066e-06
      5.82659494e-06]]

   [[ 2.74565480e-06  3.55640990e-06  4.63266411e-06  5.88192208e-06
      5.62069073e-06]
    [ 4.32516049e-06  5.06789149e-06  6.28976922e-06  5.79170407e-06
      3.98715117e-06]
    [ 3.75264867e-06  5.05755167e-06  7.82876765e-06  7.36451329e-06
      4.71653657e-06]
    [ 3.64471456e-06  3.97431248e-06  5.42988165e-06  6.63938673e-06
      5.67362256e-06]
    [ 7.76355376e-06  7.36728088e-06  7.75188982e-06  8.47005726e-06
      6.66379096e-06]]

   [[ 3.60699979e-06  4.54834219e-06  5.67327031e-06  6.90991010e-06
      6.26748746e-06]
    [ 5.04697161e-06  5.54245804e-06  7.00036145e-06  6.72888733e-06
      4.45454799e-06]
    [ 4.50011326e-06  5.09424808e-06  8.67671498e-06  8.32439120e-06
      4.91548926e-06]
    [ 4.06753392e-06  3.99996932e-06  6.53032729e-06  7.31996841e-06
      5.88224840e-06]
    [ 7.49508922e-06  6.93885804e-06  8.04378430e-06  9.13960524e-06
      6.78262577e-06]]

   [[ 8.73591448e-06  8.26093841e-06  9.24998748e-06  9.90091093e-06
      1.14125548e-05]
    [ 8.33181662e-06  9.14617227e-06  1.17946752e-05  1.22453455e-05
      1.14635487e-05]
    [ 1.04178277e-05  1.07853834e-05  1.14753972e-05  1.07011530e-05
      8.68871132e-06]
    [ 1.14138965e-05  1.02148283e-05  1.01064330e-05  8.40965631e-06
      7.07413878e-06]
    [ 8.84205861e-06  8.14706613e-06  8.34953313e-06  7.53894595e-06
      6.74669607e-06]]

   [[ 3.74155311e-06  4.76874079e-06  5.78824942e-06  6.97206384e-06
      6.20005409e-06]
    [ 5.15015185e-06  5.75407986e-06  7.13443298e-06  6.82403942e-06
      4.55283325e-06]
    [ 4.46483517e-06  5.48238979e-06  8.89978300e-06  8.25410265e-06
      5.16660119e-06]
    [ 3.80167976e-06  4.30944765e-06  6.65890640e-06  7.17648267e-06
      6.15902413e-06]
    [ 7.12016116e-06  6.88330497e-06  7.88000278e-06  8.89079449e-06
      6.74389442e-06]]

   [[ 2.77750208e-06  3.55050096e-06  4.45593406e-06  5.47204767e-06
      5.68808236e-06]
    [ 4.21395608e-06  4.97536686e-06  6.07677138e-06  5.63731103e-06
      4.23496838e-06]
    [ 3.69638984e-06  5.31738169e-06  7.91299420e-06  7.13602967e-06
      4.54010199e-06]
    [ 3.68949685e-06  4.18509192e-06  5.56143859e-06  6.57137994e-06
      5.82453317e-06]
    [ 7.99986934e-06  8.01631376e-06  8.27530472e-06  8.65227108e-06
      6.85359748e-06]]]


  [[[ 7.83979180e-06  8.45691591e-06  7.94704962e-06  9.08336382e-06
      8.08763571e-06]
    [ 7.47417989e-06  7.88226386e-06  8.54751587e-06  9.11355161e-06
      6.98194340e-06]
    [ 6.61400320e-06  7.33976187e-06  8.01420184e-06  7.36428051e-06
      6.02282420e-06]
    [ 7.00490944e-06  6.28217033e-06  5.40483490e-06  5.86117587e-06
      5.99109629e-06]
    [ 6.71843510e-06  5.04273134e-06  6.37989429e-06  7.26585100e-06
      5.51305656e-06]]

   [[ 3.47129494e-06  4.03628551e-06  5.09185274e-06  4.49302145e-06
      2.81761891e-06]
    [ 4.31926421e-06  4.50368760e-06  4.63857583e-06  3.69677437e-06
      3.51742317e-06]
    [ 5.27322021e-06  4.63284531e-06  6.39204967e-06  7.74158411e-06
      6.45918016e-06]
    [ 5.29993281e-06  5.16056883e-06  7.18855671e-06  7.68926993e-06
      5.48192162e-06]
    [ 4.92766320e-06  5.97875836e-06  5.93426212e-06  5.18325567e-06
      3.66643511e-06]]

   [[ 4.09678978e-06  4.35167308e-06  5.77597472e-06  5.67237921e-06
      3.34878790e-06]
    [ 4.81131338e-06  5.07799745e-06  5.93020470e-06  5.28273223e-06
      4.50333464e-06]
    [ 6.20104246e-06  5.33814300e-06  6.67701220e-06  8.27128885e-06
      6.82105322e-06]
    [ 6.36850312e-06  5.66859159e-06  7.40056483e-06  7.97686526e-06
      5.60567027e-06]
    [ 5.53158766e-06  6.20477144e-06  6.20918081e-06  5.76580095e-06
      3.78528094e-06]]

   [[ 7.59004828e-06  8.79238415e-06  9.48332229e-06  9.18003166e-06
      9.40207855e-06]
    [ 8.10251029e-06  8.82907497e-06  9.21975461e-06  1.01924931e-05
      8.84389478e-06]
    [ 8.66635107e-06  8.65139899e-06  1.00269425e-05  1.07481458e-05
      8.39715095e-06]
    [ 9.95228549e-06  1.05402072e-05  1.04752745e-05  9.19072806e-06
      9.35052144e-06]
    [ 1.17166260e-05  1.14466759e-05  9.15519614e-06  8.21517350e-06
      1.03648203e-05]]

   [[ 4.20221394e-06  4.64465075e-06  5.92105325e-06  5.43777093e-06
      3.30560182e-06]
    [ 4.74389715e-06  5.27362114e-06  6.09745300e-06  5.33360646e-06
      4.64186419e-06]
    [ 5.83034049e-06  5.17303070e-06  6.63852141e-06  8.20757685e-06
      6.91882852e-06]
    [ 6.04067509e-06  5.57036535e-06  7.54356557e-06  7.84102998e-06
      5.57167886e-06]
    [ 5.48978908e-06  6.43807740e-06  6.33597020e-06  5.54191602e-06
      3.66715467e-06]]

   [[ 3.42837087e-06  3.96060654e-06  4.95832431e-06  4.14117806e-06
      2.74664160e-06]
    [ 4.23278065e-06  4.23085512e-06  4.37575485e-06  3.66010003e-06
      3.82767934e-06]
    [ 5.23319806e-06  4.69254386e-06  6.64055869e-06  7.65643290e-06
      6.35089712e-06]
    [ 5.36964799e-06  5.43394438e-06  7.52310588e-06  7.18118380e-06
      5.14937943e-06]
    [ 4.85815011e-06  6.14841866e-06  5.95321340e-06  5.01474474e-06
      3.55386148e-06]]]


  [[[ 9.78515457e-06  8.61457803e-06  7.24777470e-06  9.37786387e-06
      9.91619316e-06]
    [ 8.43784695e-06  7.37192000e-06  7.88444114e-06  1.10811762e-05
      9.76204112e-06]
    [ 7.69872071e-06  7.24409337e-06  9.39176900e-06  1.04804738e-05
      7.78499777e-06]
    [ 8.24308460e-06  7.35961688e-06  6.72703661e-06  5.71311059e-06
      5.72121618e-06]
    [ 8.37418356e-06  6.14491303e-06  5.35128056e-06  5.53699280e-06
      5.56234673e-06]]

   [[ 4.11789539e-06  4.32747758e-06  5.11309575e-06  4.96164610e-06
      3.49924072e-06]
    [ 5.35729362e-06  5.49498979e-06  6.08168003e-06  4.22016587e-06
      3.19685593e-06]
    [ 6.33812177e-06  5.76616241e-06  6.36533812e-06  6.27046697e-06
      6.08637185e-06]
    [ 6.72713147e-06  5.76658472e-06  6.76820960e-06  7.78027108e-06
      7.04099456e-06]
    [ 5.09245740e-06  6.14352631e-06  6.45922723e-06  5.73353132e-06
      4.82609585e-06]]

   [[ 4.82608135e-06  4.65127829e-06  5.98135550e-06  6.56684650e-06
      4.40181916e-06]
    [ 6.09465014e-06  6.16686671e-06  7.63143666e-06  5.98095996e-06
      4.15065821e-06]
    [ 7.10478677e-06  6.50003976e-06  6.70754832e-06  6.69809636e-06
      6.59954839e-06]
    [ 7.73327573e-06  6.54794063e-06  6.72374950e-06  8.03095074e-06
      7.43709454e-06]
    [ 6.16010442e-06  6.49610109e-06  6.65662221e-06  6.46736682e-06
      5.14892741e-06]]

   [[ 1.08404776e-05  1.04906341e-05  9.08014088e-06  8.75477323e-06
      1.10955085e-05]
    [ 1.10730582e-05  9.91748884e-06  8.15005791e-06  1.13584011e-05
      1.23564235e-05]
    [ 1.06874629e-05  9.31529754e-06  1.04221943e-05  1.48484773e-05
      1.17302861e-05]
    [ 1.10725950e-05  1.15913694e-05  1.38977440e-05  1.35792215e-05
      9.80356950e-06]
    [ 1.27311842e-05  1.31497291e-05  1.28581427e-05  1.02083097e-05
      9.77896457e-06]]

   [[ 4.89302215e-06  4.91820239e-06  6.07450571e-06  6.31616038e-06
      4.36828972e-06]
    [ 5.87655287e-06  6.33870986e-06  7.66844491e-06  5.71937935e-06
      4.23968285e-06]
    [ 6.72228469e-06  6.27932529e-06  6.37402491e-06  6.27253497e-06
      6.60866507e-06]
    [ 7.50759633e-06  6.29519179e-06  6.57641524e-06  7.75294876e-06
      7.32150137e-06]
    [ 5.97460487e-06  6.47835457e-06  6.63768423e-06  6.13505596e-06
      5.21052363e-06]]

   [[ 4.03650706e-06  4.26829301e-06  5.09660849e-06  4.73418361e-06
      3.52550309e-06]
    [ 5.16706357e-06  5.40387978e-06  5.83274772e-06  3.92950893e-06
      3.55509307e-06]
    [ 6.28620066e-06  5.67424508e-06  6.22049606e-06  6.18027746e-06
      6.31754132e-06]
    [ 6.94506017e-06  5.86898615e-06  6.73966631e-06  7.34252632e-06
      6.85602646e-06]
    [ 5.03279430e-06  6.03991420e-06  6.15967386e-06  5.39922287e-06
      4.71221271e-06]]]


  [[[ 9.40835972e-06  8.50389293e-06  7.27602347e-06  9.41095537e-06
      9.85946583e-06]
    [ 8.40290515e-06  7.50253741e-06  7.93791530e-06  1.10956208e-05
      9.87009391e-06]
    [ 7.48703432e-06  7.13797301e-06  9.21773069e-06  1.04574468e-05
      8.16271736e-06]
    [ 7.51142797e-06  7.05729910e-06  6.78114870e-06  6.14332759e-06
      6.27316775e-06]
    [ 7.51441374e-06  5.91711668e-06  5.62308526e-06  6.01650932e-06
      5.85371021e-06]]

   [[ 3.75975876e-06  3.96319348e-06  4.83497377e-06  4.87652607e-06
      3.58367609e-06]
    [ 4.85393063e-06  5.05944863e-06  5.84935972e-06  4.41492925e-06
      3.62583868e-06]
    [ 5.72785808e-06  5.39790553e-06  6.45065541e-06  6.59964802e-06
      6.27463409e-06]
    [ 6.11681390e-06  5.67388514e-06  6.96362239e-06  7.74809467e-06
      6.67357340e-06]
    [ 5.06340074e-06  6.51154380e-06  6.58221361e-06  5.50404439e-06
      4.34438456e-06]]

   [[ 4.44218125e-06  4.32183483e-06  5.66349808e-06  6.39625579e-06
      4.58197156e-06]
    [ 5.53561884e-06  5.72297793e-06  7.32195164e-06  6.17220292e-06
      4.75166838e-06]
    [ 6.38637978e-06  6.13075694e-06  6.85398474e-06  7.09891964e-06
      6.78312858e-06]
    [ 7.06958759e-06  6.46439355e-06  7.01836908e-06  8.08112521e-06
      7.04523196e-06]
    [ 6.03679773e-06  6.89413582e-06  6.85175447e-06  6.28755097e-06
      4.67815951e-06]]

   [[ 1.02613726e-05  9.88333089e-06  8.65630682e-06  8.27239744e-06
      1.07190825e-05]
    [ 1.06618727e-05  9.41449592e-06  7.82077475e-06  1.07171091e-05
      1.18953420e-05]
    [ 1.03309928e-05  8.82214779e-06  9.82241660e-06  1.38562451e-05
      1.13309563e-05]
    [ 1.04247412e-05  1.08422299e-05  1.30190852e-05  1.27560138e-05
      9.77358559e-06]
    [ 1.17229087e-05  1.22470840e-05  1.21562933e-05  9.85279759e-06
      9.74338866e-06]]

   [[ 4.54570194e-06  4.61281603e-06  5.78747947e-06  6.16966261e-06
      4.53756105e-06]
    [ 5.38056649e-06  5.92940419e-06  7.40194115e-06  5.97591638e-06
      4.81781695e-06]
    [ 6.02622905e-06  5.93415652e-06  6.54786376e-06  6.73888430e-06
      6.80167757e-06]
    [ 6.85028446e-06  6.22164774e-06  6.87207387e-06  7.85177434e-06
      6.96162138e-06]
    [ 5.91119547e-06  6.91723944e-06  6.84953408e-06  6.00504689e-06
      4.71950753e-06]]

   [[ 3.69971053e-06  3.94829790e-06  4.87112918e-06  4.69418610e-06
      3.63321170e-06]
    [ 4.70573795e-06  4.99254382e-06  5.69543806e-06  4.26388275e-06
      4.01983902e-06]
    [ 5.70252496e-06  5.40126149e-06  6.37362970e-06  6.49683449e-06
      6.41544113e-06]
    [ 6.34703489e-06  5.84565387e-06  6.93598189e-06  7.33159881e-06
      6.49211357e-06]
    [ 5.07276060e-06  6.44880733e-06  6.29333404e-06  5.24639005e-06
      4.25155031e-06]]]


  [[[ 4.08474314e-06  4.84980016e-06  6.08433821e-06  7.08069247e-06
      6.63655756e-06]
    [ 4.37569664e-06  6.22123558e-06  7.47538728e-06  8.36701942e-06
      7.11510910e-06]
    [ 3.29372708e-06  3.71315054e-06  3.61269426e-06  3.58335736e-06
      4.22158401e-06]
    [ 3.57052157e-06  3.50517602e-06  4.02845440e-06  3.55391582e-06
      4.32193010e-06]
    [ 3.27376406e-06  3.86103571e-06  5.12448999e-06  4.91327342e-06
      5.43027827e-06]]

   [[ 1.64855694e-06  2.04698379e-06  2.57775493e-06  3.12448991e-06
      3.41034942e-06]
    [ 3.07622706e-06  3.34918437e-06  3.82429802e-06  3.12417479e-06
      2.82976285e-06]
    [ 3.29710947e-06  3.98111641e-06  5.86074356e-06  5.06286761e-06
      3.22500236e-06]
    [ 3.22733156e-06  2.92067553e-06  4.40196986e-06  5.47362426e-06
      4.05915348e-06]
    [ 5.36611178e-06  4.91670718e-06  6.10252643e-06  7.02700465e-06
      5.00094505e-06]]

   [[ 2.28769950e-06  2.84044443e-06  3.44396478e-06  4.08784682e-06
      4.33867099e-06]
    [ 3.73469048e-06  3.77353253e-06  4.21981443e-06  3.60674678e-06
      3.31966719e-06]
    [ 3.84933726e-06  4.02701045e-06  6.38438067e-06  5.63602096e-06
      3.84377638e-06]
    [ 3.60675652e-06  3.21063021e-06  5.46300340e-06  6.12091487e-06
      4.79580531e-06]
    [ 5.35518513e-06  4.79637560e-06  6.44789314e-06  7.54658560e-06
      5.30278273e-06]]

   [[ 5.43397500e-06  5.88352651e-06  6.08696777e-06  5.38649785e-06
      5.76360040e-06]
    [ 5.40362707e-06  6.55033638e-06  7.84582352e-06  7.35435656e-06
      6.40403080e-06]
    [ 6.11299252e-06  6.78422090e-06  6.58739494e-06  6.24093392e-06
      4.63809501e-06]
    [ 6.91106667e-06  7.02750278e-06  6.38669353e-06  5.88822076e-06
      4.15537095e-06]
    [ 6.85803259e-06  6.54254463e-06  6.15966446e-06  5.57147575e-06
      4.16415249e-06]]

   [[ 2.25546643e-06  2.97857226e-06  3.59168232e-06  4.04144284e-06
      4.39166600e-06]
    [ 3.53811824e-06  3.85775123e-06  4.31191423e-06  3.52180269e-06
      3.55296354e-06]
    [ 3.90634706e-06  4.32623155e-06  6.53164141e-06  5.51502646e-06
      4.14302593e-06]
    [ 3.52396981e-06  3.57694656e-06  5.91930207e-06  5.92781580e-06
      5.09563416e-06]
    [ 4.99370309e-06  4.59880468e-06  6.39946301e-06  7.26048329e-06
      5.53250156e-06]]

   [[ 1.71054000e-06  2.05860884e-06  2.41918984e-06  2.89860892e-06
      3.61635603e-06]
    [ 3.06311586e-06  3.19896026e-06  3.68341520e-06  2.98173566e-06
      3.05228159e-06]
    [ 3.29668474e-06  4.02130301e-06  5.92294496e-06  4.77129005e-06
      3.29686098e-06]
    [ 3.15518573e-06  3.00440458e-06  4.75935123e-06  5.39459008e-06
      4.12793350e-06]
    [ 5.23346771e-06  5.24945686e-06  6.62479399e-06  7.00318268e-06
      5.05164354e-06]]]]]