[[[ 9.64235528e-06  2.17831263e-06 -7.20234906e-05 -1.23432522e-05
    2.01341425e-05  5.95581517e-05  2.75434103e-05  1.21493749e-06
    1.95013924e-04 -1.42841305e-05]
  [ 1.63378250e-07 -4.22985318e-06 -1.29435275e-06  1.09258010e-05
    1.21340692e-04  1.63397095e-05  2.56299218e-05  3.73221070e-05
    1.26523102e-05  2.77021317e-05]
  [ 8.77271327e-06  5.32726043e-05  7.34460278e-05  2.59875303e-06
   -7.86082972e-07 -7.97219433e-05  5.91584631e-05  2.85372947e-05
    2.26709541e-04  5.54982340e-05]
  [ 1.12797294e-05  5.25854976e-05  3.96953175e-05 -3.50638893e-06
    1.30324003e-04  4.13173278e-05  6.12330839e-05  1.56043327e-05
    2.34593990e-04 -5.71856299e-05]
  [ 7.46529327e-06  5.75044501e-05  5.66968950e-05  3.47898083e-06
    4.02455694e-06  3.98859461e-06  2.07732413e-05  5.25557292e-06
   -3.43659062e-05  7.61464017e-05]
  [ 9.66667783e-06  5.74839103e-05  4.34154040e-05 -5.34912551e-06
    1.54032449e-05  5.00002632e-06  1.03341129e-05 -3.46961091e-06
    1.36307041e-04  3.43374304e-05]
  [ 1.07754686e-07  7.94707789e-07  1.26676862e-05  1.57344958e-06
    1.26864087e-04  8.32537904e-05  2.64270406e-07  3.38625112e-05
    5.24195102e-06 -5.13067370e-05]
  [ 9.46702491e-06  4.37321411e-07 -8.82515480e-05  2.07182038e-06
    1.30950327e-07  8.70532327e-06  2.48198240e-06  4.30191069e-06
    7.30223933e-06 -2.24899256e-07]
  [-9.72248259e-06  1.54806438e-06  4.19325835e-05 -1.27661769e-07
    1.49045203e-05  4.90213650e-05  1.53405304e-06  5.84376150e-06
    2.55131453e-06  5.88713660e-05]
  [ 1.49845908e-06  2.53664516e-06  8.57052042e-07  4.06974810e-06
    2.55088498e-06 -8.82479671e-07  5.01022624e-05  2.51369192e-05
    1.50849773e-05  1.08304772e-04]
  [ 7.67209970e-06  5.33783743e-05  8.05431766e-05  3.73178869e-06
    1.04456212e-05 -8.01816290e-05  5.91238050e-05  2.71500235e-05
    2.21601619e-04  1.10362611e-04]
  [-7.92104672e-07  9.31289896e-07  2.09944191e-06  6.07411854e-06
    1.13503968e-04  4.40939400e-05  4.87312197e-05  2.36964994e-05
    2.14173076e-07  2.53046655e-05]
  [-6.27813943e-07  1.15306700e-06 -1.00582096e-05 -8.63602123e-06
    7.99628012e-05  3.37392481e-05  5.64997175e-05  9.32443992e-07
    2.13507356e-04  8.62256181e-06]
  [ 6.55297150e-06  1.48789433e-05 -3.35915097e-05 -9.43855698e-06
    4.09486272e-06  1.18321990e-04  1.36713220e-06  1.96066517e-05
   -1.37557696e-05  4.57894344e-05]
  [ 1.06430929e-05  3.08437057e-06 -6.11649318e-05 -1.07709523e-05
    7.70027700e-05  4.82470313e-05  5.71465928e-05  2.02538753e-05
    2.27388617e-04  1.01558012e-05]
  [-1.15427974e-05  1.84835515e-06  6.30664943e-05 -4.89160082e-06
    1.36515495e-04  1.26277776e-04  1.25013834e-06 -2.80072342e-06
    2.53765651e-06 -3.28287068e-05]
  [ 1.07709833e-05  4.06217046e-05 -7.01119494e-07  9.25167254e-06
    1.28615072e-04 -7.60596913e-05  6.12190933e-05  6.52445976e-06
    2.41152619e-04 -2.25853429e-05]
  [ 6.98978045e-07  5.05485734e-05  1.16495082e-04 -3.70441916e-06
    1.15858856e-04  3.37337812e-05  6.16516513e-05  1.64541719e-05
    2.25381831e-04  2.50911097e-05]
  [ 4.48873395e-06  2.26882586e-06 -1.10857009e-05 -1.02784685e-05
    1.94487029e-06  1.14019648e-04  8.41196582e-07  2.79989556e-05
    3.30681105e-06 -1.93757565e-06]
  [-3.83883814e-06  4.45915725e-05  1.28652036e-04  8.93227558e-06
    1.27976554e-04 -8.06410731e-05  6.01063014e-05 -6.30824271e-06
    2.44137549e-04  2.78663679e-05]
  [ 9.69331466e-06  5.66078568e-05  3.83211805e-05  1.74696196e-06
    1.30602312e-05  8.84656611e-06  4.36465781e-06  6.25125025e-06
   -2.27385468e-05  3.42237445e-05]
  [-3.79189503e-06  3.91449744e-05  1.17965328e-04  9.65877416e-06
    1.29209918e-04 -8.27241135e-05  6.00793534e-05 -5.53103745e-06
    2.49416901e-04  2.43085910e-05]
  [ 2.44198316e-05  5.43256846e-05 -2.78819705e-05 -1.71528678e-06
    1.31085154e-04  4.02111880e-05  6.00180913e-05  4.38589854e-05
    2.29554326e-04  2.30820722e-05]
  [ 1.04067192e-05  1.89020705e-05 -3.83275875e-05 -2.70971397e-06
    1.67206812e-05 -5.65597090e-05  1.28788364e-05 -1.82021608e-05
    2.55457308e-04 -6.49680531e-08]
  [ 1.89872548e-05  5.42989998e-05 -3.60671926e-06 -1.91135000e-06
    1.17468289e-04  4.11642008e-05  6.21872133e-05  3.96511052e-05
    2.25848405e-04  2.51235510e-05]
  [-8.99693882e-06  1.16790891e-05  7.08169302e-05  1.08104185e-05
    1.17206973e-04 -1.57381000e-06  5.17692484e-05 -2.60234717e-06
    1.76609969e-05  2.74307920e-05]
  [ 7.39238661e-06  5.61536360e-05  5.55073440e-05  3.46117313e-06
    3.47981293e-06  3.70665133e-06  2.14553125e-05  5.22287942e-06
   -3.19171309e-05  7.54145173e-05]
  [ 6.74685385e-08 -3.36364953e-06  8.39078507e-06  1.33524194e-06
    1.11646414e-04  7.56174228e-05  3.61938705e-07  1.98110239e-05
    1.08248557e-05 -9.16285081e-06]
  [ 6.30110445e-07  5.17177639e-05  1.19237866e-04 -3.93681565e-06
    1.15694730e-04  3.47134060e-05  6.19399855e-05  1.71023778e-05
    2.26141962e-04  2.50865666e-05]
  [-3.02271635e-06  5.50572554e-06  1.72180705e-05 -1.25523940e-06
    6.13510979e-06  4.08313253e-05  1.98164291e-05  8.88193887e-06
   -1.60236159e-06  6.95193134e-05]
  [-1.07204366e-05  2.89311168e-06  6.02688815e-05 -3.76653473e-06
    1.42811411e-04  1.25417051e-04  9.28931524e-07  6.44302227e-06
    4.48427687e-07 -2.93913899e-05]
  [ 7.64366822e-06  5.29396855e-05  8.02262844e-05  4.90438794e-06
    1.17819610e-05 -8.47470510e-05  5.87139394e-05  2.91419495e-05
    2.22294504e-04  9.06633044e-05]
  [ 3.15351298e-06  1.64388107e-06 -9.21696559e-06 -9.49091822e-07
    1.27618512e-04  7.36935113e-05  5.36962890e-05  3.57348874e-05
    1.11128161e-04  1.93984564e-05]
  [-1.21018516e-05  3.61276117e-07  6.18134531e-05  3.82761031e-06
    7.38740869e-05  2.25259418e-05  2.06331633e-05 -8.56605211e-06
    4.11168182e-06  1.01459490e-04]
  [ 1.83412660e-07  8.22848869e-07  5.68996420e-06  4.66726060e-06
    1.20938749e-04  5.44958616e-05  4.85150793e-05  2.50324635e-05
    1.36965686e-06  2.51778084e-05]
  [ 1.46317296e-05  7.65746781e-06 -8.23315992e-05  1.58730792e-06
    1.49323553e-05  9.42288943e-06 -5.06417606e-07  2.63588392e-05
    4.45518680e-06  1.38085990e-07]
  [ 9.22693990e-06  5.12200857e-05  4.80287242e-05 -1.25038382e-05
    1.60535944e-06  1.14010965e-04  3.52088673e-06 -4.12794644e-07
    1.38036118e-05  1.86985657e-06]
  [-6.11667791e-06  9.00502653e-07  3.00170600e-05 -4.04187763e-06
    5.37178076e-06 -4.20836669e-05  5.40591594e-05 -1.46069092e-05
    2.39960423e-04  4.29773423e-05]
  [ 1.00325544e-05  8.51627237e-06 -7.00768385e-05 -1.20468357e-05
    1.05530685e-06  1.25993810e-04  1.94563361e-06  7.85898079e-06
   -3.96989341e-06 -1.49342448e-06]
  [ 6.12219626e-08 -2.63006098e-06  8.58648353e-06  5.19721137e-07
    1.27884048e-04  8.74793057e-05  2.33409406e-07  2.54609247e-05
    1.04191128e-05 -4.76959075e-05]
  [ 1.08863965e-05  5.31059029e-05  4.18183099e-05 -1.21274458e-05
    1.72383501e-05  3.07131603e-05  1.01714500e-05 -1.92432081e-06
    2.33557172e-04  2.56769750e-07]
  [-5.89672710e-06  8.48714989e-07  2.92683397e-05 -4.61892905e-07
    1.21546783e-05 -7.13061906e-05  5.77733615e-05 -1.50914793e-05
    2.44145792e-04  7.32974424e-05]
  [ 1.02298887e-05  1.51581190e-06 -7.91403584e-05  2.51849851e-06
    1.52426195e-05  4.41077114e-06 -4.11466417e-07  5.97539604e-06
    1.08526372e-05  1.27555725e-07]
  [ 6.02315204e-06  5.25054353e-05  5.95103864e-05  7.58935831e-06
    6.26056574e-05 -2.27061560e-05  5.42580599e-05  1.36368247e-05
    5.21153883e-05  9.76397927e-05]
  [ 2.05437260e-05  4.91676182e-05 -1.54573763e-05 -8.53353633e-06
    9.60942096e-06  1.76959237e-05  5.96539850e-05  3.13290383e-05
    2.31496017e-04  4.99703146e-05]
  [ 3.24798688e-06  5.38292229e-05  1.04986917e-04 -3.17571497e-06
    1.15881388e-04  3.11891258e-05  6.22123999e-05  2.03220499e-05
    2.23773419e-04  2.51097931e-05]
  [-9.90162567e-06  1.33794770e-06  5.84987441e-05 -1.24703911e-05
    1.29429468e-06  1.19395377e-04  4.13821716e-07 -7.49855532e-06
    1.06623811e-06  7.88649805e-05]
  [-1.13632694e-05  1.77578833e-06  6.81922222e-05 -4.48558764e-06
    1.13929110e-04  8.27270039e-05  5.39719694e-05 -7.61026151e-06
    9.23487910e-05  1.41178667e-06]
  [ 9.91883203e-06  5.28789935e-05  3.60436497e-05 -3.36864167e-06
    1.44523751e-04  4.45287063e-05  1.14273723e-05  1.25365785e-05
    2.16096672e-04 -9.48399936e-05]
  [ 9.08312427e-06  3.85550538e-06 -3.81830492e-05 -1.06688074e-05
    1.82718363e-06  1.17883090e-04  9.84996397e-07  2.81901919e-05
    3.23346201e-06 -3.21328616e-06]
  [ 6.43926684e-07  4.09153010e-05  9.50017201e-05  7.26780869e-06
    9.10164574e-05  3.68331794e-08  8.33210171e-07  1.38763566e-05
   -1.16973987e-05 -1.50648207e-05]
  [-6.22654571e-06  6.60576868e-06  4.49386586e-05  7.87763662e-06
    1.26769955e-04 -8.53686335e-05  6.00812439e-05 -9.11165135e-06
    2.61708361e-04 -2.11858225e-06]
  [ 1.02395023e-05  5.32361755e-05  3.91722536e-05 -6.21902467e-06
    1.32863804e-04  3.88445397e-05  1.41284250e-05  1.19983993e-06
    2.33465451e-04 -1.39294271e-04]
  [ 9.53740714e-06  5.35875783e-05  3.85786123e-05 -2.67428088e-06
    1.28103805e-04  8.71698867e-05  7.17330648e-06  2.05878305e-05
    9.55544830e-05 -7.02630251e-05]
  [ 9.71093537e-06  2.66641318e-06 -8.05136063e-05 -1.21409083e-05
    7.98300496e-06  1.21732164e-04  2.96633366e-06  8.07280333e-07
    1.97242222e-05 -9.84382304e-06]
  [ 2.43062977e-05  5.43090518e-05 -2.69600492e-05 -1.94339492e-06
    1.30853716e-04  3.98377025e-05  6.00174604e-05  4.46406942e-05
    2.29435358e-04 -1.00323988e-05]
  [ 2.16744732e-06 -2.08350366e-06  2.69571193e-07  9.63456847e-06
    1.22532936e-04  2.41308730e-05  4.98041924e-05  4.07268397e-05
    2.32799054e-05  2.78785538e-05]
  [ 3.78633879e-06  6.37360791e-06 -3.54369473e-05 -6.79608664e-06
    1.44374262e-06  8.96783500e-05  2.33944822e-06  3.91770593e-06
   -3.51498439e-06  7.44207906e-05]
  [ 2.31370830e-05  5.25567555e-05 -2.12669187e-05  7.44991536e-06
    1.24759363e-04 -6.58945514e-05  6.00042012e-05  2.77066557e-05
    2.31676406e-04 -4.31913474e-05]
  [ 6.59914859e-07  1.18163458e-06  2.17316332e-06  5.96128708e-06
    1.20908991e-04 -7.15917431e-05  5.79669747e-05  1.23479849e-05
    2.36265063e-04 -3.42046813e-05]
  [ 7.46387901e-06  5.55835593e-05  5.43394558e-05  3.46982261e-06
    3.18689714e-06  3.75289952e-06  2.20323509e-05  5.26875558e-06
   -3.10521754e-05  7.49226546e-05]
  [ 1.04221867e-05  5.31322845e-05  3.55885878e-05 -1.27525207e-05
    6.17945864e-06  3.74041563e-05  1.19952707e-05  4.37672324e-07
    2.32005131e-04  1.26922864e-07]
  [ 5.09869186e-06  1.68752810e-06 -4.02006220e-05 -4.32361248e-06
    1.27636898e-04  2.88012408e-05  5.87511407e-05  1.63496222e-05
    2.47565600e-04 -4.00402492e-05]
  [ 5.91251572e-06  1.52882741e-06 -6.23536969e-05  3.06109627e-06
    5.94919011e-07  4.58283609e-06  2.22754434e-06  1.74812632e-06
    5.99789408e-06  6.23707123e-05]
  [ 9.66236047e-06  8.43443177e-07 -8.73997505e-05 -4.86578468e-06
    4.88765007e-07  6.67888506e-05  2.50069239e-06  6.04288626e-06
    6.79107509e-06 -1.06991417e-06]
  [ 6.42969904e-06  2.63660591e-05  2.27311775e-05 -3.16324071e-06
    8.54522424e-06  7.57850934e-05  9.58514481e-07  3.00579257e-05
   -1.55601739e-05  5.76111079e-05]
  [ 8.21787197e-08 -2.87545110e-06  9.26996403e-06 -1.65535393e-08
    1.25085305e-04  8.97765274e-05  2.65552174e-07  2.14950019e-05
    1.07299857e-05 -3.74013863e-05]
  [ 1.67023599e-05  8.99153517e-06 -7.25199988e-05 -9.53110099e-06
    3.25653549e-05  3.50632822e-05  5.78390215e-05  2.79568122e-05
    2.49021643e-04  2.81472353e-05]
  [ 8.12310237e-07  4.32605041e-05  9.85007327e-05  5.85913284e-06
    5.68495030e-05 -3.41931087e-07  1.45735256e-06  1.48646611e-05
   -4.66224569e-06  1.74097293e-05]
  [ 4.88195370e-06  2.90769652e-05  3.79882082e-05  1.36646514e-06
    5.23005797e-06  3.02084859e-05  9.23970429e-07  2.76779314e-05
   -1.73259079e-05  6.79817073e-05]
  [ 7.47171211e-06  5.49403594e-05  5.32058312e-05  3.48886907e-06
    3.71397307e-06  4.06641963e-06  2.10674231e-05  5.44795368e-06
   -3.13609649e-05  7.28966943e-05]
  [-1.02134125e-05  1.66168064e-05  9.28000351e-05  1.04745873e-05
    1.16781538e-04 -8.81164996e-07  5.21295528e-05 -5.00596546e-06
    1.33558719e-05  2.67515180e-05]
  [ 8.90353791e-07  5.09051829e-05  1.15711309e-04 -3.90573921e-06
    1.15992313e-04  3.45481618e-05  6.14296668e-05  1.69686595e-05
    2.26951422e-04  2.49849521e-05]
  [ 1.40616952e-05  2.63580112e-05 -2.44861290e-05 -1.17054359e-05
    8.00754537e-07  1.15736624e-04  1.70428494e-06  2.52574616e-05
    3.12041799e-06 -6.26163513e-07]
  [-9.57574146e-06  2.98060705e-07  5.71921811e-05  8.35478309e-07
   -6.68851189e-07 -2.18695415e-05  5.27283306e-05 -1.75857957e-05
    7.56868968e-05  1.05323574e-04]
  [ 2.15478049e-05  3.11528599e-05 -6.24053031e-05 -1.01027233e-05
    5.46278968e-05  3.77762760e-05  3.66017548e-05  2.98636787e-05
    2.44003522e-04 -7.35736415e-05]
  [-8.20977430e-06  1.22486214e-07  4.77840031e-05  1.10765791e-06
   -3.49285342e-06 -3.05344049e-06  5.05670457e-05 -1.30608994e-05
    2.20367320e-05  1.05121954e-04]
  [ 6.57464597e-06  5.24476623e-05  6.38020621e-05 -5.11773749e-06
    3.13790049e-05  1.12626123e-04  2.98288309e-06  1.44166483e-05
   -1.04819962e-05  2.54877416e-05]
  [ 7.60403382e-09  6.51882593e-07  1.19297048e-06  5.10103146e-06
    1.11812134e-04  4.69470173e-05  5.01350955e-05  1.57558663e-05
    9.61671229e-07  1.75594918e-05]
  [ 1.01372554e-05  4.78587352e-05  2.85135603e-05 -5.03352655e-06
    1.32548972e-04  3.95991400e-05  1.15543221e-05  3.99539961e-06
    2.29355642e-04 -1.36092704e-04]
  [ 6.93139971e-06  4.61399568e-07 -5.75842985e-05 -8.41068031e-06
    1.16430448e-05  8.29946869e-05  8.30867908e-06  3.83908617e-06
    3.19360049e-05 -6.47649475e-07]
  [-5.89615687e-06  7.60656343e-06  3.95318375e-05  3.17586357e-06
   -8.84824631e-06  6.24023185e-06  4.74964576e-05  1.15681206e-05
   -3.05836316e-06  9.81813541e-05]
  [ 3.87229495e-06  1.80187907e-05  2.40729909e-05  7.25054477e-06
    1.26063276e-04 -7.73091280e-05  6.00920040e-05 -2.85803150e-06
    2.61339464e-04 -4.20085166e-05]
  [ 2.00485257e-05  5.43145511e-05 -1.03490041e-05 -1.86078717e-06
    1.17346196e-04  4.08182989e-05  6.24761347e-05  4.01237421e-05
    2.27507223e-04  2.51247845e-05]]

 [[ 2.24499233e-07  4.52562168e-08  1.15495797e-06  9.34756797e-07
    2.29808222e-07  1.01719149e-06  2.92964548e-07  3.05175027e-07
    4.20195568e-07  1.96860153e-07]
  [ 1.80740670e-09  2.29217314e-07  2.90828146e-07  1.04853925e-06
    8.10572000e-07  1.09993162e-07  2.38088039e-08  3.11131077e-07
    1.51574018e-07  1.96253368e-06]
  [ 1.30407828e-08  4.13494115e-07  5.01956927e-07  5.50007448e-07
    6.86592099e-07  6.16204988e-07  3.78207498e-07  1.09251080e-07
    8.41487062e-07  6.32682777e-07]
  [ 2.61577265e-07  4.63469042e-07  1.37031623e-06  1.88045998e-06
    1.44400405e-06  1.65257199e-06  5.01376038e-07  2.39190032e-07
    1.83065447e-06  2.65643727e-06]
  [ 1.38163037e-07  1.04693366e-07  2.96950770e-07  7.34900672e-08
    1.18084803e-07  2.30730437e-07  1.94802165e-07  3.71989715e-07
    1.01148010e-06  1.39045769e-07]
  [ 2.64799319e-07  1.50732322e-07  5.63783285e-07  3.79281383e-07
    1.49186628e-07  1.06973853e-06  2.93659149e-07  4.58523041e-07
    1.54466150e-06  5.18842834e-07]
  [ 1.58918802e-08  3.55723206e-07  2.26918045e-07  1.02638358e-06
    2.44387306e-07  1.44309400e-07  2.03318893e-12  4.47366250e-07
    4.18781653e-07  1.22617725e-06]
  [ 1.88595156e-07  2.42177848e-08  8.24390587e-07  3.36862591e-07
    6.25119804e-11  4.24223620e-08  3.35126455e-08  3.19367899e-07
    6.26529301e-08  2.03521461e-08]
  [ 1.83749162e-07  3.47008025e-09  9.81320929e-08  3.92136284e-07
    5.34165590e-08  6.46729981e-08  2.39738981e-08  7.29954469e-07
    2.09135233e-07  8.80862860e-07]
  [ 3.28670866e-09  4.95312461e-09  3.05744941e-07  3.53458188e-07
    6.58725543e-07  1.91251499e-07  3.52120060e-07  6.28200358e-08
    4.78308417e-08  6.70691203e-07]
  [ 1.28912270e-08  4.01816501e-07  4.65155879e-07  5.65746721e-07
    7.21152853e-07  4.88174058e-07  3.65784564e-07  1.52218606e-07
    7.76949988e-07  9.88212349e-07]
  [ 5.70974150e-08  6.72369560e-08  1.90196541e-07  8.34970470e-07
    8.41530526e-07  1.92093081e-07  6.17051522e-08  8.08904670e-07
    9.58152057e-08  2.29393301e-06]
  [ 2.24547174e-07  1.67950201e-08  6.98974999e-07  6.20498635e-07
    9.15724878e-07  1.02658257e-06  4.32709995e-07  3.15066861e-07
    5.14916797e-07  9.65211179e-07]
  [ 9.88379749e-08  1.06692841e-07  6.23377699e-07  1.30998781e-06
    7.90299009e-09  1.35297927e-07  1.55288061e-09  4.50501319e-07
    2.11065576e-07  2.71520878e-07]
  [ 6.06842394e-08  1.12045364e-07  1.03992624e-06  1.13507324e-06
    6.75792078e-07  1.04273730e-06  3.40766725e-07  4.41740146e-08
    2.72073815e-07  6.80628513e-07]
  [ 1.98224254e-07  4.36336987e-08  1.44168534e-07  1.04092795e-06
    3.65358246e-07  5.60557401e-07  2.27321303e-09  8.91859628e-07
    5.97702416e-07  2.14790507e-06]
  [ 2.67133217e-07  8.56857287e-08  9.76675477e-07  2.81224149e-07
    1.41482722e-06  1.31569828e-06  5.02045244e-07  5.11230005e-07
    1.30925925e-06  2.21738650e-06]
  [ 1.23464815e-07  4.52575313e-07  1.84226891e-07  1.58524389e-06
    1.33835037e-06  1.10570301e-06  1.96844889e-07  6.11097550e-07
    1.63279272e-06  2.93798406e-06]
  [ 1.83380030e-09  2.15831962e-07  5.62437650e-07  1.14732606e-06
    6.43079309e-09  1.09146994e-07  4.28248079e-09  5.94318914e-08
    2.59234520e-07  3.24561436e-08]
  [ 2.05286536e-07  3.16994771e-07  2.20295209e-07  2.66261693e-07
    1.40515389e-06  1.41633808e-06  4.99129427e-07  5.30340477e-07
    1.48114729e-06  2.47982548e-06]
  [ 2.41858276e-07  1.00333745e-07  4.21048610e-07  2.90468116e-07
    1.23383943e-07  5.80294668e-07  1.97219751e-07  3.54183102e-07
    1.22062937e-06  1.32187802e-07]
  [ 2.05532542e-07  3.06191394e-07  2.13765582e-07  2.24641135e-07
    1.42564717e-06  1.39843903e-06  5.00749010e-07  5.32091175e-07
    1.42600131e-06  2.54867316e-06]
  [ 6.31344317e-08  4.85462814e-07  1.43297829e-06  1.94754958e-06
    1.46682332e-06  1.63468110e-06  4.48380795e-07  3.86295098e-07
    1.83700554e-06  2.80966028e-06]
  [ 2.46609200e-07  1.14953566e-07  8.05133556e-07  2.45693022e-07
    2.23377407e-07  1.21215124e-06  3.06857807e-07  5.28262394e-08
    1.12139495e-06  1.95871358e-08]
  [ 1.42872561e-07  4.85165610e-07  1.26546249e-06  1.97366463e-06
    1.25545188e-06  1.14989642e-06  1.77493262e-07  6.95263823e-07
    1.75953190e-06  2.94649383e-06]
  [ 1.97890706e-07  9.93593420e-08  6.85442370e-08  4.81551872e-08
    1.13375433e-06  2.77409454e-07  1.88511809e-07  7.08278334e-07
    1.01839894e-06  2.72431424e-06]
  [ 1.46407544e-07  1.14711633e-07  3.05257366e-07  9.37066812e-08
    1.34716003e-07  2.23721709e-07  2.07009528e-07  3.91498797e-07
    9.77906303e-07  1.28050719e-07]
  [ 2.42847771e-09  3.20753533e-07  1.47350199e-07  8.09880574e-07
    3.10524634e-07  8.25840630e-08  1.03335154e-12  3.49566949e-07
    3.17217815e-07  1.04528109e-06]
  [ 1.01440289e-07  4.60952010e-07  1.96192980e-07  1.63031723e-06
    1.33770669e-06  1.15505985e-06  2.16404650e-07  5.87579958e-07
    1.66898264e-06  2.92189595e-06]
  [ 1.81708398e-07  8.37118588e-08  5.76840100e-07  9.49561911e-07
    3.87262966e-07  2.94147305e-07  3.43228906e-07  7.15665539e-07
    1.57604549e-07  8.55894049e-07]
  [ 1.90347033e-07  4.27875510e-08  1.94196941e-07  1.04079041e-06
    4.03508080e-07  5.24782670e-07  2.62484591e-10  8.69143527e-07
    5.71297466e-07  2.07470426e-06]
  [ 1.53451671e-08  3.98986979e-07  4.23908953e-07  3.78191565e-07
    7.77831806e-07  4.93124298e-07  3.41146338e-07  1.52402423e-07
    8.32004377e-07  1.07410563e-06]
  [ 5.95425677e-08  1.51492256e-07  6.10973480e-07  1.19010752e-06
    1.40073711e-06  6.61046840e-07  4.06094104e-07  5.83801137e-07
    7.89638650e-08  2.09659751e-06]
  [ 1.91592668e-07  6.56574976e-10  6.55255061e-08  2.63633740e-07
    3.97524223e-07  1.46572348e-07  8.09111991e-08  7.39031517e-07
    2.39473567e-07  1.03886642e-06]
  [ 5.86260624e-08  1.02067692e-07  2.95905615e-07  8.90998146e-07
    1.15207854e-06  2.35359208e-07  3.04715010e-07  6.50311696e-07
    2.39896703e-08  2.10429111e-06]
  [ 1.59377033e-08  1.11527427e-08  6.38165982e-07  2.11626881e-07
    8.56468637e-08  9.74883436e-08  1.51168933e-07  2.14078683e-08
    6.42255850e-08  1.60461127e-11]
  [ 2.19661022e-07  4.40398260e-07  1.00492834e-06  1.52208141e-06
    1.21682936e-08  8.65068934e-07  3.25038272e-08  2.70408559e-07
    1.47683548e-06  5.45113487e-07]
  [ 1.82635231e-07  1.79103128e-10  2.20306937e-07  2.75134117e-07
    2.87517961e-07  6.40988053e-07  3.98755142e-07  1.15953329e-07
    3.05297411e-07  1.01658533e-07]
  [ 1.62518386e-07  6.82009141e-08  1.15140068e-06  1.08433727e-06
    1.70714328e-09  3.54841357e-07  5.29202478e-09  3.36696503e-07
    1.97987665e-07  4.63179009e-08]
  [ 9.44436474e-09  3.28666535e-07  1.53730376e-07  8.97819980e-07
    2.92171089e-07  1.50459301e-07  4.93387693e-13  4.24699978e-07
    3.50960159e-07  1.21242458e-06]
  [ 2.14372481e-07  3.63956779e-07  1.17226348e-06  7.83647528e-07
    2.29590077e-07  1.30435554e-06  3.03405650e-07  5.24748149e-08
    1.52424502e-06  2.90842834e-08]
  [ 2.35070301e-07  1.87050940e-10  2.48676873e-07  2.35691973e-07
    6.86741230e-07  9.26508484e-07  4.74419617e-07  5.73156556e-08
    6.41365502e-07  5.65609965e-07]
  [ 1.58201487e-07  3.44469144e-09  8.65817579e-07  2.03573903e-07
    8.54275595e-08  3.64806228e-07  1.78157331e-07  2.92515807e-07
    7.88146633e-08  8.36083539e-09]
  [ 9.87152264e-08  1.00521684e-07  3.89823586e-07  1.84936893e-07
    8.44526516e-07  3.58211577e-07  4.21490910e-07  4.88392714e-07
    8.66153260e-07  1.34065794e-06]
  [ 2.73164264e-08  3.77830045e-07  1.20150509e-06  1.24533853e-06
    7.77586319e-07  8.86950969e-07  4.38157369e-07  9.02636008e-08
    7.17521547e-07  5.91003282e-07]
  [ 4.34187492e-08  4.75155400e-07  5.49270544e-07  1.57677251e-06
    1.31258079e-06  1.08617747e-06  2.16782432e-07  5.44322012e-07
    1.66277448e-06  2.77692019e-06]
  [ 1.36217519e-07  2.47699140e-08  8.99794026e-08  7.38901323e-07
    2.19252342e-08  2.23210386e-07  1.06406079e-11  6.92838499e-07
    7.77626808e-08  7.04429238e-07]
  [ 2.76746036e-07  4.72072117e-08  1.47533860e-07  9.95069111e-07
    1.41075601e-06  1.34574288e-06  4.40281200e-07  7.91177314e-07
    1.20791353e-06  2.76534615e-06]
  [ 2.54520003e-07  4.69353895e-07  1.09926837e-06  1.43105331e-06
    2.97117740e-07  1.22767252e-06  5.27378946e-08  6.77686088e-07
    1.82687688e-06  2.05336904e-06]
  [ 3.43445882e-09  2.05330888e-07  7.53391073e-07  1.14318834e-06
    4.26926911e-09  1.16993629e-07  3.94446702e-09  5.34415763e-08
    2.59715027e-07  3.37022621e-08]
  [ 3.08019920e-09  3.11607571e-07  9.80095695e-08  3.33082938e-07
    2.12648413e-07  8.03785338e-08  1.36825785e-11  2.93100731e-07
    7.06238961e-07  8.76518845e-07]
  [ 2.25187518e-07  5.22120124e-08  1.93717901e-07  1.64098737e-07
    1.39919071e-06  1.24759343e-06  4.93537356e-07  5.83046026e-07
    1.17894819e-06  2.33465639e-06]
  [ 2.64499222e-07  4.72101234e-07  1.22525259e-06  1.63314288e-06
    6.63588261e-07  1.62589322e-06  1.66217443e-07  3.36657952e-07
    1.85994984e-06  1.92449084e-06]
  [ 2.57994451e-07  4.78074875e-07  1.14746237e-06  1.67062239e-06
    3.66703730e-07  1.06220650e-06  4.14743139e-08  7.58242355e-07
    1.81216684e-06  2.18675308e-06]
  [ 2.07068854e-07  5.35790858e-08  1.10285801e-06  9.79937279e-07
    7.39393735e-09  6.02065113e-07  2.42999438e-08  3.90327911e-07
    3.41385296e-07  5.22952286e-08]
  [ 7.75701832e-08  4.85106907e-07  1.41396121e-06  1.90212038e-06
    1.45906005e-06  1.63324127e-06  4.57195946e-07  2.69227374e-07
    1.83086633e-06  2.59396304e-06]
  [ 6.08494852e-09  2.09258219e-07  4.61418874e-07  9.57488375e-07
    1.23526738e-06  2.68496285e-07  3.19979355e-07  4.49271714e-07
    1.54542423e-07  1.89527913e-06]
  [ 1.58888181e-07  7.37500027e-08  4.88603201e-07  9.56086894e-07
    7.15213267e-09  6.16481014e-08  1.00943023e-08  5.97912150e-07
    1.36287757e-07  5.05522814e-07]
  [ 6.98216846e-08  4.21440212e-07  1.13113485e-06  8.91277025e-07
    1.38233690e-06  1.35260924e-06  4.56444047e-07  9.76272662e-08
    1.53550586e-06  1.69348140e-06]
  [ 6.92998482e-08  8.36235651e-09  1.56208204e-07  2.48897976e-07
    1.30674843e-06  8.69663808e-07  4.46693377e-07  1.76663305e-07
    4.53224625e-07  1.08757025e-06]
  [ 1.50227928e-07  1.18993079e-07  3.16044622e-07  1.07524415e-07
    1.46433834e-07  2.25678365e-07  2.11102925e-07  3.92047939e-07
    9.73927045e-07  1.38005229e-07]
  [ 2.50982546e-07  4.42023301e-07  1.36058028e-06  1.71797876e-06
    1.46396494e-07  1.51251983e-06  2.70993576e-07  1.18203171e-07
    1.47676264e-06  1.24917223e-07]
  [ 1.46296496e-07  6.55015158e-08  8.16701447e-07  8.23786083e-07
    1.30926880e-06  1.10001345e-06  4.15329137e-07  4.63058262e-07
    4.19420999e-07  1.41107268e-06]
  [ 1.75597388e-07  2.08501031e-09  1.59873631e-07  1.18231274e-07
    9.51617825e-11  1.72403801e-08  3.04646974e-08  4.58748304e-07
    1.67023677e-07  4.87943295e-08]
  [ 2.05138587e-07  3.95997414e-08  1.01393587e-06  6.26575862e-07
    5.86395010e-10  7.40850796e-08  3.42066478e-08  4.04500693e-07
    8.33908365e-08  1.92144264e-07]
  [ 1.28824332e-08  2.86557773e-07  4.20029681e-07  1.22292904e-06
    9.58324056e-09  1.26522505e-08  3.35042342e-09  3.49071481e-07
    4.43124229e-07  2.77348354e-07]
  [ 5.88102213e-09  3.26743442e-07  1.50096923e-07  8.74252029e-07
    3.07994494e-07  1.56801247e-07  2.94015480e-13  3.68427017e-07
    3.31787335e-07  1.10984415e-06]
  [ 1.15239914e-08  2.57824765e-07  1.20991095e-06  1.36824363e-06
    7.11505894e-07  8.92892710e-07  3.61508863e-07  6.73544547e-08
    3.34940645e-07  6.64378889e-07]
  [ 5.08422842e-09  3.34358753e-07  1.39018787e-07  4.07522152e-07
    8.71682758e-08  1.27302993e-07  7.87584085e-11  2.95455114e-07
    6.90230444e-07  7.73409452e-07]
  [ 6.33416967e-09  2.81730494e-07  3.86821487e-07  9.75405997e-07
    5.47475831e-09  2.35005845e-09  2.93194302e-09  3.12147049e-07
    4.52271182e-07  2.21034318e-07]
  [ 1.55780247e-07  1.16736793e-07  3.32018192e-07  1.34136914e-07
    1.65871167e-07  2.31547232e-07  2.16157907e-07  3.75405209e-07
    9.61727716e-07  1.56963401e-07]
  [ 1.91500687e-07  9.70177542e-08  4.67117884e-08  8.80727691e-08
    1.14669776e-06  3.72794005e-07  2.09614847e-07  7.26566909e-07
    1.07544587e-06  2.73346098e-06]
  [ 1.11221756e-07  4.57104878e-07  2.18299714e-07  1.59982617e-06
    1.32798249e-06  1.18495881e-06  2.05183619e-07  5.69372112e-07
    1.64312871e-06  2.92932338e-06]
  [ 6.11901137e-09  3.06502424e-07  7.98477412e-07  1.01039630e-06
    7.73197720e-10  2.10998462e-07  8.44129138e-09  4.40521963e-08
    4.50951626e-07  7.88221782e-09]
  [ 1.21834795e-07  8.19077110e-13  1.92022438e-08  3.20453867e-09
    5.30345347e-07  4.74733192e-07  4.49085722e-07  2.31724925e-07
    2.57362005e-07  4.06743747e-07]
  [ 9.56108440e-09  2.60758027e-07  1.26883853e-06  1.54990855e-06
    2.12068846e-07  9.28932204e-07  2.09212432e-07  2.00717800e-08
    5.13386356e-07  1.74567907e-07]
  [ 9.52446232e-08  9.38667629e-13  1.98259447e-08  6.18611527e-09
    4.46065017e-07  3.95060519e-07  4.33976475e-07  2.23990541e-07
    1.15661187e-07  3.73492054e-07]
  [ 1.93179570e-07  4.48355130e-07  6.08815291e-07  1.30133788e-06
    7.60711778e-08  6.08019222e-07  1.60978423e-08  5.10402460e-07
    1.46370348e-06  1.50095484e-06]
  [ 3.29082988e-08  4.01226802e-08  1.32710263e-07  5.31029114e-07
    9.65181877e-07  1.85407717e-07  5.24022716e-08  4.78458276e-07
    7.14446474e-08  2.14467957e-06]
  [ 2.52011321e-07  4.31457506e-07  9.82552958e-07  1.28888665e-06
    3.44319320e-07  1.32008096e-06  6.09621274e-08  3.77593061e-07
    1.72165112e-06  1.72833994e-06]
  [ 2.40468982e-07  2.22456644e-08  1.03276265e-06  6.81965988e-07
    2.36430229e-07  8.01755598e-07  3.22592004e-07  2.59000039e-07
    3.22775177e-07  1.29799832e-07]
  [ 9.74834263e-08  1.43700458e-08  3.63806487e-07  5.55181897e-07
    4.48057855e-07  1.22816148e-07  3.96511005e-07  6.41688473e-07
    1.08931043e-07  6.78719008e-07]
  [ 1.76820923e-07  2.18870904e-07  5.04776508e-07  1.51578257e-07
    1.35849685e-06  1.33544384e-06  5.00052861e-07  2.06882973e-07
    1.29688036e-06  1.90576645e-06]
  [ 1.47512955e-07  4.85360220e-07  1.30535176e-06  1.98376369e-06
    1.26284282e-06  1.17823950e-06  2.00663861e-07  6.91982740e-07
    1.79254171e-06  2.95163585e-06]]]