[[[[[ 2.49362691e-01  5.57922583e-01  5.15934290e-01  1.76614772e-01
     -6.91005042e-02]
    [ 4.65267111e-01  3.47001356e-01  6.78927608e-02 -1.79111266e-01
     -2.80625442e-01]
    [ 2.46135673e-01 -7.95395895e-02 -4.03841871e-01 -4.77035479e-01
     -3.36313185e-01]
    [-8.14498224e-02 -3.22921317e-01 -5.21477185e-01 -5.42507657e-01
     -4.40961585e-01]
    [-3.32101544e-01 -5.46429137e-01 -6.95672024e-01 -6.34616128e-01
     -4.22907578e-01]]]


  [[[-1.11763885e+00 -1.38131918e+00 -1.06855737e+00 -5.91327721e-01
     -3.85851106e-01]
    [-1.52209667e+00 -1.87494322e+00 -1.29516069e+00 -4.89649910e-01
     -2.76597837e-01]
    [-1.23037559e+00 -1.24337439e+00 -5.56589497e-01 -1.45111308e-01
     -2.86383847e-01]
    [-5.69661545e-01 -2.88212361e-01  1.43077862e-01 -2.34240855e-02
     -4.44588719e-01]
    [-2.13717649e-01 -9.58474554e-02 -5.34397164e-02 -4.20872466e-01
     -8.52653172e-01]]]


  [[[-6.67675252e-01 -7.92866771e-01 -5.00296654e-01  1.28874956e-02
      2.93897365e-01]
    [-8.76318228e-01 -1.11848185e+00 -5.99822087e-01  2.03759563e-01
      4.18850302e-01]
    [-5.41219271e-01 -6.10747577e-01 -6.31149308e-02  4.35151101e-01
      3.47708477e-01]
    [-4.37476830e-02 -2.53199977e-02  4.77260219e-01  5.52782519e-01
      1.03075591e-01]
    [ 2.04778857e-01  2.60493691e-01  5.47012612e-01  2.82031974e-01
     -2.99433144e-01]]]


  [[[ 1.72934277e-02 -1.76757556e-01  7.33504825e-03  1.88240452e-01
      8.19340329e-02]
    [ 3.08283285e-02 -1.14798995e-01 -6.69995144e-02  2.13644378e-02
     -1.78985767e-02]
    [ 1.05511150e-01 -1.36261364e-01 -1.49461169e-01  5.59342644e-02
      9.06616733e-02]
    [-1.13888642e-01 -3.72856757e-01 -2.50225419e-01  5.12490781e-02
      7.06610201e-02]
    [-3.46986130e-01 -5.14878082e-01 -2.42749547e-01  9.23055507e-02
      1.52444251e-01]]]


  [[[-7.89893424e-01 -9.09246171e-01 -7.52113745e-01 -3.16015099e-01
      1.76353223e-02]
    [-8.97398864e-01 -1.11368575e+00 -7.46203886e-01 -1.17116589e-01
      1.52184257e-02]
    [-5.21798597e-01 -5.63403311e-01 -1.18465082e-01  1.72566250e-01
     -1.60403409e-01]
    [ 1.53338198e-02  5.61008894e-02  4.93317826e-01  3.72629360e-01
     -3.45234190e-01]
    [ 3.12687529e-01  3.80781436e-01  5.76037786e-01  1.03347407e-01
     -6.73437263e-01]]]


  [[[-9.67675239e-01 -1.26703725e+00 -1.11701817e+00 -8.19336370e-01
     -6.54534669e-01]
    [-1.08111676e+00 -1.52141362e+00 -1.31047708e+00 -8.42934404e-01
     -7.01819440e-01]
    [-6.34935247e-01 -8.24669800e-01 -6.39158594e-01 -5.93875524e-01
     -8.25393587e-01]
    [-3.22124515e-04  6.28040432e-03  3.16044197e-02 -4.73417570e-01
     -1.05949454e+00]
    [ 2.29689762e-01  1.02921467e-01 -7.92399513e-02 -7.42645431e-01
     -1.35517527e+00]]]]



 [[[[ 8.02017382e+01  3.35373312e+01  2.16253085e+01  4.30556924e+01
      7.43316774e+01]
    [ 6.98460441e+01  2.30309347e+01  2.12188294e+01  5.77684997e+01
      8.65788466e+01]
    [ 9.04623709e+01  4.86205870e+01  5.85661834e+01  9.76017495e+01
      1.01374674e+02]
    [ 1.31757423e+02  9.98602450e+01  1.09011039e+02  1.31247316e+02
      1.05612823e+02]
    [ 1.46612650e+02  1.20164979e+02  1.25596582e+02  1.31872388e+02
      9.37816775e+01]]]


  [[[ 1.46199299e+02  1.63519945e+02  1.92055494e+02  2.09899171e+02
      2.07821772e+02]
    [ 1.51106939e+02  1.71302311e+02  2.05036981e+02  2.43463462e+02
      2.44743543e+02]
    [ 9.99233790e+01  1.09313991e+02  1.40342165e+02  1.91457033e+02
      2.17046714e+02]
    [ 4.71817535e+01  3.79417386e+01  6.02296053e+01  1.16803749e+02
      1.66644312e+02]
    [ 3.40974360e+01  2.61093221e+01  4.58283544e+01  9.23990481e+01
      1.53000786e+02]]]


  [[[ 1.27398707e+02  1.50493041e+02  1.72183116e+02  1.66677479e+02
      1.48558743e+02]
    [ 1.49350682e+02  1.74317107e+02  1.89564762e+02  1.90525239e+02
      1.70467101e+02]
    [ 1.20564783e+02  1.22595770e+02  1.28070409e+02  1.41320691e+02
      1.41038236e+02]
    [ 6.95293195e+01  4.68020581e+01  4.92364132e+01  8.51080650e+01
      1.14248374e+02]
    [ 4.55017817e+01  3.00172319e+01  4.16258760e+01  7.97457996e+01
      1.16799558e+02]]]


  [[[ 1.89974448e+01  2.71656740e+01  4.15399509e+01  3.90625210e+01
      2.49238777e+01]
    [ 1.50314878e+01  2.73639265e+01  4.72010724e+01  3.93952273e+01
      2.23855170e+01]
    [ 1.30495788e+01  2.74850951e+01  4.49661846e+01  3.38371018e+01
      1.81922754e+01]
    [ 1.77650783e+01  3.05643526e+01  3.92669436e+01  2.62883681e+01
      1.61538513e+01]
    [ 2.49525128e+01  3.14482109e+01  3.06361851e+01  2.13969741e+01
      1.76827472e+01]]]


  [[[ 1.18955987e+02  1.26329841e+02  1.45678691e+02  1.53953635e+02
      1.49818531e+02]
    [ 1.35624537e+02  1.50638532e+02  1.67769075e+02  1.78607406e+02
      1.74983209e+02]
    [ 1.11797668e+02  1.07109216e+02  1.08522805e+02  1.21682869e+02
      1.37030542e+02]
    [ 7.11810634e+01  4.15239487e+01  3.82865118e+01  6.64241874e+01
      1.02011612e+02]
    [ 5.33492102e+01  3.16691919e+01  4.11711613e+01  7.35776941e+01
      1.09370492e+02]]]


  [[[ 1.82006969e+02  1.92949321e+02  1.94090217e+02  1.93567416e+02
      1.94737280e+02]
    [ 1.95527043e+02  2.08261024e+02  2.20778356e+02  2.32002268e+02
      2.27719313e+02]
    [ 1.35818786e+02  1.38540814e+02  1.56078968e+02  1.85702317e+02
      2.03120860e+02]
    [ 6.51236865e+01  5.07720239e+01  6.47028991e+01  1.08132167e+02
      1.53254612e+02]
    [ 3.99642942e+01  3.05690691e+01  4.89923361e+01  9.04920799e+01
      1.42101533e+02]]]]]