[[[[ 0.17112824  0.0351502  -0.15346945 -0.12977749  0.00777447]
   [-0.0298357  -0.38140166 -0.40567211 -0.19179065 -0.04701626]
   [-0.05844188 -0.44663701 -0.27806426 -0.17653262 -0.06673166]
   [-0.07337099 -0.23506113 -0.01741384  0.02665191  0.16299295]
   [ 0.14896393  0.11411459  0.17964197  0.20349381  0.39562012]]]


 [[[ 0.33445792  0.37505977  0.41684015  0.45323993  0.65594881]
   [ 0.08175594  0.09997779  0.15736837  0.09329193  0.21041102]
   [-0.34467726 -0.14830535 -0.04993418 -0.45143594 -0.35963665]
   [-0.82658429 -0.53493468 -0.53319199 -0.63608701 -0.47135901]
   [-0.65595244 -0.49048854 -0.25448054 -0.01688513  0.18891544]]]


 [[[ 0.50592291  0.40890527  0.36421317  0.34035252  0.48337662]
   [ 0.20662552  0.07849641  0.00654537 -0.05514278  0.11153482]
   [-0.0993357  -0.13437728 -0.30254298 -0.45093969 -0.23570538]
   [-0.34582901 -0.29455149 -0.4094762  -0.5107127  -0.17209948]
   [-0.70311005 -0.77375472 -0.23930075  0.02317097  0.3261533 ]]]


 [[[-0.14443039 -0.27382825 -0.36976106 -0.07296748  0.22600919]
   [-0.3340683  -0.62940881 -0.40497722 -0.0125023   0.37544154]
   [-0.31626677 -0.43553142 -0.11609686  0.16140717  0.51639391]
   [-0.11273697 -0.03712086  0.29312067  0.36450275  0.55414456]
   [-0.08883796  0.06724109  0.34216501  0.31344399  0.34317364]]]


 [[[ 0.46310348  0.3460729   0.32112052  0.2886329   0.47317203]
   [ 0.21015218  0.02370859  0.02928055 -0.07019636  0.09509784]
   [-0.085489   -0.0924847  -0.16115209 -0.4373716  -0.28834814]
   [-0.25980395 -0.22536021 -0.46420583 -0.42343951 -0.21815257]
   [-0.56460172 -0.82530241 -0.38069176  0.09109572  0.29737193]]]


 [[[ 0.36460144  0.414408    0.44243737  0.4461203   0.56170926]
   [ 0.0993068   0.13794336  0.15730632  0.07241199  0.12970659]
   [-0.24911648 -0.06643462 -0.06690331 -0.44052281 -0.36003664]
   [-0.68552034 -0.35217483 -0.40364208 -0.60557877 -0.42186953]
   [-0.76627534 -0.57282174 -0.21754187 -0.03685138  0.13175377]]]]