[[[[ 1.62228985e-02  1.08853258e-01  1.86168714e-01  8.41184287e-02
    -4.45529292e-01]
   [-2.91856405e-02 -6.41375536e-02 -9.12789877e-02 -2.02043992e-01
    -6.63552062e-01]
   [ 2.86395251e-02 -8.70509396e-02 -1.61155731e-01 -3.91331010e-01
    -6.91448004e-01]
   [ 1.32948554e-02 -1.15636858e-01 -4.68465489e-02 -3.86494090e-01
    -6.13541072e-01]
   [ 3.26452195e-02  7.77272885e-02  4.85571814e-01  1.97594049e-01
    -1.42977970e-01]]

  [[ 5.98764058e-03  4.36174994e-02 -3.73988264e-01 -4.79324603e-01
    -5.08363133e-01]
   [ 2.86660129e-01  2.03889548e-01 -3.39698485e-01 -4.49699308e-01
    -5.31170470e-01]
   [ 4.23736809e-01  1.60128881e-01 -1.28342186e-01 -1.76689482e-01
    -3.44005245e-01]
   [ 5.19094795e-01  5.32419529e-01  5.26981423e-01  4.73287618e-01
     2.53063684e-01]
   [ 4.16873152e-01  4.95662615e-01  5.06890543e-01  2.93349449e-01
     1.86082181e-01]]

  [[-1.43882236e-02 -1.89401995e-02 -4.31090069e-01 -5.25857359e-01
    -7.27583749e-01]
   [ 2.80785029e-02 -2.38726995e-02 -4.06839473e-01 -5.30249970e-01
    -7.29713313e-01]
   [ 1.97689214e-01 -6.51153096e-02 -1.67829600e-01 -2.07631917e-01
    -4.00818019e-01]
   [ 2.62789098e-01  2.28304948e-01  5.51707346e-01  4.79144247e-01
     2.44533361e-01]
   [ 2.08446022e-01  4.09056441e-01  6.51485635e-01  3.97895937e-01
     2.84537644e-01]]

  [[-4.20335053e-01 -4.98174415e-02  3.20291287e-01  2.83504593e-01
    -1.18529228e-01]
   [-3.82522283e-01  5.43526198e-03  2.07044482e-01 -4.26230889e-02
    -4.32372508e-01]
   [-9.19031279e-02  1.85959426e-01  1.84619643e-01 -1.16440662e-01
    -2.99886240e-01]
   [ 1.48105345e-01  1.48119052e-01  9.30422890e-03 -6.19295237e-02
    -2.41307550e-01]
   [ 1.42034071e-01  9.02314388e-02  1.48226836e-01  3.02052247e-01
     9.66879086e-04]]

  [[-3.93986941e-02 -1.24477549e-01 -4.54296544e-01 -4.93295544e-01
    -6.90256589e-01]
   [-4.07419064e-02 -1.97209631e-01 -4.87912191e-01 -5.50621183e-01
    -7.21901148e-01]
   [ 1.55265486e-01 -1.50250661e-01 -2.23718140e-01 -2.53157393e-01
    -4.17440158e-01]
   [ 3.12649167e-01  2.84288493e-01  5.79425211e-01  4.29481060e-01
     1.98811204e-01]
   [ 2.70553102e-01  4.74101976e-01  6.63353156e-01  3.32687196e-01
     2.49497676e-01]]

  [[ 1.65523810e-02  9.38420402e-02 -3.96257053e-01 -5.56422943e-01
    -5.43402700e-01]
   [ 2.38136031e-01  2.17849932e-01 -3.76739220e-01 -5.48501097e-01
    -5.63425548e-01]
   [ 3.83429022e-01  1.56324248e-01 -1.55310875e-01 -2.22426602e-01
    -3.47887876e-01]
   [ 5.28094509e-01  5.78545001e-01  5.52698746e-01  5.16722435e-01
     2.97058130e-01]
   [ 3.94124659e-01  4.93825069e-01  5.30076960e-01  3.45833275e-01
     2.24604882e-01]]]


 [[[-5.68892535e-02  5.43893667e-03  9.40185075e-02 -1.07819895e-02
    -5.21151949e-01]
   [-1.85473385e-01 -8.25706530e-02 -1.06622378e-03 -1.49798305e-01
    -6.69974971e-01]
   [-2.49790397e-02  4.96197777e-02  6.80004697e-02 -2.99300105e-01
    -7.28801338e-01]
   [ 5.49499013e-02 -2.39128413e-02 -8.35420687e-02 -5.64581027e-01
    -7.82355639e-01]
   [ 1.53249204e-01  9.82436889e-02  3.07509057e-01 -2.72375266e-02
    -2.75284973e-01]]

  [[-1.08858560e-01  5.49073406e-02 -2.02859186e-01 -3.40039815e-01
    -5.19803915e-01]
   [ 2.97216609e-01  3.23151744e-01 -1.69948339e-01 -3.95451812e-01
    -6.37322059e-01]
   [ 5.28790710e-01  2.40465522e-01 -1.78254337e-01 -3.84350050e-01
    -6.05316147e-01]
   [ 6.13442647e-01  5.42553285e-01  4.00051996e-01  2.65971884e-01
     1.01256272e-01]
   [ 4.26393809e-01  4.91113154e-01  5.00907699e-01  3.11445631e-01
     2.51311634e-01]]

  [[-1.71238788e-01 -3.59433412e-02 -2.62426980e-01 -3.70581398e-01
    -7.10390126e-01]
   [ 2.63682182e-02  1.20155119e-01 -2.00109008e-01 -4.48694184e-01
    -8.06351329e-01]
   [ 3.07127591e-01  7.07168347e-02 -1.72679568e-01 -3.98536508e-01
    -6.03184455e-01]
   [ 3.63239322e-01  2.64993506e-01  4.35866062e-01  2.79748587e-01
     1.46447593e-01]
   [ 2.55684378e-01  4.05271342e-01  6.39863923e-01  4.21399274e-01
     3.49994170e-01]]

  [[-4.53388388e-01 -1.53311814e-01  3.14748568e-01  3.13285844e-01
    -1.69090682e-01]
   [-5.44810945e-01 -1.16347714e-01  2.78019316e-01  1.10590245e-01
    -3.91921994e-01]
   [-1.84435804e-01  2.15016587e-01  4.06817840e-01  8.52477902e-02
    -2.95104889e-01]
   [ 1.56460265e-01  2.32225041e-01  1.63939095e-01 -6.33014931e-02
    -4.50718742e-01]
   [ 2.03730222e-01  1.58383761e-01  1.64079168e-01  1.62804557e-01
    -2.21661201e-01]]

  [[-1.89725212e-01 -1.28323241e-01 -2.84460489e-01 -3.44369771e-01
    -6.77927258e-01]
   [-4.47335461e-02 -4.50280359e-02 -2.79071076e-01 -4.76443557e-01
    -8.04430727e-01]
   [ 2.64672751e-01 -2.48887295e-02 -2.50824440e-01 -4.65636935e-01
    -6.25291193e-01]
   [ 4.11384811e-01  2.97022531e-01  4.41259393e-01  2.15318502e-01
     1.01369035e-01]
   [ 3.16777870e-01  4.65082180e-01  6.42786775e-01  3.56190134e-01
     3.13207272e-01]]

  [[-8.95591259e-02  1.15242441e-01 -2.18576174e-01 -4.18256797e-01
    -5.66260723e-01]
   [ 2.66875962e-01  3.53467793e-01 -1.98794424e-01 -5.02123906e-01
    -6.89595653e-01]
   [ 4.98474735e-01  2.38001583e-01 -2.14476099e-01 -4.39303421e-01
    -6.03272338e-01]
   [ 6.14230732e-01  5.72132817e-01  4.09333222e-01  3.07787638e-01
     1.67213506e-01]
   [ 3.97569421e-01  4.76770528e-01  5.14961004e-01  3.65491994e-01
     2.89155522e-01]]]


 [[[ 3.23435366e-02  8.18593908e-02  1.00601796e-01 -2.88724006e-02
    -4.90980179e-01]
   [-1.77088784e-01 -1.85330798e-01 -1.60009542e-01 -2.60870811e-01
    -7.12849507e-01]
   [-1.55619479e-01 -1.35940577e-01 -9.90796967e-02 -3.43216235e-01
    -7.22618659e-01]
   [-3.94796893e-02 -6.34735943e-02  1.62864150e-02 -3.98163514e-01
    -6.80911481e-01]
   [ 1.70518484e-01  2.22077027e-01  4.77438971e-01  6.05971760e-02
    -2.87743289e-01]]

  [[-2.13126917e-01 -7.49088965e-02 -3.50865007e-01 -4.61338517e-01
    -5.75456549e-01]
   [ 1.74114987e-01  2.14256287e-01 -2.06546989e-01 -3.60425532e-01
    -5.66344768e-01]
   [ 4.84298420e-01  3.17005675e-01  1.02373423e-02 -1.74431591e-01
    -4.70919078e-01]
   [ 6.81946225e-01  7.15674635e-01  5.41543371e-01  2.82293257e-01
    -7.46894269e-03]
   [ 4.67771815e-01  4.96132961e-01  3.87582184e-01  8.66963059e-02
    -2.50489504e-02]]

  [[-2.29503910e-01 -1.72361102e-01 -4.14942916e-01 -4.71479622e-01
    -7.50738355e-01]
   [-1.24862712e-01 -5.34160598e-02 -2.68039824e-01 -4.28840099e-01
    -7.60533293e-01]
   [ 2.09003198e-01  6.12924385e-02 -3.06320186e-02 -2.20466170e-01
    -5.42238568e-01]
   [ 3.92066456e-01  3.70439007e-01  5.38178621e-01  2.76583645e-01
    -1.20662247e-02]
   [ 2.37168257e-01  3.86665206e-01  5.09003446e-01  1.74329082e-01
     7.77928774e-02]]

  [[-4.51238221e-01 -1.25584125e-01  2.96216830e-01  2.75350454e-01
    -1.79643832e-01]
   [-5.35091997e-01 -1.90666793e-01  9.00089411e-02 -4.00927653e-02
    -4.34535771e-01]
   [-3.07063349e-01  1.76135880e-02  1.66777516e-01  9.47360463e-03
    -2.55387800e-01]
   [-4.21307630e-03  8.87638861e-02  1.23194576e-01  8.90091253e-02
    -2.62786056e-01]
   [ 1.36750827e-01  1.69054008e-01  2.88024513e-01  3.34234944e-01
    -1.40650428e-01]]

  [[-2.45432681e-01 -2.59691737e-01 -4.40678468e-01 -4.57588002e-01
    -7.30730324e-01]
   [-1.86812204e-01 -2.07993309e-01 -3.50451315e-01 -4.69783139e-01
    -7.83316588e-01]
   [ 1.82003893e-01 -1.01153289e-02 -9.08757613e-02 -2.78149749e-01
    -5.73011469e-01]
   [ 4.61862435e-01  4.33963926e-01  5.50015208e-01  2.24862131e-01
    -4.77816146e-02]
   [ 3.07613016e-01  4.59897748e-01  5.14103868e-01  1.06472210e-01
     5.05976845e-02]]

  [[-1.95271376e-01 -3.44795120e-02 -3.84929087e-01 -5.36407993e-01
    -6.07094759e-01]
   [ 1.40980880e-01  2.37588312e-01 -2.35204337e-01 -4.57794722e-01
    -6.10949184e-01]
   [ 4.52222517e-01  3.20067018e-01 -2.25780263e-02 -2.36961416e-01
    -4.88274765e-01]
   [ 6.84813838e-01  7.43289822e-01  5.37629450e-01  2.91237386e-01
     3.31743248e-02]
   [ 4.33344274e-01  4.79066583e-01  3.93554249e-01  1.28066830e-01
     1.85166900e-02]]]


 [[[-2.64144020e-02  3.93101085e-02  9.23400033e-02 -1.88612353e-02
    -5.00675279e-01]
   [-1.52943581e-01 -9.46046641e-02 -4.31945776e-02 -1.77215057e-01
    -6.79822652e-01]
   [-4.49413870e-02  5.88835252e-03  3.20144258e-02 -3.03309597e-01
    -7.29639833e-01]
   [ 5.61803583e-03 -5.92712848e-02 -6.02549508e-02 -5.29715767e-01
    -7.68931241e-01]
   [ 1.31478671e-01  1.27345548e-01  3.50446101e-01 -3.63998302e-02
    -3.05822083e-01]]

  [[-8.72972447e-02  5.73395354e-02 -2.19768819e-01 -3.67126401e-01
    -5.42893598e-01]
   [ 2.82036813e-01  3.11830258e-01 -1.57157951e-01 -3.70467243e-01
    -6.19303958e-01]
   [ 4.97712032e-01  2.56817663e-01 -1.14477058e-01 -3.23722610e-01
    -5.85027604e-01]
   [ 6.25805324e-01  6.06150212e-01  4.49804673e-01  2.53016228e-01
     4.48049774e-02]
   [ 4.60224138e-01  5.34936035e-01  4.82715103e-01  2.24701562e-01
     1.40160686e-01]]

  [[-1.40765528e-01 -4.98933565e-02 -2.95593198e-01 -3.93065939e-01
    -7.24692207e-01]
   [-5.20254604e-03  7.57241596e-02 -1.97459753e-01 -4.25532039e-01
    -8.01326115e-01]
   [ 2.54237589e-01  5.15996030e-02 -1.24445869e-01 -3.49243145e-01
    -6.13253347e-01]
   [ 3.53304141e-01  3.03435038e-01  4.68192483e-01  2.50782489e-01
     6.63431675e-02]
   [ 2.59243267e-01  4.39295042e-01  6.09421546e-01  3.15892587e-01
     2.36917200e-01]]

  [[-4.67448896e-01 -1.41249041e-01  3.22659509e-01  3.25556163e-01
    -1.42139991e-01]
   [-5.22358019e-01 -1.15933098e-01  2.42610172e-01  9.48687475e-02
    -3.75708025e-01]
   [-2.02729317e-01  1.62212697e-01  3.52759655e-01  9.63223892e-02
    -2.68374718e-01]
   [ 9.08802056e-02  1.74724496e-01  1.60768969e-01  5.06634731e-03
    -4.00229824e-01]
   [ 1.57535565e-01  1.53556313e-01  2.20560828e-01  2.17556279e-01
    -2.13400249e-01]]

  [[-1.62071081e-01 -1.41156162e-01 -3.18913191e-01 -3.71342240e-01
    -7.00181730e-01]
   [-7.11382531e-02 -8.37949173e-02 -2.77465923e-01 -4.58069303e-01
    -8.09005783e-01]
   [ 2.16331946e-01 -3.54884868e-02 -1.94471021e-01 -4.13364900e-01
    -6.37029238e-01]
   [ 4.06744275e-01  3.45729875e-01  4.68125616e-01  1.86381393e-01
     2.27950753e-02]
   [ 3.25489456e-01  5.01984891e-01  6.05069189e-01  2.46963316e-01
     2.01753805e-01]]

  [[-7.24198823e-02  1.04071962e-01 -2.43563978e-01 -4.46810385e-01
    -5.88107020e-01]
   [ 2.46827271e-01  3.33532916e-01 -1.89389223e-01 -4.77100517e-01
    -6.72551899e-01]
   [ 4.64466554e-01  2.53109453e-01 -1.49304376e-01 -3.82020757e-01
    -5.87798750e-01]
   [ 6.28123049e-01  6.37618965e-01  4.55737856e-01  2.84590836e-01
     1.06355000e-01]
   [ 4.29539134e-01  5.19254571e-01  4.93437886e-01  2.74707847e-01
     1.81410986e-01]]]


 [[[ 3.30390306e-02  1.08607189e-01  1.82205300e-01  8.79361314e-02
    -4.39479029e-01]
   [-6.36786933e-02 -7.78043071e-02 -6.89485047e-02 -1.48293238e-01
    -6.26241893e-01]
   [ 1.43661513e-02 -6.71770464e-02 -9.81791840e-02 -3.19198835e-01
    -6.59238753e-01]
   [ 5.14359539e-02 -7.80170162e-02 -4.37959518e-02 -3.99861506e-01
    -6.32670591e-01]
   [ 8.33973495e-02  8.05528524e-02  4.33117788e-01  1.48428975e-01
    -1.60053183e-01]]

  [[-3.33018529e-02  6.73124130e-03 -3.72323761e-01 -4.42735051e-01
    -4.65272947e-01]
   [ 2.93614490e-01  2.28634907e-01 -3.20761996e-01 -4.45520129e-01
    -5.40511153e-01]
   [ 4.82539867e-01  2.04191651e-01 -1.48901667e-01 -2.44611922e-01
    -4.23118415e-01]
   [ 5.64485614e-01  5.42011967e-01  4.74530263e-01  4.11511000e-01
     2.19363413e-01]
   [ 4.18296884e-01  4.93904242e-01  5.07180358e-01  3.18436198e-01
     2.24975117e-01]]

  [[-5.46406407e-02 -6.59012273e-02 -4.45052584e-01 -4.96684359e-01
    -6.93793197e-01]
   [ 2.89175053e-02 -5.54934672e-03 -3.84838740e-01 -5.19146647e-01
    -7.46168909e-01]
   [ 2.48257796e-01 -1.67191680e-02 -1.80365616e-01 -2.66081231e-01
    -4.66512178e-01]
   [ 3.01450944e-01  2.42373345e-01  5.02383232e-01  4.25031839e-01
     2.22772077e-01]
   [ 2.21912645e-01  4.09314952e-01  6.48123699e-01  4.28682286e-01
     3.27712216e-01]]

  [[-3.96036284e-01 -6.27014971e-02  2.91104534e-01  2.67714674e-01
    -1.18840284e-01]
   [-4.07332864e-01 -2.18088402e-02  1.92645267e-01 -2.03939950e-02
    -3.96383002e-01]
   [-1.01806935e-01  2.11871814e-01  2.37903505e-01 -5.81896372e-02
    -2.62679800e-01]
   [ 1.93239995e-01  2.17480175e-01  7.43986776e-02 -4.60349037e-02
    -2.73430632e-01]
   [ 1.98429977e-01  1.42071827e-01  1.53879418e-01  2.63830763e-01
    -4.87332887e-02]]

  [[-8.05029998e-02 -1.68161456e-01 -4.63773384e-01 -4.62057077e-01
    -6.59338624e-01]
   [-4.21096434e-02 -1.79411402e-01 -4.64764669e-01 -5.42180424e-01
    -7.42404154e-01]
   [ 2.03424537e-01 -1.06976206e-01 -2.42516601e-01 -3.17371616e-01
    -4.86178229e-01]
   [ 3.48749048e-01  2.88210896e-01  5.22116237e-01  3.73054834e-01
     1.78008765e-01]
   [ 2.83420776e-01  4.70752558e-01  6.59520861e-01  3.68613834e-01
     2.92706217e-01]]

  [[-2.12082981e-02  5.88980958e-02 -3.93320361e-01 -5.21000515e-01
    -5.02968398e-01]
   [ 2.49236475e-01  2.45977806e-01 -3.55681908e-01 -5.44228849e-01
    -5.78271485e-01]
   [ 4.43876046e-01  1.99994374e-01 -1.77930938e-01 -2.92120883e-01
    -4.27629236e-01]
   [ 5.71330907e-01  5.85678222e-01  4.99915962e-01  4.56730195e-01
     2.69861919e-01]
   [ 3.96796608e-01  4.90319650e-01  5.31030083e-01  3.75648293e-01
     2.66610194e-01]]]


 [[[ 8.27288346e-02  1.85296867e-01  2.02328413e-01  4.11695550e-02
    -4.73841513e-01]
   [-3.15735383e-02 -1.71067065e-01 -2.87637750e-01 -3.88899227e-01
    -7.59723448e-01]
   [-3.48275070e-02 -2.45730240e-01 -3.42016307e-01 -4.67938182e-01
    -6.74311103e-01]
   [ 1.44542814e-02 -7.74156884e-02  1.20559905e-01 -1.21960454e-01
    -4.30710902e-01]
   [ 3.32735298e-02  1.77027937e-01  6.87806394e-01  3.93167534e-01
    -6.38001328e-02]]

  [[-6.83920721e-02 -7.02628471e-02 -5.34259600e-01 -6.30781815e-01
    -5.57932596e-01]
   [ 2.20158608e-01  1.31638791e-01 -3.38643472e-01 -3.53438163e-01
    -3.53420612e-01]
   [ 3.94552160e-01  2.28454632e-01  9.84326097e-02  1.59902919e-01
    -5.28701590e-02]
   [ 4.77707158e-01  5.70617503e-01  6.55257988e-01  5.67725789e-01
     2.36702644e-01]
   [ 3.70589870e-01  3.96392973e-01  3.58070797e-01  1.03606971e-01
    -2.64875809e-02]]

  [[-4.43841074e-02 -1.11871814e-01 -5.76634333e-01 -6.76593858e-01
    -7.89536997e-01]
   [-4.62277996e-02 -1.37321619e-01 -4.59487030e-01 -4.87424592e-01
    -5.56211791e-01]
   [ 1.39325797e-01 -6.06294794e-02 -4.33495448e-03  7.02209095e-02
    -1.62718337e-01]
   [ 2.14032879e-01  2.18479919e-01  6.29071005e-01  5.52308875e-01
     1.96734875e-01]
   [ 1.41252414e-01  2.88473019e-01  4.82469319e-01  1.85389747e-01
     6.11707153e-02]]

  [[-3.89560136e-01  2.30273480e-02  3.44658175e-01  2.33075307e-01
    -2.10339959e-01]
   [-3.56975426e-01 -3.68055003e-02  2.24502620e-02 -2.85413463e-01
    -6.08437342e-01]
   [-1.34920258e-01  3.86010163e-02 -6.91013048e-02 -2.84036160e-01
    -3.34413659e-01]
   [ 1.11728560e-01  7.12914057e-02 -5.45448282e-02  3.58767897e-02
    -7.56677421e-03]
   [ 1.32142436e-01  8.77132279e-02  2.04326236e-01  4.52270689e-01
     1.85163632e-01]]

  [[-6.01324471e-02 -2.16289349e-01 -6.09503977e-01 -6.48224994e-01
    -7.52735234e-01]
   [-1.09443384e-01 -3.08265586e-01 -5.51635994e-01 -5.11737256e-01
    -5.59763256e-01]
   [ 1.13203475e-01 -1.26972571e-01 -5.36032908e-02  3.26701452e-02
    -1.87850384e-01]
   [ 2.81024985e-01  2.99776312e-01  6.73735633e-01  5.18626425e-01
     1.56243750e-01]
   [ 2.02117771e-01  3.57727231e-01  5.03948142e-01  1.20378331e-01
     3.06020876e-02]]

  [[-5.56005403e-02 -2.56260878e-02 -5.58604518e-01 -6.90968556e-01
    -5.68254322e-01]
   [ 1.76091014e-01  1.50351778e-01 -3.69038546e-01 -4.22913113e-01
    -3.61854893e-01]
   [ 3.57852926e-01  2.29436449e-01  7.57863723e-02  1.19695343e-01
    -6.17720206e-02]
   [ 4.94833033e-01  6.09604082e-01  6.61470401e-01  5.76944136e-01
     2.53599622e-01]
   [ 3.53980726e-01  3.97928761e-01  3.74692644e-01  1.43376589e-01
     5.83645002e-03]]]


 [[[ 5.30614835e-02  1.16514071e-01  1.90400969e-01  9.69852406e-02
    -4.23676942e-01]
   [-1.08175286e-01 -1.30638074e-01 -1.13901317e-01 -1.51938710e-01
    -6.08376907e-01]
   [-9.07110116e-03 -1.01698660e-01 -1.40524233e-01 -3.07179726e-01
    -6.33193832e-01]
   [ 1.12675017e-01 -2.31280767e-02 -6.76229023e-03 -3.14317001e-01
    -5.63012475e-01]
   [ 1.40134281e-01  1.10965134e-01  4.85597976e-01  2.43764523e-01
    -9.06921668e-02]]

  [[-1.24804590e-01 -7.95501667e-02 -4.38945893e-01 -4.66236183e-01
    -4.22588551e-01]
   [ 2.66784420e-01  1.96751657e-01 -3.50452867e-01 -4.47033964e-01
    -4.95889347e-01]
   [ 5.22763822e-01  2.23865752e-01 -1.34080432e-01 -1.99672712e-01
    -3.53696954e-01]
   [ 5.80306525e-01  5.33865475e-01  4.71758083e-01  4.35655282e-01
     2.53102041e-01]
   [ 3.93911283e-01  4.46832288e-01  4.62243732e-01  2.95313377e-01
     2.10496385e-01]]

  [[-1.29272012e-01 -1.44090333e-01 -5.12428701e-01 -5.35179778e-01
    -6.79293049e-01]
   [ 5.41839720e-03 -4.22933588e-02 -4.35108304e-01 -5.40657578e-01
    -7.16442168e-01]
   [ 2.87588654e-01 -7.52463877e-03 -1.83436913e-01 -2.25727400e-01
    -4.05714876e-01]
   [ 3.22706175e-01  2.16146482e-01  4.92891671e-01  4.62243257e-01
     2.58645554e-01]
   [ 1.90588688e-01  3.48927123e-01  6.08597935e-01  4.15664879e-01
     3.21088687e-01]]

  [[-3.62838789e-01 -5.97781778e-02  2.48205342e-01  1.99084100e-01
    -1.76061638e-01]
   [-4.30481754e-01 -6.61846906e-02  1.09265370e-01 -1.03517088e-01
    -4.29759306e-01]
   [-1.14562650e-01  1.96646766e-01  1.80593762e-01 -1.07265137e-01
    -2.46794303e-01]
   [ 2.51679994e-01  2.67829953e-01  7.41241010e-02 -3.23662264e-02
    -1.98744357e-01]
   [ 2.75085149e-01  1.88491158e-01  1.45802407e-01  2.83001037e-01
     5.08805171e-03]]

  [[-1.51883229e-01 -2.44632854e-01 -5.32591542e-01 -4.98805904e-01
    -6.40383318e-01]
   [-7.14308494e-02 -2.23570001e-01 -5.20944058e-01 -5.65267300e-01
    -7.15550988e-01]
   [ 2.42050643e-01 -9.73030203e-02 -2.50178222e-01 -2.78270676e-01
    -4.24879395e-01]
   [ 3.73104057e-01  2.72419493e-01  5.22956905e-01  4.12306000e-01
     2.17732919e-01]
   [ 2.58348227e-01  4.15712108e-01  6.27452226e-01  3.61049296e-01
     2.93398545e-01]]

  [[-1.13511811e-01 -2.89080192e-02 -4.58810247e-01 -5.40082522e-01
    -4.52218422e-01]
   [ 2.25607674e-01  2.19729370e-01 -3.84296564e-01 -5.44346514e-01
    -5.29498373e-01]
   [ 4.85202646e-01  2.19278543e-01 -1.68326647e-01 -2.51276057e-01
    -3.60867643e-01]
   [ 5.82037002e-01  5.73932332e-01  4.93947931e-01  4.72629800e-01
     2.96486474e-01]
   [ 3.72547116e-01  4.45417900e-01  4.89919853e-01  3.51467887e-01
     2.50595209e-01]]]


 [[[-9.52506405e-02  2.97854319e-02  1.68276198e-01  4.51357838e-02
    -4.81385359e-01]
   [-2.28341888e-02  1.37829259e-01  1.86879285e-01 -4.48306429e-02
    -5.90603772e-01]
   [ 2.01792312e-01  2.06830597e-01  1.32494761e-01 -2.79422239e-01
    -6.62035742e-01]
   [ 7.30556533e-02 -1.49362657e-01 -2.43323012e-01 -6.11420711e-01
    -7.36941034e-01]
   [-1.02539840e-02 -1.84745279e-01  1.43672624e-01  4.93698188e-02
    -1.11124641e-01]]

  [[ 4.51391013e-02  1.87198662e-01 -1.25563539e-01 -2.67806789e-01
    -4.28879631e-01]
   [ 3.18105148e-01  2.37974740e-01 -3.33488558e-01 -5.09081388e-01
    -5.91725142e-01]
   [ 3.56408146e-01 -6.26553498e-02 -5.00516791e-01 -5.42690629e-01
    -5.15139578e-01]
   [ 3.85851583e-01  2.50769000e-01  2.73080280e-01  3.95168131e-01
     3.79510913e-01]
   [ 3.79424384e-01  4.45406081e-01  6.51986568e-01  6.63704320e-01
     6.07989317e-01]]

  [[-1.75580660e-02  1.30867572e-01 -1.52916145e-01 -3.00726003e-01
    -6.27867034e-01]
   [ 1.57530267e-01  1.47198700e-01 -3.31710960e-01 -5.28229190e-01
    -7.25035397e-01]
   [ 2.44825924e-01 -1.49770683e-01 -4.85675874e-01 -5.23574579e-01
    -4.90364680e-01]
   [ 2.04779157e-01  8.45430316e-03  3.06501709e-01  4.01036933e-01
     4.00204990e-01]
   [ 2.59534002e-01  3.55401076e-01  7.84022832e-01  7.64744482e-01
     6.60504108e-01]]

  [[-4.07772681e-01 -9.53657029e-02  3.38153050e-01  3.08141558e-01
    -1.54569855e-01]
   [-3.81975048e-01  8.76235296e-02  4.14909076e-01  1.35414424e-01
    -3.92478005e-01]
   [ 7.21198701e-02  4.30838474e-01  4.21391572e-01 -3.07458048e-02
    -3.78216595e-01]
   [ 3.04064232e-01  2.28241727e-01 -1.04684983e-01 -3.84352335e-01
    -5.81565707e-01]
   [ 2.00641932e-01 -4.01339056e-02 -2.08900055e-01 -7.45284999e-02
    -1.87143599e-01]]

  [[-3.58297208e-02  4.23684138e-02 -1.65679024e-01 -2.53203916e-01
    -5.71512939e-01]
   [ 8.92566512e-02 -1.10660587e-02 -3.96064219e-01 -5.21127550e-01
    -6.77808555e-01]
   [ 1.90082816e-01 -2.58152061e-01 -5.57090593e-01 -5.68586786e-01
    -4.89303025e-01]
   [ 2.14036850e-01  9.26287968e-03  3.16898638e-01  3.42816768e-01
     3.57240940e-01]
   [ 2.86302024e-01  4.02218447e-01  7.91425730e-01  7.03498306e-01
     6.11071507e-01]]

  [[ 7.37454304e-02  2.65743701e-01 -1.34707066e-01 -3.47754886e-01
    -4.69345435e-01]
   [ 2.91876144e-01  2.76320203e-01 -3.63008357e-01 -6.08598013e-01
    -6.29777714e-01]
   [ 3.26264116e-01 -6.36461784e-02 -5.21799138e-01 -5.71599862e-01
    -5.01441808e-01]
   [ 3.90181192e-01  2.92005619e-01  3.04975946e-01  4.60917365e-01
     4.52665939e-01]
   [ 3.53763783e-01  4.45112094e-01  6.84950698e-01  7.26738398e-01
     6.37558313e-01]]]


 [[[ 2.32087347e-02  1.04535078e-01  1.82929917e-01  7.59520687e-02
    -4.48176850e-01]
   [-8.72887443e-02 -1.10043606e-01 -1.10986202e-01 -2.02626331e-01
    -6.60744727e-01]
   [-1.78755620e-02 -9.53105138e-02 -1.46113809e-01 -3.70689018e-01
    -6.90201321e-01]
   [ 4.38534841e-02 -6.31200297e-02 -2.29969689e-02 -3.75230747e-01
    -6.13010202e-01]
   [ 1.01741131e-01  1.27438570e-01  4.91953723e-01  1.89667444e-01
    -1.48251056e-01]]

  [[-7.99977222e-02 -1.74071352e-02 -3.89563607e-01 -4.80930093e-01
    -5.10368613e-01]
   [ 2.67755401e-01  2.14347503e-01 -3.12641727e-01 -4.38810908e-01
    -5.42092382e-01]
   [ 4.75273258e-01  2.21908708e-01 -9.53259031e-02 -1.83200933e-01
    -3.74951980e-01]
   [ 5.74462943e-01  5.75350477e-01  5.22446477e-01  4.27367215e-01
     2.13843956e-01]
   [ 4.28649350e-01  4.82445086e-01  4.69400684e-01  2.52380300e-01
     1.57118914e-01]]

  [[-9.51323043e-02 -8.40093987e-02 -4.50498111e-01 -5.26759849e-01
    -7.32713800e-01]
   [-6.59447227e-03 -2.64717701e-02 -3.88121411e-01 -5.23097927e-01
    -7.44598854e-01]
   [ 2.34282857e-01 -1.42524520e-02 -1.37114789e-01 -2.16408155e-01
    -4.27337460e-01]
   [ 3.12180675e-01  2.59371682e-01  5.41667965e-01  4.39540867e-01
     2.13747117e-01]
   [ 2.14334145e-01  3.87936132e-01  6.10390009e-01  3.59657242e-01
     2.63303953e-01]]

  [[-4.13371933e-01 -6.73312558e-02  3.03809960e-01  2.64561911e-01
    -1.51058802e-01]
   [-4.30621533e-01 -5.19012593e-02  1.65800678e-01 -6.10618359e-02
    -4.34889489e-01]
   [-1.42842733e-01  1.64458540e-01  1.92345283e-01 -9.34244451e-02
    -2.82022279e-01]
   [ 1.52278389e-01  1.85963867e-01  6.58296478e-02 -2.45173601e-02
    -2.33413385e-01]
   [ 1.83419568e-01  1.45156612e-01  1.86126888e-01  3.08394037e-01
    -2.08101004e-02]]

  [[-1.19183371e-01 -1.84391427e-01 -4.74381423e-01 -4.97994145e-01
    -6.97458576e-01]
   [-7.65761431e-02 -2.00469122e-01 -4.70701985e-01 -5.47809745e-01
    -7.44977188e-01]
   [ 1.93304663e-01 -9.66180928e-02 -1.97968016e-01 -2.66310654e-01
    -4.48242087e-01]
   [ 3.67270439e-01  3.20390296e-01  5.69669037e-01  3.88283833e-01
     1.70534091e-01]
   [ 2.80265367e-01  4.57936070e-01  6.25695178e-01  2.96275271e-01
     2.31324054e-01]]

  [[-7.04654836e-02  2.85375163e-02 -4.13459277e-01 -5.57289616e-01
    -5.43400361e-01]
   [ 2.21858994e-01  2.31147463e-01 -3.49671055e-01 -5.37075517e-01
    -5.76480917e-01]
   [ 4.37679630e-01  2.19456189e-01 -1.28078054e-01 -2.34416979e-01
    -3.79420862e-01]
   [ 5.80506763e-01  6.14868657e-01  5.39469763e-01  4.64290893e-01
     2.59000229e-01]
   [ 4.03595717e-01  4.75570806e-01  4.88785816e-01  3.04651675e-01
     1.98483138e-01]]]


 [[[ 6.82135256e-02  1.06203446e-01  7.35480731e-02 -8.45531082e-02
    -5.36249315e-01]
   [-1.70038808e-01 -2.43420368e-01 -2.39091190e-01 -3.24463272e-01
    -7.55825682e-01]
   [-2.16488341e-01 -2.53583660e-01 -1.70721288e-01 -3.41463976e-01
    -7.05380844e-01]
   [-9.72424665e-02 -1.13698254e-01  5.88928513e-02 -3.02060700e-01
    -6.29912937e-01]
   [ 1.60748446e-01  2.42115393e-01  5.33116784e-01  1.01590806e-01
    -2.87956263e-01]]

  [[-2.24490091e-01 -1.35571535e-01 -4.24666792e-01 -5.02852217e-01
    -5.79936715e-01]
   [ 1.29336800e-01  1.50803506e-01 -2.32448567e-01 -3.27644028e-01
    -4.98873510e-01]
   [ 4.71149624e-01  3.40956422e-01  7.07374900e-02 -8.56300779e-02
    -4.03273375e-01]
   [ 7.20401817e-01  7.70009760e-01  5.73229564e-01  2.87196444e-01
    -5.44540259e-02]
   [ 4.81907871e-01  4.84945978e-01  3.47338460e-01  2.74256637e-02
    -1.08836587e-01]]

  [[-2.16205340e-01 -2.28485190e-01 -5.05078131e-01 -5.26541759e-01
    -7.65072141e-01]
   [-1.75923020e-01 -1.47568420e-01 -3.18578929e-01 -4.08287001e-01
    -6.94436084e-01]
   [ 1.68266222e-01  4.40099589e-02  9.98874118e-03 -1.44610581e-01
    -4.91297960e-01]
   [ 4.09047072e-01  4.06008120e-01  5.49182130e-01  2.63120868e-01
    -6.97688523e-02]
   [ 2.44874589e-01  3.70221617e-01  4.53155966e-01  9.66559998e-02
    -1.20821214e-02]]

  [[-4.16884239e-01 -8.12464031e-02  2.75317415e-01  2.35369633e-01
    -1.97408326e-01]
   [-4.87200929e-01 -1.91426411e-01 -3.42004239e-03 -1.16164557e-01
    -4.61199766e-01]
   [-3.14583277e-01 -4.26977060e-02  5.88210837e-02 -2.05167004e-02
    -2.35143802e-01]
   [-4.34041186e-02  4.34385689e-02  9.50213207e-02  1.39096581e-01
    -1.89417107e-01]
   [ 1.23020650e-01  1.85044857e-01  3.27353964e-01  3.86278875e-01
    -9.73495388e-02]]

  [[-2.34983145e-01 -3.19650096e-01 -5.32252698e-01 -5.12804539e-01
    -7.46576563e-01]
   [-2.39071120e-01 -3.01894325e-01 -4.00612702e-01 -4.49391166e-01
    -7.20715232e-01]
   [ 1.37375287e-01 -2.14958729e-02 -4.26234211e-02 -1.93981467e-01
    -5.23627654e-01]
   [ 4.81355250e-01  4.66719009e-01  5.61522460e-01  2.19676119e-01
    -1.00332472e-01]
   [ 3.13751065e-01  4.41079160e-01  4.54410355e-01  2.42190754e-02
    -4.02427104e-02]]

  [[-2.09096253e-01 -1.04106985e-01 -4.63180993e-01 -5.75352514e-01
    -6.04855395e-01]
   [ 9.45507457e-02  1.72352346e-01 -2.54189948e-01 -4.04855432e-01
    -5.28388809e-01]
   [ 4.45361509e-01  3.47020606e-01  4.46584251e-02 -1.37160471e-01
    -4.15903352e-01]
   [ 7.25840721e-01  7.92772476e-01  5.63294984e-01  2.87915066e-01
    -2.17683235e-02]
   [ 4.49296506e-01  4.70329053e-01  3.53003761e-01  6.23180080e-02
    -6.78524003e-02]]]


 [[[ 1.12274940e-01  2.08149053e-01  2.03442771e-01  4.47682475e-02
    -4.62196471e-01]
   [-2.60527613e-02 -1.77181549e-01 -2.89936355e-01 -3.58357530e-01
    -7.24734490e-01]
   [-2.47439798e-02 -2.60252611e-01 -3.46750798e-01 -4.32056688e-01
    -6.38419269e-01]
   [ 3.67635445e-02 -7.78562654e-02  1.13721336e-01 -1.03370777e-01
    -4.12163788e-01]
   [ 3.14286446e-02  1.54581876e-01  6.76958962e-01  4.10411826e-01
    -3.78543448e-02]]

  [[-7.55547381e-02 -1.01016033e-01 -5.58115936e-01 -6.06187071e-01
    -4.96157743e-01]
   [ 2.17447462e-01  1.10685666e-01 -3.62323675e-01 -3.45300025e-01
    -3.21309164e-01]
   [ 4.11151552e-01  2.29185950e-01  8.35644238e-02  1.56979091e-01
    -4.68688316e-02]
   [ 4.83030992e-01  5.72626554e-01  6.56103176e-01  5.84598222e-01
     2.48270196e-01]
   [ 3.78847313e-01  4.17188207e-01  3.76488064e-01  1.28165898e-01
    -1.04694854e-02]]

  [[-4.18700151e-02 -1.38852803e-01 -6.10875550e-01 -6.64629213e-01
    -7.44957690e-01]
   [-4.01260484e-02 -1.57747300e-01 -4.89671467e-01 -4.89366509e-01
    -5.38564555e-01]
   [ 1.55047759e-01 -6.98071665e-02 -3.01409848e-02  6.53154725e-02
    -1.63961909e-01]
   [ 2.06629754e-01  2.02281747e-01  6.18420894e-01  5.72193279e-01
     2.09346526e-01]
   [ 1.42483501e-01  2.99702112e-01  4.96364673e-01  2.10852460e-01
     8.18929651e-02]]

  [[-3.54978226e-01  4.01214358e-02  3.22055839e-01  1.98731141e-01
    -2.19991189e-01]
   [-3.39762575e-01 -3.34291326e-02 -4.39367036e-04 -3.06485151e-01
    -5.97546552e-01]
   [-1.04976291e-01  5.87219222e-02 -7.12322976e-02 -2.88597515e-01
    -3.05673518e-01]
   [ 1.65490026e-01  1.13422627e-01 -4.32536461e-02  3.59251296e-02
     1.46410219e-02]
   [ 1.70007463e-01  1.09287290e-01  1.91566170e-01  4.43192752e-01
     2.02008648e-01]]

  [[-5.86716811e-02 -2.43068882e-01 -6.40899308e-01 -6.33283611e-01
    -7.07904510e-01]
   [-1.08500730e-01 -3.34368122e-01 -5.83447411e-01 -5.15117729e-01
    -5.41542990e-01]
   [ 1.23257838e-01 -1.39686440e-01 -8.33575226e-02  2.57075313e-02
    -1.87511631e-01]
   [ 2.69078166e-01  2.78955761e-01  6.60172486e-01  5.34493770e-01
     1.71042689e-01]
   [ 2.04566692e-01  3.67139095e-01  5.17928262e-01  1.49766752e-01
     5.16872990e-02]]

  [[-6.29158269e-02 -5.41329274e-02 -5.79199099e-01 -6.61097949e-01
    -5.04612947e-01]
   [ 1.74379032e-01  1.32362268e-01 -3.87860658e-01 -4.15089629e-01
    -3.31670550e-01]
   [ 3.72037715e-01  2.30204779e-01  6.26637885e-02  1.18109764e-01
    -5.79852799e-02]
   [ 4.97430232e-01  6.15439640e-01  6.70018787e-01  5.95648861e-01
     2.63756883e-01]
   [ 3.66896260e-01  4.22403352e-01  3.97727545e-01  1.69383412e-01
     2.29008218e-02]]]


 [[[ 8.04579233e-02  1.71273652e-01  2.02322474e-01  7.32729788e-02
    -4.36191110e-01]
   [-4.74350833e-02 -1.52924853e-01 -2.38569082e-01 -2.91707613e-01
    -6.72334759e-01]
   [ 6.26824764e-03 -2.03273983e-01 -3.07438640e-01 -4.09721557e-01
    -6.26906902e-01]
   [ 7.42670565e-02 -6.37388590e-02  6.86244441e-02 -1.51055778e-01
    -4.33918105e-01]
   [ 4.73234889e-02  1.15419134e-01  6.32635748e-01  4.15940780e-01
    -4.14258686e-03]]

  [[-1.05874176e-01 -9.93142608e-02 -5.38142176e-01 -5.64264012e-01
    -4.44071559e-01]
   [ 2.30327530e-01  1.20412207e-01 -3.91494589e-01 -3.92651482e-01
    -3.59291263e-01]
   [ 4.35854750e-01  1.85133323e-01 -2.07719511e-02  4.76063910e-02
    -1.00344371e-01]
   [ 4.80874112e-01  5.11002268e-01  5.90148596e-01  5.87028368e-01
     3.18880127e-01]
   [ 3.64494659e-01  4.15029500e-01  4.24116984e-01  2.22514306e-01
     9.95458994e-02]]

  [[-8.05244863e-02 -1.34254714e-01 -5.86866099e-01 -6.32883673e-01
    -7.08492071e-01]
   [-1.62396510e-02 -1.22002933e-01 -4.99999136e-01 -5.24069539e-01
    -5.80111898e-01]
   [ 2.02354504e-01 -7.99757745e-02 -1.09253235e-01 -1.33071063e-02
    -1.95808807e-01]
   [ 2.16631016e-01  1.61098732e-01  5.84144233e-01  5.98165208e-01
     2.95141860e-01]
   [ 1.35732293e-01  3.05668974e-01  5.63553170e-01  3.28323779e-01
     1.99994197e-01]]

  [[-3.67332779e-01 -7.93448674e-05  2.71813355e-01  1.57849378e-01
    -2.39108591e-01]
   [-3.76323373e-01 -4.25826029e-02  1.94147202e-02 -2.79272382e-01
    -5.72375718e-01]
   [-9.17459421e-02  1.12255817e-01 -1.57539056e-02 -2.79940901e-01
    -3.02767925e-01]
   [ 2.16576385e-01  1.57197736e-01 -5.90747467e-02 -3.07368910e-02
    -3.76378270e-02]
   [ 2.01727363e-01  9.83706988e-02  1.15890608e-01  3.79409653e-01
     1.69083713e-01]]

  [[-9.65755329e-02 -2.39495081e-01 -6.17444007e-01 -5.96209865e-01
    -6.64323962e-01]
   [-8.92804051e-02 -3.07470769e-01 -5.98425375e-01 -5.45903165e-01
    -5.72040068e-01]
   [ 1.62714733e-01 -1.60498785e-01 -1.72852890e-01 -5.73812093e-02
    -2.11758979e-01]
   [ 2.75764362e-01  2.33102603e-01  6.25266793e-01  5.57096111e-01
     2.54892023e-01]
   [ 2.00615995e-01  3.75521229e-01  5.87338472e-01  2.71353674e-01
     1.73491681e-01]]

  [[-9.07931059e-02 -4.74322260e-02 -5.54898363e-01 -6.22716463e-01
    -4.56324612e-01]
   [ 1.86531105e-01  1.45707576e-01 -4.21211830e-01 -4.71826502e-01
    -3.72126283e-01]
   [ 3.96999354e-01  1.87101367e-01 -4.38918605e-02  6.19540905e-03
    -1.08812038e-01]
   [ 4.91795700e-01  5.57483262e-01  6.14734045e-01  6.11126904e-01
     3.39175216e-01]
   [ 3.52308009e-01  4.21373972e-01  4.51522412e-01  2.69399124e-01
     1.31207285e-01]]]


 [[[-8.22298497e-02  4.13108084e-02  1.67263681e-01  4.29358020e-02
    -4.80046603e-01]
   [ 2.33972510e-02  1.38928318e-01  1.50741742e-01 -6.50013979e-02
    -5.86264097e-01]
   [ 2.16869643e-01  1.75123171e-01  7.35333866e-02 -2.92855589e-01
    -6.34817097e-01]
   [ 5.61873433e-02 -1.83703831e-01 -2.38430895e-01 -5.57779124e-01
    -7.00031862e-01]
   [-5.18137261e-02 -2.04741970e-01  1.95242957e-01  1.03404301e-01
    -1.06115951e-01]]

  [[ 7.15834887e-02  1.84148041e-01 -1.65776913e-01 -2.83727007e-01
    -3.84494654e-01]
   [ 2.98444079e-01  1.99963816e-01 -3.68245043e-01 -5.06822242e-01
    -5.42290583e-01]
   [ 3.05203864e-01 -1.07991767e-01 -4.95193828e-01 -4.83940033e-01
    -4.58026639e-01]
   [ 3.50037007e-01  2.37742012e-01  3.10368323e-01  4.53720668e-01
     4.08374377e-01]
   [ 3.91222411e-01  4.69196546e-01  6.78860870e-01  6.73226053e-01
     5.86029100e-01]]

  [[ 1.36044678e-02  1.35372039e-01 -1.86311864e-01 -3.29667318e-01
    -6.06267075e-01]
   [ 1.37846308e-01  1.08346423e-01 -3.66804464e-01 -5.26449494e-01
    -6.85713146e-01]
   [ 1.93338676e-01 -2.01395154e-01 -4.82350775e-01 -4.63281349e-01
    -4.49107907e-01]
   [ 1.66428007e-01 -1.66958479e-02  3.43675522e-01  4.58756922e-01
     4.11004243e-01]
   [ 2.50145897e-01  3.70095940e-01  8.12300733e-01  7.69539747e-01
     6.33142407e-01]]

  [[-4.25511122e-01 -8.68544958e-02  3.28809709e-01  2.87439936e-01
    -1.61123239e-01]
   [-3.61971256e-01  9.56441568e-02  3.85554164e-01  9.29017261e-02
    -4.20572178e-01]
   [ 7.46330342e-02  4.00243136e-01  3.65765756e-01 -7.43598034e-02
    -3.72062666e-01]
   [ 2.76999973e-01  1.82145347e-01 -1.49374336e-01 -3.72601017e-01
    -5.04477708e-01]
   [ 1.60684377e-01 -8.21785804e-02 -2.14858518e-01 -1.82662394e-02
    -1.21741274e-01]]

  [[-7.60686332e-03  4.57413849e-02 -1.97985632e-01 -2.76426168e-01
    -5.47353698e-01]
   [ 6.86141098e-02 -5.08468836e-02 -4.33990513e-01 -5.20813133e-01
    -6.38899419e-01]
   [ 1.39962497e-01 -3.07670490e-01 -5.54375274e-01 -5.08105734e-01
    -4.49005018e-01]
   [ 1.75024443e-01 -9.08434316e-03  3.58576462e-01  3.99417318e-01
     3.62059279e-01]
   [ 2.76817489e-01  4.19010437e-01  8.22188288e-01  7.07322676e-01
     5.83733219e-01]]

  [[ 9.82245422e-02  2.60102929e-01 -1.74748390e-01 -3.62254510e-01
    -4.26421710e-01]
   [ 2.66948726e-01  2.32172307e-01 -3.98929880e-01 -6.04715786e-01
    -5.79504371e-01]
   [ 2.70573323e-01 -1.10156666e-01 -5.12204756e-01 -5.13124231e-01
    -4.49217589e-01]
   [ 3.53439735e-01  2.83465465e-01  3.49376761e-01  5.19710247e-01
     4.72848356e-01]
   [ 3.66147201e-01  4.70387248e-01  7.09775391e-01  7.33483782e-01
     6.11304650e-01]]]


 [[[-5.75946806e-02  5.44633773e-02  1.80673238e-01  4.06953755e-02
    -4.76059100e-01]
   [-1.62777319e-01  1.17002451e-01  2.50597191e-01  2.03165134e-02
    -5.86260067e-01]
   [ 1.20056749e-01  2.63028034e-01  2.55777077e-01 -1.85545974e-01
    -6.98496200e-01]
   [ 1.75886033e-01  1.94735678e-03 -2.07722068e-01 -6.44225838e-01
    -7.74776049e-01]
   [ 2.06511630e-01 -7.21527101e-02  2.85682105e-02 -6.23171034e-02
    -1.10310441e-01]]

  [[-8.52255858e-02  1.40284061e-01 -3.50581983e-02 -2.30000815e-01
    -5.25071336e-01]
   [ 3.43625380e-01  3.00708952e-01 -2.55530695e-01 -4.92949648e-01
    -6.96669139e-01]
   [ 5.34080206e-01  9.70447216e-02 -4.93372688e-01 -7.07783286e-01
    -6.59023389e-01]
   [ 5.51582587e-01  3.12727733e-01  1.15932308e-01  1.38118807e-01
     2.45388826e-01]
   [ 3.60614720e-01  3.47748004e-01  4.46026731e-01  4.71205183e-01
     5.58920899e-01]]

  [[-1.46973589e-01  8.09005585e-02 -8.75197603e-02 -2.43340292e-01
    -6.79791809e-01]
   [ 1.95115001e-01  2.30673088e-01 -2.57297778e-01 -5.22900062e-01
    -8.21076539e-01]
   [ 4.39444304e-01  4.26390921e-02 -4.77060826e-01 -6.77010464e-01
    -5.95522128e-01]
   [ 4.02479414e-01  1.08804604e-01  1.62097027e-01  1.86992747e-01
     3.13335129e-01]
   [ 3.09177870e-01  2.75358094e-01  5.88372757e-01  6.12220578e-01
     6.03560375e-01]]

  [[-3.30450818e-01 -8.63865163e-02  3.99530194e-01  3.55955238e-01
    -1.55046714e-01]
   [-4.68715887e-01  4.09147639e-02  4.86024445e-01  2.25492292e-01
    -3.40682583e-01]
   [ 8.31596503e-03  4.90600956e-01  5.48127064e-01  4.97348554e-02
    -3.90902537e-01]
   [ 4.11583410e-01  4.23972348e-01  7.27442158e-02 -3.73083667e-01
    -7.33011406e-01]
   [ 4.14862667e-01  1.93389089e-01 -1.10677273e-01 -1.87923241e-01
    -3.42582387e-01]]

  [[-1.60226117e-01 -1.67306164e-03 -1.11678353e-01 -2.20289024e-01
    -6.38833806e-01]
   [ 1.19818810e-01  6.95845613e-02 -3.26255114e-01 -5.24841831e-01
    -7.83013966e-01]
   [ 3.79041559e-01 -7.08386010e-02 -5.64440091e-01 -7.35741039e-01
    -5.94554699e-01]
   [ 4.13471327e-01  9.09341802e-02  1.53603482e-01  1.16142783e-01
     2.78441911e-01]
   [ 3.36847309e-01  3.16234541e-01  5.92530609e-01  5.48554470e-01
     5.63589351e-01]]

  [[-5.81548943e-02  2.20514169e-01 -4.72762870e-02 -3.05562056e-01
    -5.63490880e-01]
   [ 3.24830554e-01  3.53801080e-01 -2.74855811e-01 -5.92120029e-01
    -7.33134511e-01]
   [ 5.14375771e-01  9.88879519e-02 -5.25648050e-01 -7.42569454e-01
    -6.36612121e-01]
   [ 5.57612009e-01  3.43909287e-01  1.30419644e-01  1.92324368e-01
     3.24715124e-01]
   [ 3.39750969e-01  3.44113228e-01  4.76976008e-01  5.36037164e-01
     5.88471378e-01]]]


 [[[-4.87626491e-02  6.33331387e-02  1.84979956e-01  4.60441459e-02
    -4.71559391e-01]
   [-1.45638470e-01  1.12264000e-01  2.30049064e-01  1.34976942e-02
    -5.78643938e-01]
   [ 1.30624127e-01  2.46903200e-01  2.30869781e-01 -1.87262583e-01
    -6.78816237e-01]
   [ 1.78826887e-01 -7.47402240e-03 -2.05942413e-01 -6.23422100e-01
    -7.55527513e-01]
   [ 1.92564228e-01 -8.06463636e-02  5.35065940e-02 -3.04985678e-02
    -9.63511507e-02]]

  [[-7.96041940e-02  1.23747280e-01 -7.73516480e-02 -2.43050698e-01
    -4.82523434e-01]
   [ 3.49165246e-01  2.98271686e-01 -2.79239239e-01 -5.00293272e-01
    -6.63400796e-01]
   [ 5.37030300e-01  9.18145028e-02 -4.93240802e-01 -6.79094632e-01
    -6.36290543e-01]
   [ 5.40605796e-01  3.05376344e-01  1.37757098e-01  1.87016201e-01
     2.75678690e-01]
   [ 3.54949001e-01  3.52919851e-01  4.80298896e-01  5.19630607e-01
     5.80863283e-01]]

  [[-1.40685052e-01  6.39414602e-02 -1.27509133e-01 -2.67354501e-01
    -6.61560661e-01]
   [ 1.92853373e-01  2.15906639e-01 -2.85720798e-01 -5.34416562e-01
    -8.00819100e-01]
   [ 4.33661043e-01  2.34646543e-02 -4.84189465e-01 -6.56132121e-01
    -5.78880907e-01]
   [ 3.82029676e-01  9.09849481e-02  1.79506721e-01  2.29927221e-01
     3.38333333e-01]
   [ 2.93919508e-01  2.77463454e-01  6.22349134e-01  6.53762091e-01
     6.29376014e-01]]

  [[-3.28540541e-01 -8.56022662e-02  3.72180673e-01  3.29044110e-01
    -1.62977611e-01]
   [-4.62878700e-01  3.76813584e-02  4.48917856e-01  1.89816412e-01
    -3.48482245e-01]
   [ 1.83206426e-02  4.88246892e-01  5.25166507e-01  3.52697190e-02
    -3.73440315e-01]
   [ 4.22591218e-01  4.20829971e-01  5.86888682e-02 -3.67265067e-01
    -6.93713998e-01]
   [ 4.10619267e-01  1.80883469e-01 -1.22297557e-01 -1.72093379e-01
    -3.11185810e-01]]

  [[-1.55533815e-01 -1.78498266e-02 -1.48336414e-01 -2.36926117e-01
    -6.14325413e-01]
   [ 1.17481779e-01  5.18468681e-02 -3.56081614e-01 -5.35837256e-01
    -7.62462146e-01]
   [ 3.72529875e-01 -9.19273155e-02 -5.71590452e-01 -7.12756977e-01
    -5.79927721e-01]
   [ 3.92180452e-01  7.59918975e-02  1.75622168e-01  1.58772044e-01
     2.99201175e-01]
   [ 3.23996455e-01  3.19470664e-01  6.29917444e-01  5.93883362e-01
     5.87487283e-01]]

  [[-5.36123298e-02  2.04647156e-01 -9.00842069e-02 -3.20548095e-01
    -5.20707728e-01]
   [ 3.30719543e-01  3.48117475e-01 -2.98822581e-01 -5.99183140e-01
    -7.00424804e-01]
   [ 5.17040260e-01  9.15845370e-02 -5.24710043e-01 -7.13243030e-01
    -6.13058602e-01]
   [ 5.45837818e-01  3.37484330e-01  1.53431907e-01  2.44698201e-01
     3.57286628e-01]
   [ 3.33916678e-01  3.50590822e-01  5.15014090e-01  5.84869294e-01
     6.11906887e-01]]]


 [[[ 7.59999656e-02  1.14787514e-01  1.01081573e-01 -5.58966338e-02
    -5.27938255e-01]
   [-1.81277881e-01 -2.63815417e-01 -2.61900718e-01 -3.28394687e-01
    -7.51600490e-01]
   [-2.08042292e-01 -2.69175050e-01 -2.12449042e-01 -3.58836210e-01
    -6.91763108e-01]
   [-5.58185147e-02 -8.62564225e-02  6.67701309e-02 -2.65394502e-01
    -5.92125096e-01]
   [ 1.70105648e-01  2.35949904e-01  5.48245020e-01  1.63376780e-01
    -2.43543774e-01]]

  [[-2.41021013e-01 -1.70223886e-01 -4.76949424e-01 -5.38491580e-01
    -5.68394236e-01]
   [ 1.39144274e-01  1.42477270e-01 -2.70242864e-01 -3.52478427e-01
    -4.79165641e-01]
   [ 4.87565177e-01  3.44651308e-01  6.63646350e-02 -6.33422664e-02
    -3.57259842e-01]
   [ 6.95949387e-01  7.40407094e-01  5.63140388e-01  3.13634160e-01
    -1.61884657e-02]
   [ 4.54699173e-01  4.53197508e-01  3.34122845e-01  3.40503019e-02
    -9.57491215e-02]]

  [[-2.26609852e-01 -2.51985127e-01 -5.53973054e-01 -5.71366633e-01
    -7.72626110e-01]
   [-1.67116620e-01 -1.57717562e-01 -3.70880233e-01 -4.50653133e-01
    -6.84779736e-01]
   [ 1.83338018e-01  4.63980272e-02 -7.31425214e-03 -1.24462963e-01
    -4.43761594e-01]
   [ 3.93888590e-01  3.75142181e-01  5.35882543e-01  3.01748561e-01
    -2.57709083e-02]
   [ 2.21279540e-01  3.39395649e-01  4.42539628e-01  1.14597558e-01
     6.51182061e-03]]

  [[-4.00853451e-01 -6.39652540e-02  2.73463391e-01  2.10943082e-01
    -2.20486572e-01]
   [-4.83704026e-01 -1.85006261e-01 -2.63599617e-02 -1.72963513e-01
    -4.92902915e-01]
   [-2.93255465e-01 -2.34015753e-02  3.13646451e-02 -8.04261942e-02
    -2.42668544e-01]
   [ 1.31522384e-02  9.09446224e-02  8.79378069e-02  1.18777186e-01
    -1.45842928e-01]
   [ 1.59872993e-01  2.03326031e-01  3.07907340e-01  3.94560394e-01
    -4.15761508e-02]]

  [[-2.42348435e-01 -3.46262967e-01 -5.83345545e-01 -5.55835154e-01
    -7.50670451e-01]
   [-2.32847445e-01 -3.20562988e-01 -4.56969334e-01 -4.89855094e-01
    -7.07059005e-01]
   [ 1.53270020e-01 -2.27296673e-02 -6.13741238e-02 -1.73702693e-01
    -4.74941994e-01]
   [ 4.65434484e-01  4.40633060e-01  5.57866310e-01  2.61328612e-01
    -5.57427452e-02]
   [ 2.91292682e-01  4.11195862e-01  4.50625885e-01  4.74272293e-02
    -1.87885795e-02]]

  [[-2.27448568e-01 -1.36487024e-01 -5.15459301e-01 -6.09704558e-01
    -5.90927518e-01]
   [ 1.03448277e-01  1.66399022e-01 -2.93374748e-01 -4.26019644e-01
    -5.04567966e-01]
   [ 4.59326345e-01  3.50030047e-01  3.92875685e-02 -1.12507227e-01
    -3.70499516e-01]
   [ 7.03267978e-01  7.64785157e-01  5.54037240e-01  3.15341707e-01
     1.22697640e-02]
   [ 4.27760276e-01  4.43106978e-01  3.43527754e-01  7.35791690e-02
    -5.53017237e-02]]]]