[[ 1.46929240e-01 -1.14389821e+00  2.00966448e-01  3.65673089e-01
  -5.66430734e-01  8.21718386e-01  3.40491816e-01 -8.62092218e-01
  -9.06350843e-01 -9.95200594e-01]
 [-5.61129034e-01  7.66500122e-01 -3.32733658e-01 -2.38185285e-01
   3.90154819e-01 -1.26009802e+00 -1.37195340e+00  2.12579437e-01
  -1.10499266e+00  4.29280825e-01]
 [-9.93234040e-01  2.47613119e-01  3.79655680e-01 -1.08422612e+00
  -1.05595203e-01 -3.64950890e-01  5.54074702e-01 -8.68488520e-02
   5.35735757e-01 -1.15267305e+00]
 [-2.26694800e-01  6.14466200e-02 -5.06380985e-01 -2.39397994e-01
   1.21633126e-01 -8.45071900e-02 -2.52733826e-01 -1.43656346e+00
  -2.22838931e-01  2.78983013e-01]
 [ 2.04634219e-01 -1.06450942e+00  2.34232550e-01 -1.11465606e+00
  -7.80438597e-01 -1.07485130e+00  2.93891006e-01  8.41363328e-01
   8.82799157e-01 -8.53785783e-01]
 [ 1.08299331e-01 -9.77146162e-01 -2.10602866e-01 -5.80212441e-01
  -1.36726479e+00  1.53306522e-01  5.25829760e-01  4.78946511e-01
   5.82213566e-01 -1.05318247e+00]
 [-5.16150163e-01  6.65988146e-01 -5.00335641e-01  3.18785465e-01
  -1.26539489e+00 -1.26711062e+00 -7.29243308e-01  3.02178749e-01
  -6.21766372e-01  2.47410285e-01]
 [ 8.45643804e-01 -9.30320447e-01  5.76990897e-01 -1.37333481e-01
  -4.01753089e-01 -1.05285810e+00 -8.68562997e-01 -8.15796794e-01
  -1.33037217e+00 -1.23246590e-01]
 [ 6.28617438e-01 -9.65012674e-01 -2.05108214e-01  2.40586104e-01
  -1.34253607e+00 -3.88930552e-01 -1.11145128e+00  9.77472075e-01
  -8.27256395e-01 -2.64865227e-01]
 [-5.49763294e-01 -6.08763431e-01  3.17539935e-01 -5.49275115e-01
   8.47316733e-01 -1.52939618e+00  4.42259101e-01 -2.14206676e-01
  -6.65459927e-01 -7.08588842e-01]
 [-9.62588403e-01  1.45729956e-01  2.81197737e-01 -1.17090703e+00
   1.59168332e-01 -4.30389281e-01  5.16419085e-01  1.35448299e-01
   5.01841004e-01 -9.95968283e-01]
 [-2.57113189e-01 -6.73554669e-01 -5.22137362e-01  4.84630234e-01
   5.38577082e-01 -7.01174796e-01 -6.41375119e-01  2.22657109e-01
  -1.02130569e+00  4.41115571e-01]
 [ 1.77929609e-01 -9.90089781e-01 -6.71177888e-01  1.74131662e-01
   1.52334118e-01  8.03487344e-01  2.82893220e-01 -7.35520055e-01
  -1.14478334e+00 -3.04291783e-01]
 [-8.10481267e-02 -1.17925898e+00  7.72142385e-01  8.92020283e-01
  -3.37829043e-01 -2.93679868e-01 -9.39877947e-01  1.47687680e-01
  -5.70909345e-01 -1.16202804e+00]
 [-6.36691894e-01 -7.27541214e-01  2.56959912e-01  7.25185670e-01
  -1.63938115e-01  1.01245603e+00  2.37384898e-01 -5.21526543e-01
  -7.71331812e-01 -1.41661311e+00]
 [-1.02976173e-03 -1.05393148e+00 -6.67961547e-01  8.19961389e-01
  -1.21986186e+00  3.84132556e-01 -8.39264217e-01  7.32196148e-01
  -7.62101172e-01  2.05733406e-01]
 [ 1.27879721e-02 -1.28168085e+00 -4.24726880e-02 -1.27135321e+00
   1.61658479e-01  1.24370299e-01 -2.42770290e-02 -6.72975197e-01
   1.74395977e-01  2.36851681e-01]
 [-6.98581728e-01 -1.11679463e-01 -1.10906385e+00  5.50918856e-02
   4.63826021e-01  4.38284433e-02 -1.37701271e+00 -1.72874049e-02
   2.76405934e-01  2.24908440e-01]
 [-8.14006309e-01  7.72753393e-01  4.72733888e-01  3.59539778e-01
  -3.41169321e-01 -1.04842038e+00 -6.53586321e-01 -5.24924190e-01
  -7.98402895e-01 -1.19417917e+00]
 [ 8.42081635e-02  4.97510519e-02 -1.13573325e+00 -1.50814267e+00
  -2.44729364e-01  1.68261574e-01  6.30169315e-02 -1.55135255e-01
   2.89948160e-02  1.01207285e-02]
 [ 2.04898514e-01 -1.21269470e+00  3.46819058e-01 -9.47005436e-01
  -8.15204121e-01 -2.40562612e-01  4.03482923e-01  1.73530220e-01
   6.53033881e-01 -1.23629670e+00]
 [ 6.02431028e-02  7.70737994e-02 -1.19550553e+00 -1.53436215e+00
  -6.29261061e-02  1.10773435e-01  8.04424702e-03 -1.56168773e-01
  -4.13134246e-02  2.10906744e-02]
 [-1.60345123e+00 -1.83605442e-01  6.50951292e-02 -4.32208801e-01
   1.16994598e-01  1.74882157e-01  1.18630817e-02 -4.09767393e-01
   1.94500845e-01  6.96521475e-02]
 [ 1.93679099e-01 -8.28141697e-01 -8.60006737e-02 -5.50660923e-01
  -1.37308154e+00  5.87229241e-01  4.89918010e-01 -1.20165307e+00
  -2.52426656e-03 -1.26778456e+00]
 [-1.32992786e+00 -8.51226711e-02 -4.92317143e-02 -1.56371762e-01
   3.36830037e-01  8.39785497e-02 -1.25786791e+00 -1.12587448e-01
   5.14689903e-02  2.03389601e-01]
 [ 6.77297730e-01 -9.31683678e-01 -4.76658922e-01 -1.07433575e+00
   2.58089336e-01 -1.25892201e+00 -1.34296604e+00  1.96696543e-01
   3.97309650e-01  5.75324462e-01]
 [ 2.52970206e-01 -9.90910925e-01  3.08921857e-01 -1.08905833e+00
  -7.41158325e-01 -1.05322639e+00  3.83143140e-01  7.26019626e-01
   6.60316391e-01 -9.10156487e-01]
 [-4.46063071e-01  5.77492900e-01 -1.08229646e+00  1.39380721e-01
  -3.83053647e-01 -1.48219218e+00 -1.19959969e+00  3.07797167e-01
  -1.28232974e+00  8.62354989e-01]
 [-8.24764131e-01 -1.25260467e-01 -1.25216309e+00  7.70077043e-02
   4.58941393e-01  1.82176044e-01 -1.24665453e+00  4.56483729e-03
   3.26204829e-01  2.10283378e-01]
 [-5.85776056e-02 -7.28449075e-01  3.39028362e-01  1.91631533e-01
  -4.38074023e-01 -6.34371710e-01  2.84814217e-01  6.46055715e-01
  -8.91387555e-01 -1.24817440e+00]
 [-2.94556825e-01 -1.41650448e+00 -4.36732222e-01  9.68482590e-01
  -1.08591208e+00  2.98160638e-01 -1.43223094e+00  6.71324403e-01
  -8.79608221e-01  2.65244056e-01]
 [-1.06910001e+00  7.24247759e-02  1.62249365e-01 -1.19037303e+00
   3.96504856e-01 -4.84938711e-01  3.24740153e-01 -1.71752546e-01
   4.15142153e-01 -4.44615013e-01]
 [-3.38347146e-01 -6.78406264e-01 -6.13189440e-01  4.97057204e-01
   5.45131946e-01 -7.72532272e-01 -1.26485070e-01 -1.38923266e-01
  -9.86110719e-01  4.25988584e-01]
 [ 4.46958208e-01 -1.07217814e+00 -1.06737194e+00 -2.01983237e-01
  -2.06627586e-01 -1.32858656e-01 -3.42741194e-01  5.10312539e-01
  -7.56539638e-01  1.09323845e-01]
 [-3.10428018e-01 -7.19671014e-01 -5.58300894e-01  4.79295089e-01
   5.06158548e-01 -8.16091514e-01 -1.69716341e-01 -1.13537274e-02
  -9.29806404e-01  4.26906977e-01]
 [-7.01863404e-01 -4.32603103e-01  6.37178098e-01 -1.83684734e-01
  -1.13859068e+00 -7.40222504e-01  1.04640436e+00 -7.41461281e-01
  -4.24886526e-01 -7.23606400e-01]
 [ 2.24845538e-01  2.08623276e-01 -1.01380046e-01  9.65865541e-02
  -1.54582319e+00  1.49236427e-03 -9.10782276e-01 -4.21976132e-01
   3.24343385e-01 -8.75441219e-01]
 [ 3.61929943e-01 -7.59810140e-01 -9.47408764e-01 -2.43497641e-01
  -3.42524660e-01  8.79097196e-01  4.86703401e-01 -6.56105477e-01
  -9.07967722e-01 -1.11093237e+00]
 [ 7.14640018e-02 -1.07145409e+00  6.44027733e-01  6.95575359e-01
  -1.51288180e-01  6.93911609e-02 -6.91891680e-01 -4.91978973e-01
  -5.59730871e-01 -5.96285610e-01]
 [-4.91430223e-01  5.37713658e-01 -9.32443895e-01  3.36784540e-01
  -1.17478023e+00 -1.11158234e+00 -5.82551491e-01  4.67648783e-01
  -7.86220154e-01  6.27124984e-01]
 [-5.40976480e-03  4.18765842e-01 -1.71054249e-01 -4.91348467e-01
  -1.67976622e+00  1.67548426e-01 -2.67650453e-01 -1.35356822e+00
   4.07978475e-01 -1.02194177e+00]
 [ 5.34996397e-01 -7.88060371e-01 -7.25157674e-01 -6.05141345e-01
  -5.62419884e-01  9.15599259e-01  3.63487580e-01 -6.61916957e-01
  -7.78231769e-01 -1.36405924e+00]
 [ 4.08135707e-01 -7.44072092e-01  7.50098064e-01 -7.46722137e-01
  -9.42005177e-01 -8.15128728e-01  5.71234049e-01 -1.11331572e+00
  -1.28786714e+00 -6.04263491e-01]
 [-2.86351498e-01 -9.98030901e-01  4.71009788e-01 -1.09986088e+00
   4.18211917e-01 -1.18519187e+00  2.33123047e-01  2.82156085e-01
   5.89557947e-02 -2.94134243e-01]
 [-9.98033947e-01  3.61822807e-01  5.37525501e-01 -3.13582399e-02
  -2.64896383e-01 -3.22739119e-01  2.19294774e-01 -4.04894917e-01
  -5.42177472e-01 -1.27360577e+00]
 [-1.47786656e+00 -7.38935943e-02 -5.08016092e-01 -1.88810030e-01
   4.51332895e-01  3.88498657e-01 -9.14659439e-01  5.25379676e-02
   1.11692059e-01  1.93181852e-01]
 [-4.83298062e-02 -1.18478929e+00 -8.02435437e-01  8.15663201e-01
  -9.28636265e-01  1.14638321e-02 -9.94124215e-01  1.16065979e+00
  -6.91582859e-01 -6.70307681e-01]
 [ 1.35782896e-02 -7.88720192e-01 -1.17348145e+00  2.42812037e-01
   1.55999610e-01 -9.77318558e-02 -1.04983031e-01 -2.88248134e-01
   1.60030030e-01  2.18815202e-01]
 [ 1.82476374e-01  1.41224762e-01 -1.94850747e-01 -2.06399942e-04
  -1.68668170e+00  3.22043954e-01 -1.06368409e+00 -3.98145875e-01
   1.69388175e-01  2.22969724e-01]
 [-6.15623311e-01  5.70963771e-01  5.88208764e-01  5.29245745e-01
  -5.37543965e-01 -8.50996987e-01 -6.67530704e-01 -7.24814139e-01
  -6.82063625e-01 -9.39764056e-01]
 [-1.13175271e+00  7.22433165e-01 -5.85067835e-01 -8.35701813e-01
  -8.60658201e-01 -1.18991711e+00 -6.71191107e-01  4.80628932e-01
   4.58077321e-02  4.72999438e-01]
 [ 1.01445887e-01 -1.16647119e+00 -9.85030761e-01 -1.21484225e+00
   7.91880974e-02  1.47118073e-01  7.80851888e-02 -4.22238047e-01
   1.83877493e-01  2.44767859e-01]
 [ 1.02746757e-01  2.54040833e-01 -1.39163750e-01  1.61963276e-01
  -1.46437387e+00  3.34751480e-01 -5.65395270e-01 -9.51940118e-01
   1.89716451e-01 -3.22192263e-01]
 [ 1.48992921e-01  2.04693888e-01 -5.89627975e-02 -1.29827027e-02
  -1.51622983e+00 -1.47292742e-01 -1.12367269e+00 -1.47768809e-01
   3.88004566e-01 -3.16599577e-01]
 [ 2.05984799e-01 -1.03464731e+00  5.66547101e-01  5.78721520e-01
  -3.95110147e-01  4.96796223e-01 -5.88522992e-01 -6.85713896e-01
  -7.95323998e-01 -5.27488637e-01]
 [-1.43250301e+00 -1.37089290e-01 -9.38631536e-02 -4.46532531e-01
   1.32481125e-01  1.69966971e-01  1.20700884e-01 -6.75005335e-01
   2.06039467e-01  1.09747949e-01]
 [-9.85091168e-01 -8.92528244e-02 -2.74159941e-01 -3.46564002e-01
   4.38849546e-01 -1.57002381e+00  1.92847665e-01  4.54063751e-02
  -1.19127559e+00  3.65728636e-01]
 [ 3.80032368e-01 -8.55574514e-01  5.29206215e-01  2.71091646e-01
  -1.08263982e+00 -8.62079837e-01 -8.58996963e-01  8.05424911e-01
  -1.01369044e+00 -8.70497083e-01]
 [-1.12800704e+00  4.46240943e-02  5.53295457e-02 -7.26069620e-01
   3.25833116e-01  1.12397831e-01  6.80190552e-02 -9.24725213e-01
   2.48771658e-01 -4.83008860e-02]
 [-1.56787619e-01 -8.14208848e-01 -9.09933958e-01 -5.29315094e-01
   2.34691580e-01  6.45632774e-01  1.78526214e-01 -9.22953794e-01
  -6.30997660e-01  2.74149646e-01]
 [ 2.66618622e-01 -9.63286908e-01  3.39738361e-01 -1.09736899e+00
  -7.19662123e-01 -1.06135007e+00  3.92440030e-01  6.82208571e-01
   5.85937940e-01 -9.08092262e-01]
 [ 1.03333798e-01  2.52248977e-01 -6.84903669e-02 -2.82056073e-03
  -1.40304811e+00  4.33977481e-01 -3.73777549e-01 -1.31417369e+00
   2.70910742e-01 -9.02605565e-01]
 [-1.34805279e-01 -9.10507274e-01 -7.39262488e-01  2.06916306e-01
   2.31322996e-01  8.71979944e-01  1.92204957e-01 -8.30787205e-01
  -1.34335490e+00  3.97444253e-01]
 [ 8.17701524e-01 -9.42246726e-01  6.18430065e-01 -3.37546602e-01
  -4.67810999e-01 -1.32073125e+00 -1.02782525e+00  4.00195438e-01
  -8.47417238e-01 -1.08548907e+00]
 [ 7.92174215e-01 -9.40496127e-01  8.06262050e-01  3.56466225e-01
  -3.89988893e-01 -9.60070430e-01 -9.56077333e-01 -8.22801214e-01
  -1.31585753e+00 -1.80658924e-01]
 [-6.19026399e-01  4.27149812e-01  5.60499229e-01  2.93720821e-02
  -4.85941829e-01 -1.12325706e+00 -6.38748543e-01  5.83642603e-01
  -8.88769204e-01 -4.65321112e-01]
 [-5.36339048e-01  5.94389676e-01 -1.08345736e+00  4.08447963e-01
  -1.10502226e+00 -1.10774426e+00 -6.59730566e-01  3.25441718e-01
  -9.74160538e-01  7.71680547e-01]
 [-1.02613469e+00 -1.67760833e-01  3.36247425e-01  3.31094350e-01
   9.02966941e-01 -1.20143135e-01  3.58952485e-01 -8.54311429e-01
  -1.35931705e+00 -6.83732216e-01]
 [-8.16054039e-01  7.36164113e-01 -3.94218513e-01 -5.55251835e-01
  -8.18572956e-01 -1.22332046e+00 -6.07777907e-01  5.64731951e-01
  -2.51049506e-02 -7.12689919e-02]
 [-6.62720627e-01  5.40271141e-01  5.55672036e-01 -1.59108137e-01
  -4.64068397e-01 -1.14847606e+00 -6.43310372e-01  6.27567959e-01
  -8.46435439e-01 -7.76610281e-01]
 [ 3.11390656e-01 -8.96661956e-01  4.02762740e-01 -1.14194139e+00
  -6.76280395e-01 -1.08187402e+00  3.25317884e-01  5.49831373e-01
   5.47222864e-01 -9.33337912e-01]
 [ 2.61246733e-01 -1.16726596e+00 -7.87796913e-01 -1.08402331e+00
   2.70337201e-01 -4.17540679e-01 -7.63495311e-01  5.38478191e-02
   5.83642389e-01  3.16309731e-01]
 [-6.53244401e-01 -1.12717016e-01 -1.27677738e+00  3.37157595e-02
   4.43983928e-01  1.77808004e-01 -1.28121867e+00 -1.46103575e-01
   3.07860780e-01  2.23421308e-01]
 [-4.64736118e-01  7.58060414e-01  2.65996489e-01  2.89294875e-01
  -8.27027468e-01 -6.52253638e-01 -6.89153414e-01 -9.11411936e-01
  -2.67373186e-01 -1.06827001e+00]
 [ 6.88184273e-01 -4.85606322e-01 -1.28488179e+00 -9.14920385e-01
   1.62377556e-01 -1.11425708e+00  6.37774486e-01 -3.73231477e-01
  -4.93920622e-01 -1.23087869e+00]
 [-8.87895376e-01  4.89336962e-01  5.47889199e-01  4.46800553e-01
  -2.51478646e-01  2.27308150e-01 -1.74993255e-01 -1.05671329e+00
  -9.45468811e-01 -1.15320798e+00]
 [ 6.41464682e-01 -4.59407768e-01 -9.53165953e-01 -1.07843488e+00
   1.89459517e-01 -1.33226301e+00  6.25969863e-01 -4.55001768e-01
  -7.20103161e-01 -1.24376294e+00]
 [ 2.97069292e-02  2.54415893e-01 -4.79070473e-02  2.93296343e-02
  -1.41799491e+00 -5.63869136e-01 -1.18087119e+00 -1.39364716e-01
   6.15223819e-01 -5.30946683e-01]
 [-2.47572490e-01 -7.31015098e-01 -5.65420430e-01  5.89402215e-01
   7.48724223e-01 -5.34179256e-01 -9.30372079e-01 -9.49794341e-02
  -1.22780514e+00  5.13367873e-01]
 [ 2.20224964e-01  2.12110992e-01 -1.11835698e-01 -7.08521160e-02
  -1.55485017e+00  3.25841986e-01 -8.45177438e-01 -8.54157881e-01
   2.27869250e-01  6.38489165e-02]
 [ 4.31865414e-01 -1.10332621e+00  2.24072745e-01  1.37513433e-01
  -4.91844411e-01  1.97665764e-01  7.36295454e-02 -5.59234043e-01
  -8.74648352e-01 -9.29907846e-01]
 [-2.04896587e-01 -7.79735575e-01  2.28157750e-01 -1.85042479e-01
   7.29404796e-02 -1.09209316e+00  4.84263718e-02  9.62802179e-01
  -6.49173162e-01 -1.01688324e+00]
 [ 1.25675230e-01 -4.05144358e-01 -1.02513242e+00 -1.32567220e+00
   1.01192279e-01 -1.41399624e-02  8.85402995e-02 -9.37995799e-01
   2.21970620e-01  2.66004141e-01]
 [-1.34306523e+00 -1.15655687e-01  2.05617437e-02 -1.90512178e-01
   3.69956305e-01  1.31090393e-01 -1.21953979e+00 -1.35810014e-01
   1.25292003e-01  1.92492168e-01]]