[[[[  0.   0.   0.   0.   0.   0.   0.   0.   0.   0.   0.   0.   0.
      0.   0.   0.   0.   0.   0.   0.   0.   0.   0.   0.   0.   0.
      0.   0.]
   [  0.   0.   0.   0.   0.   0.   0.   0.   0.   0.   0.   0.   0.
      0.   0.   0.   0.   0.   0.   0.   0.   0.   0.   0.   0.   0.
      0.   0.]
   [  0.   0.   0.   0.   0.   0.   0.   0.   0.   0.   0.   0.   0.
      0.   0.   0.   0.   0.   0.   0.   0.   0.   0.   0.   0.   0.
      0.   0.]
   [  0.   0.   0.   0.   0.   0.   0.   0.   0.   0.   0.   0.   0.
      0.   0.   0.   0.   0.   0.   0.   0.   0.   0.   0.   0.   0.
      0.   0.]
   [  0.   0.   0.   0.   0.   0.   0.   0.   0.   0.   0.   0.   0.
      8.   5.   0.   0.   0.   0.   0.   0.   0.   0.   0.   0.   0.
      0.   0.]
   [  0.   0.   0.   0.   0.   0.   0.   0.   0.   0.   0.   0.   0.
     25.  10.   0.   0.   0.   0.   0.   0.   0.   0.   0.   0.   0.
      0.   0.]
   [  0.   0.   0.   0.   0.   0.   0.   0.   0.   0.   0.   0.   0.
     53.   9.   0.   0.   0.   0.   0.   0.   0.   0.   0.   0.   0.
      0.   0.]
   [  0.   0.   0.   0.   0.   0.   0.   0.   0.   0.   0.   0.   1.
     67.   2.   0.   0.   0.   0.   0.   0.   0.   0.   0.   0.   0.
      0.   0.]
   [  0.   0.   0.   0.   0.   0.   0.   0.   0.   0.   0.   0.  11.
     75.   0.   0.   0.   0.   0.   0.   0.   0.   0.   0.   0.   0.
      0.   0.]
   [  0.   0.   0.   0.   0.   0.   0.   0.   0.   0.   0.   0.  37.
     64.   0.   0.   0.   0.   0.   0.   0.   0.   0.   0.   0.   0.
      0.   0.]
   [  0.   0.   0.   0.   0.   0.   0.   0.   0.   0.   0.   0.  60.
     37.   0.   0.   0.   0.   0.   0.   0.   0.   0.   0.   0.   0.
      0.   0.]
   [  0.   0.   0.   0.   0.   0.   0.   0.   0.   0.   0.   0.  82.
     10.   0.   0.   0.   0.   0.   0.   0.   0.   0.   0.   0.   0.
      0.   0.]
   [  0.   0.   0.   0.   0.   0.   0.   0.   0.   0.   0.  14.  79.
      0.   0.   0.   0.   0.   0.   0.   0.   0.   0.   0.   0.   0.
      0.   0.]
   [  0.   0.   0.   0.   0.   0.   0.   0.   0.   0.   0.  39.  54.
      0.   0.   0.   0.   0.   0.   0.   0.   0.   0.   0.   0.   0.
      0.   0.]
   [  0.   0.   0.   0.   0.   0.   0.   0.   0.   0.   0.  52.  45.
      0.   0.   0.   0.   0.   0.   0.   0.   0.   0.   0.   0.   0.
      0.   0.]
   [  0.   0.   0.   0.   0.   0.   0.   0.   0.   0.   0.  75.  28.
      0.   0.   0.   0.   0.   0.   0.   0.   0.   0.   0.   0.   0.
      0.   0.]
   [  0.   0.   0.   0.   0.   0.   0.   0.   0.   0.   0.  89.   9.
      0.   0.   0.   0.   0.   0.   0.   0.   0.   0.   0.   0.   0.
      0.   0.]
   [  0.   0.   0.   0.   0.   0.   0.   0.   0.   0.   7.  88.   2.
      0.   0.   0.   0.   0.   0.   0.   0.   0.   0.   0.   0.   0.
      0.   0.]
   [  0.   0.   0.   0.   0.   0.   0.   0.   0.   0.  26.  77.   0.
      0.   0.   0.   0.   0.   0.   0.   0.   0.   0.   0.   0.   0.
      0.   0.]
   [  0.   0.   0.   0.   0.   0.   0.   0.   0.   0.  43.  68.   0.
      0.   0.   0.   0.   0.   0.   0.   0.   0.   0.   0.   0.   0.
      0.   0.]
   [  0.   0.   0.   0.   0.   0.   0.   0.   0.   0.  19.  22.   0.
      0.   0.   0.   0.   0.   0.   0.   0.   0.   0.   0.   0.   0.
      0.   0.]
   [  0.   0.   0.   0.   0.   0.   0.   0.   0.   0.   0.   0.   0.
      0.   0.   0.   0.   0.   0.   0.   0.   0.   0.   0.   0.   0.
      0.   0.]
   [  0.   0.   0.   0.   0.   0.   0.   0.   0.   0.   0.   0.   0.
      0.   0.   0.   0.   0.   0.   0.   0.   0.   0.   0.   0.   0.
      0.   0.]
   [  0.   0.   0.   0.   0.   0.   0.   0.   0.   0.   0.   0.   0.
      0.   0.   0.   0.   0.   0.   0.   0.   0.   0.   0.   0.   0.
      0.   0.]
   [  0.   0.   0.   0.   0.   0.   0.   0.   0.   0.   0.   0.   0.
      0.   0.   0.   0.   0.   0.   0.   0.   0.   0.   0.   0.   0.
      0.   0.]
   [  0.   0.   0.   0.   0.   0.   0.   0.   0.   0.   0.   0.   0.
      0.   0.   0.   0.   0.   0.   0.   0.   0.   0.   0.   0.   0.
      0.   0.]
   [  0.   0.   0.   0.   0.   0.   0.   0.   0.   0.   0.   0.   0.
      0.   0.   0.   0.   0.   0.   0.   0.   0.   0.   0.   0.   0.
      0.   0.]
   [  0.   0.   0.   0.   0.   0.   0.   0.   0.   0.   0.   0.   0.
      0.   0.   0.   0.   0.   0.   0.   0.   0.   0.   0.   0.   0.
      0.   0.]]]


 [[[  0.   0.   0.   0.   0.   0.   0.   0.   0.   0.   0.   0.   0.
      0.   0.   0.   0.   0.   0.   0.   0.   0.   0.   0.   0.   0.
      0.   0.]
   [  0.   0.   0.   0.   0.   0.   0.   0.   0.   0.   0.   0.   0.
      0.   0.   0.   0.   0.   0.   0.   0.   0.   0.   0.   0.   0.
      0.   0.]
   [  0.   0.   0.   0.   0.   0.   0.   0.   0.   0.   0.   0.   0.
      0.   0.   0.   0.   0.   0.   0.   0.   0.   0.   0.   0.   0.
      0.   0.]
   [  0.   0.   0.   0.   0.   0.   0.   0.   0.   0.   0.   0.   0.
      0.   0.   0.   0.   0.   0.   0.   0.   0.   0.   0.   0.   0.
      0.   0.]
   [  0.   0.   0.   0.   0.   0.   0.   0.   0.   0.   0.   0.   0.
      0.   0.   0.   0.   0.   0.   0.   0.   0.   0.   0.   0.   0.
      0.   0.]
   [  0.   0.   0.   0.   0.   0.   0.   0.   0.   0.   0.   0.   0.
      0.   0.   0.   0.   0.   0.   0.   0.   0.   0.   0.   0.   0.
      0.   0.]
   [  0.   0.   0.   0.   0.   0.   0.   0.   0.   0.   0.   0.   0.
     33.   6.   0.   0.   0.   0.   0.   0.   0.   0.   0.   0.   0.
      0.   0.]
   [  0.   0.   0.   0.   0.   0.   0.   0.   0.   0.   0.   0.   0.
     74.  14.   0.   0.   0.   0.   0.   0.   0.   0.   0.   0.   0.
      0.   0.]
   [  0.   0.   0.   0.   0.   0.   0.   0.   0.   0.   0.   0.   0.
    109.  30.   0.   0.   0.   0.   0.   0.   0.   0.   0.   0.   0.
      0.   0.]
   [  0.   0.   0.   0.   0.   0.   0.   0.   0.   0.   0.   0.   5.
    130.  19.   0.   0.   0.   0.   0.   0.   0.   0.   0.   0.   0.
      0.   0.]
   [  0.   0.   0.   0.   0.   0.   0.   0.   0.   0.   0.   0.  15.
    141.  11.   0.   0.   0.   0.   0.   0.   0.   0.   0.   0.   0.
      0.   0.]
   [  0.   0.   0.   0.   0.   0.   0.   0.   0.   0.   0.   0.  35.
    137.   3.   0.   0.   0.   0.   0.   0.   0.   0.   0.   0.   0.
      0.   0.]
   [  0.   0.   0.   0.   0.   0.   0.   0.   0.   0.   0.   0.  68.
    120.   0.   0.   0.   0.   0.   0.   0.   0.   0.   0.   0.   0.
      0.   0.]
   [  0.   0.   0.   0.   0.   0.   0.   0.   0.   0.   0.   0. 106.
     96.   0.   0.   0.   0.   0.   0.   0.   0.   0.   0.   0.   0.
      0.   0.]
   [  0.   0.   0.   0.   0.   0.   0.   0.   0.   0.   0.   3. 141.
     49.   0.   0.   0.   0.   0.   0.   0.   0.   0.   0.   0.   0.
      0.   0.]
   [  0.   0.   0.   0.   0.   0.   0.   0.   0.   0.   0.  18. 153.
     19.   0.   0.   0.   0.   0.   0.   0.   0.   0.   0.   0.   0.
      0.   0.]
   [  0.   0.   0.   0.   0.   0.   0.   0.   0.   0.   0.  34. 150.
      7.   0.   0.   0.   0.   0.   0.   0.   0.   0.   0.   0.   0.
      0.   0.]
   [  0.   0.   0.   0.   0.   0.   0.   0.   0.   0.   0.  65. 136.
      1.   0.   0.   0.   0.   0.   0.   0.   0.   0.   0.   0.   0.
      0.   0.]
   [  0.   0.   0.   0.   0.   0.   0.   0.   0.   0.   0.  98. 107.
      0.   0.   0.   0.   0.   0.   0.   0.   0.   0.   0.   0.   0.
      0.   0.]
   [  0.   0.   0.   0.   0.   0.   0.   0.   0.   0.   0. 115.  91.
      0.   0.   0.   0.   0.   0.   0.   0.   0.   0.   0.   0.   0.
      0.   0.]
   [  0.   0.   0.   0.   0.   0.   0.   0.   0.   0.   0. 105.  65.
      0.   0.   0.   0.   0.   0.   0.   0.   0.   0.   0.   0.   0.
      0.   0.]
   [  0.   0.   0.   0.   0.   0.   0.   0.   0.   0.   0.   9.   6.
      0.   0.   0.   0.   0.   0.   0.   0.   0.   0.   0.   0.   0.
      0.   0.]
   [  0.   0.   0.   0.   0.   0.   0.   0.   0.   0.   0.   0.   0.
      0.   0.   0.   0.   0.   0.   0.   0.   0.   0.   0.   0.   0.
      0.   0.]
   [  0.   0.   0.   0.   0.   0.   0.   0.   0.   0.   0.   0.   0.
      0.   0.   0.   0.   0.   0.   0.   0.   0.   0.   0.   0.   0.
      0.   0.]
   [  0.   0.   0.   0.   0.   0.   0.   0.   0.   0.   0.   0.   0.
      0.   0.   0.   0.   0.   0.   0.   0.   0.   0.   0.   0.   0.
      0.   0.]
   [  0.   0.   0.   0.   0.   0.   0.   0.   0.   0.   0.   0.   0.
      0.   0.   0.   0.   0.   0.   0.   0.   0.   0.   0.   0.   0.
      0.   0.]
   [  0.   0.   0.   0.   0.   0.   0.   0.   0.   0.   0.   0.   0.
      0.   0.   0.   0.   0.   0.   0.   0.   0.   0.   0.   0.   0.
      0.   0.]
   [  0.   0.   0.   0.   0.   0.   0.   0.   0.   0.   0.   0.   0.
      0.   0.   0.   0.   0.   0.   0.   0.   0.   0.   0.   0.   0.
      0.   0.]]]


 [[[  0.   0.   0.   0.   0.   0.   0.   0.   0.   0.   0.   0.   0.
      0.   0.   0.   0.   0.   0.   0.   0.   0.   0.   0.   0.   0.
      0.   0.]
   [  0.   0.   0.   0.   0.   0.   0.   0.   0.   0.   0.   0.   0.
      0.   0.   0.   0.   0.   0.   0.   0.   0.   0.   0.   0.   0.
      0.   0.]
   [  0.   0.   0.   0.   0.   0.   0.   0.   0.   0.   0.   0.   0.
      0.   0.   0.   0.   0.   0.   0.   0.   0.   0.   0.   0.   0.
      0.   0.]
   [  0.   0.   0.   0.   0.   0.   0.   0.   0.   0.   0.   0.   0.
      0.   0.   0.   0.   0.   0.   0.   0.   0.   0.   0.   0.   0.
      0.   0.]
   [  0.   0.   0.   0.   0.   0.   0.   0.   0.   0.   0.   0.  40.
     49.   0.   0.   0.   0.   0.   0.   0.   0.   0.   0.   0.   0.
      0.   0.]
   [  0.   0.   0.   0.   0.   0.   0.   0.   0.   0.   0.   0.  75.
    132.   7.   0.   0.   0.   0.   0.   0.   0.   0.   0.   0.   0.
      0.   0.]
   [  0.   0.   0.   0.   0.   0.   0.   0.   0.   0.   0.   0.  80.
    185.  64.   0.   0.   0.   0.   0.   0.   0.   0.   0.   0.   0.
      0.   0.]
   [  0.   0.   0.   0.   0.   0.   0.   0.   0.   0.   0.   0.  95.
    195.  91.   0.   0.   0.   0.   0.   0.   0.   0.   0.   0.   0.
      0.   0.]
   [  0.   0.   0.   0.   0.   0.   0.   0.   0.   0.   0.   0. 129.
    193.  90.   0.   0.   0.   0.   0.   0.   0.   0.   0.   0.   0.
      0.   0.]
   [  0.   0.   0.   0.   0.   0.   0.   0.   0.   0.   0.   2. 148.
    189.  88.   0.   0.   0.   0.   0.   0.   0.   0.   0.   0.   0.
      0.   0.]
   [  0.   0.   0.   0.   0.   0.   0.   0.   0.   0.   0.  23. 174.
    180.  67.   0.   0.   0.   0.   0.   0.   0.   0.   0.   0.   0.
      0.   0.]
   [  0.   0.   0.   0.   0.   0.   0.   0.   0.   0.   0.  46. 188.
    166.  42.   0.   0.   0.   0.   0.   0.   0.   0.   0.   0.   0.
      0.   0.]
   [  0.   0.   0.   0.   0.   0.   0.   0.   0.   0.   0.  79. 192.
    155.  33.   0.   0.   0.   0.   0.   0.   0.   0.   0.   0.   0.
      0.   0.]
   [  0.   0.   0.   0.   0.   0.   0.   0.   0.   0.   0. 113. 190.
    142.  17.   0.   0.   0.   0.   0.   0.   0.   0.   0.   0.   0.
      0.   0.]
   [  0.   0.   0.   0.   0.   0.   0.   0.   0.   0.   0. 125. 190.
    137.  13.   0.   0.   0.   0.   0.   0.   0.   0.   0.   0.   0.
      0.   0.]
   [  0.   0.   0.   0.   0.   0.   0.   0.   0.   0.   0. 139. 191.
    131.  12.   0.   0.   0.   0.   0.   0.   0.   0.   0.   0.   0.
      0.   0.]
   [  0.   0.   0.   0.   0.   0.   0.   0.   0.   0.   5. 153. 188.
    125.   8.   0.   0.   0.   0.   0.   0.   0.   0.   0.   0.   0.
      0.   0.]
   [  0.   0.   0.   0.   0.   0.   0.   0.   0.   0.  21. 173. 182.
    110.   2.   0.   0.   0.   0.   0.   0.   0.   0.   0.   0.   0.
      0.   0.]
   [  0.   0.   0.   0.   0.   0.   0.   0.   0.   0.  56. 193. 176.
     88.   0.   0.   0.   0.   0.   0.   0.   0.   0.   0.   0.   0.
      0.   0.]
   [  0.   0.   0.   0.   0.   0.   0.   0.   0.   0.  83. 198. 166.
     56.   0.   0.   0.   0.   0.   0.   0.   0.   0.   0.   0.   0.
      0.   0.]
   [  0.   0.   0.   0.   0.   0.   0.   0.   0.   0. 110. 201. 168.
     48.   0.   0.   0.   0.   0.   0.   0.   0.   0.   0.   0.   0.
      0.   0.]
   [  0.   0.   0.   0.   0.   0.   0.   0.   0.   0. 131. 191. 158.
     28.   0.   0.   0.   0.   0.   0.   0.   0.   0.   0.   0.   0.
      0.   0.]
   [  0.   0.   0.   0.   0.   0.   0.   0.   0.   1.  71. 109.  88.
      6.   0.   0.   0.   0.   0.   0.   0.   0.   0.   0.   0.   0.
      0.   0.]
   [  0.   0.   0.   0.   0.   0.   0.   0.   0.   0.   7.  19.  17.
      0.   0.   0.   0.   0.   0.   0.   0.   0.   0.   0.   0.   0.
      0.   0.]
   [  0.   0.   0.   0.   0.   0.   0.   0.   0.   0.   0.   0.   0.
      0.   0.   0.   0.   0.   0.   0.   0.   0.   0.   0.   0.   0.
      0.   0.]
   [  0.   0.   0.   0.   0.   0.   0.   0.   0.   0.   0.   0.   0.
      0.   0.   0.   0.   0.   0.   0.   0.   0.   0.   0.   0.   0.
      0.   0.]
   [  0.   0.   0.   0.   0.   0.   0.   0.   0.   0.   0.   0.   0.
      0.   0.   0.   0.   0.   0.   0.   0.   0.   0.   0.   0.   0.
      0.   0.]
   [  0.   0.   0.   0.   0.   0.   0.   0.   0.   0.   0.   0.   0.
      0.   0.   0.   0.   0.   0.   0.   0.   0.   0.   0.   0.   0.
      0.   0.]]]


 [[[  0.   0.   0.   0.   0.   0.   0.   0.   0.   0.   0.   0.   0.
      0.   0.   0.   0.   0.   0.   0.   0.   0.   0.   0.   0.   0.
      0.   0.]
   [  0.   0.   0.   0.   0.   0.   0.   0.   0.   0.   0.   0.   0.
      0.   0.   0.   0.   0.   0.   0.   0.   0.   0.   0.   0.   0.
      0.   0.]
   [  0.   0.   0.   0.   0.   0.   0.   0.   0.   0.   0.   0.   0.
      0.   0.   0.   0.   0.   0.   0.   0.   0.   0.   0.   0.   0.
      0.   0.]
   [  0.   0.   0.   0.   0.   0.   0.   0.   0.   0.   0.   0.   0.
      0.   0.   0.   0.   0.   0.   0.   0.   0.   0.   0.   0.   0.
      0.   0.]
   [  0.   0.   0.   0.   0.   0.   0.   0.   0.   0.   0.   0.   0.
      0.   0.   0.   0.   0.   0.   0.   0.   0.   0.   0.   0.   0.
      0.   0.]
   [  0.   0.   0.   0.   0.   0.   0.   3.  17.   0.   0.   0.   0.
      0.   0.   0.   0.   0.   0.   0.   0.   0.   0.   0.   0.   0.
      0.   0.]
   [  0.   0.   0.   0.   0.   0.   0.  19.  25.   0.   0.   6.  23.
     40.  56.  64.  67.  70.  71.  75.  79.  80.  30.   0.   0.   0.
      0.   0.]
   [  0.   0.   0.   0.   0.   0.   0.  55.  31.  28.  60.  67.  68.
     60.  39.  26.  21.  14.  13.  13.  13.  13.   5.   0.   0.   0.
      0.   0.]
   [  0.   0.   0.   0.   0.   0.   2.  72.   7.   8.   4.   0.   0.
      0.   0.   0.   0.   0.   0.   0.   0.   0.   0.   0.   0.   0.
      0.   0.]
   [  0.   0.   0.   0.   0.   0.  33.  68.   0.   0.   0.   0.   0.
      0.   0.   0.   0.   0.   0.   0.   0.   0.   0.   0.   0.   0.
      0.   0.]
   [  0.   0.   0.   0.   0.   0.  78.  22.   0.   0.   0.   0.   0.
      0.   0.   0.   0.   0.   0.   0.   0.   0.   0.   0.   0.   0.
      0.   0.]
   [  0.   0.   0.   0.   0.  19.  79.   0.   0.   0.   0.  10.  14.
      3.   0.   0.   0.   0.   0.   0.   0.   0.   0.   0.   0.   0.
      0.   0.]
   [  0.   0.   0.   0.   1.  72.  26.  13.  39.  74.  88.  87.  91.
    101.  90.  60.   0.   0.   0.   0.   0.   0.   0.   0.   0.   0.
      0.   0.]
   [  0.   0.   0.   0.  16.  92.  80.  87.  72.  33.  11.   0.   0.
      7.  26.  81.  67.   0.   0.   0.   0.   0.   0.   0.   0.   0.
      0.   0.]
   [  0.   0.   0.   0.   1.  13.  18.   0.   0.   0.   0.   0.   0.
      0.   0.   2.  99.  23.   0.   0.   0.   0.   0.   0.   0.   0.
      0.   0.]
   [  0.   0.   0.   0.   0.   0.   0.   0.   0.   0.   0.   0.   0.
      0.   0.   0.  26.  97.   5.   0.   0.   0.   0.   0.   0.   0.
      0.   0.]
   [  0.   0.   0.   0.   0.   0.   0.   0.   0.   0.   0.   0.   0.
      0.   0.   0.   0.  70.  46.   0.   0.   0.   0.   0.   0.   0.
      0.   0.]
   [  0.   0.   0.   0.   0.   0.   0.   0.   0.   0.   0.   0.   0.
      0.   0.   0.   0.  73.  50.   0.   0.   0.   0.   0.   0.   0.
      0.   0.]
   [  0.   0.   0.   0.   0.   0.   0.   0.   0.   0.   0.   0.   0.
      0.   0.   0.  55.  84.   3.   0.   0.   0.   0.   0.   0.   0.
      0.   0.]
   [  0.   0.   0.   0.   0.   0.   0.   0.   0.   0.   0.   0.   0.
      0.   0.  64.  91.   5.   0.   0.   0.   0.   0.   0.   0.   0.
      0.   0.]
   [  0.   0.   0.   0.   0.   0.   0.   0.   0.   0.   0.   0.   0.
      5.  85.  74.   3.   0.   0.   0.   0.   0.   0.   0.   0.   0.
      0.   0.]
   [  0.   0.   0.   0.  34.  76.  36.  32.  32.  32.  32.  29.  40.
     98.  56.   0.   0.   0.   0.   0.   0.   0.   0.   0.   0.   0.
      0.   0.]
   [  0.   0.   0.   0.   7.  45.  82.  90.  89.  89.  85.  81.  73.
     23.   0.   0.   0.   0.   0.   0.   0.   0.   0.   0.   0.   0.
      0.   0.]
   [  0.   0.   0.   0.   0.   0.   0.   0.   0.   0.   0.   0.   0.
      0.   0.   0.   0.   0.   0.   0.   0.   0.   0.   0.   0.   0.
      0.   0.]
   [  0.   0.   0.   0.   0.   0.   0.   0.   0.   0.   0.   0.   0.
      0.   0.   0.   0.   0.   0.   0.   0.   0.   0.   0.   0.   0.
      0.   0.]
   [  0.   0.   0.   0.   0.   0.   0.   0.   0.   0.   0.   0.   0.
      0.   0.   0.   0.   0.   0.   0.   0.   0.   0.   0.   0.   0.
      0.   0.]
   [  0.   0.   0.   0.   0.   0.   0.   0.   0.   0.   0.   0.   0.
      0.   0.   0.   0.   0.   0.   0.   0.   0.   0.   0.   0.   0.
      0.   0.]
   [  0.   0.   0.   0.   0.   0.   0.   0.   0.   0.   0.   0.   0.
      0.   0.   0.   0.   0.   0.   0.   0.   0.   0.   0.   0.   0.
      0.   0.]]]


 [[[  0.   0.   0.   0.   0.   0.   0.   0.   0.   0.   0.   0.   0.
      0.   0.   0.   0.   0.   0.   0.   0.   0.   0.   0.   0.   0.
      0.   0.]
   [  0.   0.   0.   0.   0.   0.   0.   0.   0.   0.   0.   0.   0.
      0.   0.   0.   0.   0.   0.   0.   0.   0.   0.   0.   0.   0.
      0.   0.]
   [  0.   0.   0.   0.   0.   0.   0.   0.   0.   0.   0.   0.   0.
      0.   0.   0.   0.   0.   0.   0.   0.   0.   0.   0.   0.   0.
      0.   0.]
   [  0.   0.   0.   0.   0.   0.   0.   0.   0.   0.   0.   0.   0.
      0.   0.   0.   0.   0.   0.   0.   0.   0.   0.   0.   0.   0.
      0.   0.]
   [  0.   0.   0.   0.   0.   0.   0.   0.   0.   0.   0.   0.   0.
      0.   0.   0.   0.   0.   0.   0.   0.   0.   0.   0.   0.   0.
      0.   0.]
   [  0.   0.   0.   0.   0.   0.   0.   2.  16.   0.   0.   0.   0.
      0.   0.   0.   0.   0.   0.   0.   0.   0.   0.   0.   0.   0.
      0.   0.]
   [  0.   0.   0.   0.   0.   0.   0.  27.  53.   0.   0.   0.   0.
      0.   0.   0.   0.   0.   0.   0.   0.   0.   0.   0.   0.   0.
      0.   0.]
   [  0.   0.   0.   0.   0.   0.   0.  82.  63.  24.  58.  70.  81.
     81.  83.  91.  89.  92.  93.  98.  93.  16.   0.   0.   0.   0.
      0.   0.]
   [  0.   0.   0.   0.   0.   0.   8. 132.  60.  67.  87.  92.  96.
     97.  98.  99.  97.  98.  99.  99.  91.  16.   0.   0.   0.   0.
      0.   0.]
   [  0.   0.   0.   0.   0.   0.  73. 117.   0.   0.   0.   0.   0.
      0.   0.   0.   0.   0.   0.   0.   0.   0.   0.   0.   0.   0.
      0.   0.]
   [  0.   0.   0.   0.   0.   2. 133.  53.   0.   0.   0.   0.   0.
      0.   0.   0.   0.   0.   0.   0.   0.   0.   0.   0.   0.   0.
      0.   0.]
   [  0.   0.   0.   0.   0.  35. 146.   3.   0.   0.  21.  36.  23.
      6.   0.   0.   0.   0.   0.   0.   0.   0.   0.   0.   0.   0.
      0.   0.]
   [  0.   0.   0.   0.   1. 110. 103.  19.  59. 119. 156. 154. 160.
    155. 135.  72.   5.   0.   0.   0.   0.   0.   0.   0.   0.   0.
      0.   0.]
   [  0.   0.   0.   0.   2. 109. 140. 155. 143.  98.  33.  10.  25.
     56.  95. 171. 112.   1.   0.   0.   0.   0.   0.   0.   0.   0.
      0.   0.]
   [  0.   0.   0.   0.   0.   8.  63.  24.   0.   0.   0.   0.   0.
      0.   0.  39. 165.  15.   0.   0.   0.   0.   0.   0.   0.   0.
      0.   0.]
   [  0.   0.   0.   0.   0.   0.   0.   0.   0.   0.   0.   0.   0.
      0.   0.  21. 161.  26.   0.   0.   0.   0.   0.   0.   0.   0.
      0.   0.]
   [  0.   0.   0.   0.   0.   0.   0.   0.   0.   0.   0.   0.   0.
      0.   0.  27. 162.  23.   0.   0.   0.   0.   0.   0.   0.   0.
      0.   0.]
   [  0.   0.   0.   0.   0.   0.   0.   0.   0.   0.   0.   0.   0.
      0.   0. 102. 135.   5.   0.   0.   0.   0.   0.   0.   0.   0.
      0.   0.]
   [  0.   0.   0.   0.   0.   0.   0.   0.   0.   0.   0.   0.   0.
     20. 110. 158.  37.   0.   0.   0.   0.   0.   0.   0.   0.   0.
      0.   0.]
   [  0.   0.   0.   0.  23.  42.  40.  41.  40.  39.  36.  54. 100.
    161. 132.  33.   0.   0.   0.   0.   0.   0.   0.   0.   0.   0.
      0.   0.]
   [  0.   0.   0.   1. 102. 160. 153. 150. 152. 151. 150. 141. 113.
     56.   4.   0.   0.   0.   0.   0.   0.   0.   0.   0.   0.   0.
      0.   0.]
   [  0.   0.   0.   0.  12.  20.  17.  16.  17.  18.  18.   9.   0.
      0.   0.   0.   0.   0.   0.   0.   0.   0.   0.   0.   0.   0.
      0.   0.]
   [  0.   0.   0.   0.   0.   0.   0.   0.   0.   0.   0.   0.   0.
      0.   0.   0.   0.   0.   0.   0.   0.   0.   0.   0.   0.   0.
      0.   0.]
   [  0.   0.   0.   0.   0.   0.   0.   0.   0.   0.   0.   0.   0.
      0.   0.   0.   0.   0.   0.   0.   0.   0.   0.   0.   0.   0.
      0.   0.]
   [  0.   0.   0.   0.   0.   0.   0.   0.   0.   0.   0.   0.   0.
      0.   0.   0.   0.   0.   0.   0.   0.   0.   0.   0.   0.   0.
      0.   0.]
   [  0.   0.   0.   0.   0.   0.   0.   0.   0.   0.   0.   0.   0.
      0.   0.   0.   0.   0.   0.   0.   0.   0.   0.   0.   0.   0.
      0.   0.]
   [  0.   0.   0.   0.   0.   0.   0.   0.   0.   0.   0.   0.   0.
      0.   0.   0.   0.   0.   0.   0.   0.   0.   0.   0.   0.   0.
      0.   0.]
   [  0.   0.   0.   0.   0.   0.   0.   0.   0.   0.   0.   0.   0.
      0.   0.   0.   0.   0.   0.   0.   0.   0.   0.   0.   0.   0.
      0.   0.]]]


 [[[  0.   0.   0.   0.   0.   0.   0.   0.   0.   0.   0.   0.   0.
      0.   0.   0.   0.   0.   0.   0.   0.   0.   0.   0.   0.   0.
      0.   0.]
   [  0.   0.   0.   0.   0.   0.   0.   0.   0.   0.   0.   0.   0.
      0.   0.   0.   0.   0.   0.   0.   0.   0.   0.   0.   0.   0.
      0.   0.]
   [  0.   0.   0.   0.   0.   0.   0.   0.   0.   0.   0.   0.   0.
      0.   0.   0.   0.   0.   0.   0.   0.   0.   0.   0.   0.   0.
      0.   0.]
   [  0.   0.   0.   0.   0.   0.   0.   0.   0.   0.   0.   0.   0.
      0.   0.   0.   0.   0.   0.   0.   0.   0.   0.   0.   0.   0.
      0.   0.]
   [  0.   0.   0.   0.   0.   0.   0.   9.   8.   0.   0.   0.   0.
      0.   0.   0.   0.   0.   0.   0.   0.   0.   0.   0.   0.   0.
      0.   0.]
   [  0.   0.   0.   0.   0.   0.   0.  77.  88.   0.   0.   0.   0.
      0.   0.   0.   0.   0.   0.   0.   0.   0.   0.   0.   0.   0.
      0.   0.]
   [  0.   0.   0.   0.   0.   0.   0.  98. 170.  31.   0.   0.   0.
      0.   0.   0.   0.   0.   0.   0.   0.   0.   0.   0.   0.   0.
      0.   0.]
   [  0.   0.   0.   0.   0.   0.   0. 112. 192.  85.  74. 117. 121.
    117. 115. 106.  90.  75.  69.  75.  62.  21.   0.   0.   0.   0.
      0.   0.]
   [  0.   0.   0.   0.   0.   0.   5. 148. 194. 162. 168. 189. 196.
    194. 193. 189. 182. 176. 176. 179. 142.  53.   0.   0.   0.   0.
      0.   0.]
   [  0.   0.   0.   0.   0.   0.  19. 174. 177.  54.  24.  51.  77.
    109. 122. 141. 161. 178. 182. 186. 143.  49.   0.   0.   0.   0.
      0.   0.]
   [  0.   0.   0.   0.   0.   0.  39. 184. 172.  44.   0.   0.   0.
      0.   0.   0.  10.  28.  36.  37.  25.   4.   0.   0.   0.   0.
      0.   0.]
   [  0.   0.   0.   0.   0.   0.  95. 192. 153.  24.   0.   0.   0.
      0.   0.   0.   0.   0.   0.   0.   0.   0.   0.   0.   0.   0.
      0.   0.]
   [  0.   0.   0.   0.   0.  15. 166. 183. 114.   2.   0.   0.   0.
      0.   0.   0.   0.   0.   0.   0.   0.   0.   0.   0.   0.   0.
      0.   0.]
   [  0.   0.   0.   0.   0.  88. 191. 183. 122.  86.  91.  88.  99.
     92.  58.  20.   0.   0.   0.   0.   0.   0.   0.   0.   0.   0.
      0.   0.]
   [  0.   0.   0.   0.   0.  83. 174. 187. 180. 176. 178. 180. 188.
    193. 176. 145.  80.   7.   0.   0.   0.   0.   0.   0.   0.   0.
      0.   0.]
   [  0.   0.   0.   0.   0.   0.  29.  95. 175. 185. 187. 190. 190.
    202. 207. 189. 167.  74.   0.   0.   0.   0.   0.   0.   0.   0.
      0.   0.]
   [  0.   0.   0.   0.   0.   0.   0.   0.  32.  37.  36.  37.  37.
     71. 139. 192. 178. 124.  10.   0.   0.   0.   0.   0.   0.   0.
      0.   0.]
   [  0.   0.   0.   0.   0.   0.   0.   0.   0.   0.   0.   0.   0.
      0.   3. 151. 186. 148.  36.   0.   0.   0.   0.   0.   0.   0.
      0.   0.]
   [  0.   0.   0.   0.   0.   0.   0.   0.   0.   0.   0.   0.   0.
      0.   0. 124. 185. 152.  45.   0.   0.   0.   0.   0.   0.   0.
      0.   0.]
   [  0.   0.   0.   0.   0.   0.   0.   0.   0.   0.   0.   0.   0.
      0.  12. 154. 180. 145.  32.   0.   0.   0.   0.   0.   0.   0.
      0.   0.]
   [  0.   0.   0.   0.   2.  17.  20.   6.   0.   0.   0.   0.   0.
     40. 148. 191. 163. 123.  11.   0.   0.   0.   0.   0.   0.   0.
      0.   0.]
   [  0.   0.   0.   0.  25. 107. 166. 152. 135. 117. 108. 104. 112.
    177. 181. 167. 147.  55.   0.   0.   0.   0.   0.   0.   0.   0.
      0.   0.]
   [  0.   0.   0.   0.  35. 113. 161. 168. 173. 176. 179. 180. 177.
    166. 148. 141.  70.   0.   0.   0.   0.   0.   0.   0.   0.   0.
      0.   0.]
   [  0.   0.   0.   0.  29. 103. 147. 152. 149. 150. 151. 156. 154.
    140. 110.  41.   0.   0.   0.   0.   0.   0.   0.   0.   0.   0.
      0.   0.]
   [  0.   0.   0.   0.   0.   5.  22.  38.  48.  65.  71.  74.  69.
     42.   4.   0.   0.   0.   0.   0.   0.   0.   0.   0.   0.   0.
      0.   0.]
   [  0.   0.   0.   0.   0.   0.   0.   0.   0.   0.   0.   0.   0.
      0.   0.   0.   0.   0.   0.   0.   0.   0.   0.   0.   0.   0.
      0.   0.]
   [  0.   0.   0.   0.   0.   0.   0.   0.   0.   0.   0.   0.   0.
      0.   0.   0.   0.   0.   0.   0.   0.   0.   0.   0.   0.   0.
      0.   0.]
   [  0.   0.   0.   0.   0.   0.   0.   0.   0.   0.   0.   0.   0.
      0.   0.   0.   0.   0.   0.   0.   0.   0.   0.   0.   0.   0.
      0.   0.]]]]