[[[ 0.24681728  0.24681728  0.17266968  0.17266968  0.29730596
    0.29730596 -0.00648025 -0.00648025  0.13151602  0.13151602]
  [ 0.24681728  0.24681728  0.17266968  0.17266968  0.29730596
    0.29730596 -0.00648025 -0.00648025  0.13151602  0.13151602]
  [ 0.18333388  0.18333388  0.11613722  0.11613722  0.5871425
    0.5871425   0.10555232  0.10555232  0.10150286  0.10150286]
  [ 0.18333388  0.18333388  0.11613722  0.11613722  0.5871425
    0.5871425   0.10555232  0.10555232  0.10150286  0.10150286]
  [ 0.20655126  0.20655126  0.22790944  0.22790944  0.39595955
    0.39595955  0.18907291  0.18907291  0.1044164   0.1044164 ]
  [ 0.20655126  0.20655126  0.22790944  0.22790944  0.39595955
    0.39595955  0.18907291  0.18907291  0.1044164   0.1044164 ]
  [ 0.46855324  0.46855324  0.3403268   0.3403268   0.31228235
    0.31228235 -0.03175542 -0.03175542  0.01513578  0.01513578]
  [ 0.46855324  0.46855324  0.3403268   0.3403268   0.31228235
    0.31228235 -0.03175542 -0.03175542  0.01513578  0.01513578]
  [ 0.77983998  0.77983998  0.46988552  0.46988552  0.53887008
    0.53887008 -0.09665553 -0.09665553 -0.15487058 -0.15487058]
  [ 0.77983998  0.77983998  0.46988552  0.46988552  0.53887008
    0.53887008 -0.09665553 -0.09665553 -0.15487058 -0.15487058]]

 [[ 0.24681728  0.24681728  0.17266968  0.17266968  0.29730596
    0.29730596 -0.00648025 -0.00648025  0.13151602  0.13151602]
  [ 0.24681728  0.24681728  0.17266968  0.17266968  0.29730596
    0.29730596 -0.00648025 -0.00648025  0.13151602  0.13151602]
  [ 0.18333388  0.18333388  0.11613722  0.11613722  0.5871425
    0.5871425   0.10555232  0.10555232  0.10150286  0.10150286]
  [ 0.18333388  0.18333388  0.11613722  0.11613722  0.5871425
    0.5871425   0.10555232  0.10555232  0.10150286  0.10150286]
  [ 0.20655126  0.20655126  0.22790944  0.22790944  0.39595955
    0.39595955  0.18907291  0.18907291  0.1044164   0.1044164 ]
  [ 0.20655126  0.20655126  0.22790944  0.22790944  0.39595955
    0.39595955  0.18907291  0.18907291  0.1044164   0.1044164 ]
  [ 0.46855324  0.46855324  0.3403268   0.3403268   0.31228235
    0.31228235 -0.03175542 -0.03175542  0.01513578  0.01513578]
  [ 0.46855324  0.46855324  0.3403268   0.3403268   0.31228235
    0.31228235 -0.03175542 -0.03175542  0.01513578  0.01513578]
  [ 0.77983998  0.77983998  0.46988552  0.46988552  0.53887008
    0.53887008 -0.09665553 -0.09665553 -0.15487058 -0.15487058]
  [ 0.77983998  0.77983998  0.46988552  0.46988552  0.53887008
    0.53887008 -0.09665553 -0.09665553 -0.15487058 -0.15487058]]

 [[ 0.24681728  0.24681728  0.17266968  0.17266968  0.29730596
    0.29730596 -0.00648025 -0.00648025  0.13151602  0.13151602]
  [ 0.24681728  0.24681728  0.17266968  0.17266968  0.29730596
    0.29730596 -0.00648025 -0.00648025  0.13151602  0.13151602]
  [ 0.18333388  0.18333388  0.11613722  0.11613722  0.5871425
    0.5871425   0.10555232  0.10555232  0.10150286  0.10150286]
  [ 0.18333388  0.18333388  0.11613722  0.11613722  0.5871425
    0.5871425   0.10555232  0.10555232  0.10150286  0.10150286]
  [ 0.20655126  0.20655126  0.22790944  0.22790944  0.39595955
    0.39595955  0.18907291  0.18907291  0.1044164   0.1044164 ]
  [ 0.20655126  0.20655126  0.22790944  0.22790944  0.39595955
    0.39595955  0.18907291  0.18907291  0.1044164   0.1044164 ]
  [ 0.46855324  0.46855324  0.3403268   0.3403268   0.31228235
    0.31228235 -0.03175542 -0.03175542  0.01513578  0.01513578]
  [ 0.46855324  0.46855324  0.3403268   0.3403268   0.31228235
    0.31228235 -0.03175542 -0.03175542  0.01513578  0.01513578]
  [ 0.77983998  0.77983998  0.46988552  0.46988552  0.53887008
    0.53887008 -0.09665553 -0.09665553 -0.15487058 -0.15487058]
  [ 0.77983998  0.77983998  0.46988552  0.46988552  0.53887008
    0.53887008 -0.09665553 -0.09665553 -0.15487058 -0.15487058]]

 [[ 0.24681728  0.24681728  0.17266968  0.17266968  0.29730596
    0.29730596 -0.00648025 -0.00648025  0.13151602  0.13151602]
  [ 0.24681728  0.24681728  0.17266968  0.17266968  0.29730596
    0.29730596 -0.00648025 -0.00648025  0.13151602  0.13151602]
  [ 0.18333388  0.18333388  0.11613722  0.11613722  0.5871425
    0.5871425   0.10555232  0.10555232  0.10150286  0.10150286]
  [ 0.18333388  0.18333388  0.11613722  0.11613722  0.5871425
    0.5871425   0.10555232  0.10555232  0.10150286  0.10150286]
  [ 0.20655126  0.20655126  0.22790944  0.22790944  0.39595955
    0.39595955  0.18907291  0.18907291  0.1044164   0.1044164 ]
  [ 0.20655126  0.20655126  0.22790944  0.22790944  0.39595955
    0.39595955  0.18907291  0.18907291  0.1044164   0.1044164 ]
  [ 0.46855324  0.46855324  0.3403268   0.3403268   0.31228235
    0.31228235 -0.03175542 -0.03175542  0.01513578  0.01513578]
  [ 0.46855324  0.46855324  0.3403268   0.3403268   0.31228235
    0.31228235 -0.03175542 -0.03175542  0.01513578  0.01513578]
  [ 0.77983998  0.77983998  0.46988552  0.46988552  0.53887008
    0.53887008 -0.09665553 -0.09665553 -0.15487058 -0.15487058]
  [ 0.77983998  0.77983998  0.46988552  0.46988552  0.53887008
    0.53887008 -0.09665553 -0.09665553 -0.15487058 -0.15487058]]

 [[ 0.24681728  0.24681728  0.17266968  0.17266968  0.29730596
    0.29730596 -0.00648025 -0.00648025  0.13151602  0.13151602]
  [ 0.24681728  0.24681728  0.17266968  0.17266968  0.29730596
    0.29730596 -0.00648025 -0.00648025  0.13151602  0.13151602]
  [ 0.18333388  0.18333388  0.11613722  0.11613722  0.5871425
    0.5871425   0.10555232  0.10555232  0.10150286  0.10150286]
  [ 0.18333388  0.18333388  0.11613722  0.11613722  0.5871425
    0.5871425   0.10555232  0.10555232  0.10150286  0.10150286]
  [ 0.20655126  0.20655126  0.22790944  0.22790944  0.39595955
    0.39595955  0.18907291  0.18907291  0.1044164   0.1044164 ]
  [ 0.20655126  0.20655126  0.22790944  0.22790944  0.39595955
    0.39595955  0.18907291  0.18907291  0.1044164   0.1044164 ]
  [ 0.46855324  0.46855324  0.3403268   0.3403268   0.31228235
    0.31228235 -0.03175542 -0.03175542  0.01513578  0.01513578]
  [ 0.46855324  0.46855324  0.3403268   0.3403268   0.31228235
    0.31228235 -0.03175542 -0.03175542  0.01513578  0.01513578]
  [ 0.77983998  0.77983998  0.46988552  0.46988552  0.53887008
    0.53887008 -0.09665553 -0.09665553 -0.15487058 -0.15487058]
  [ 0.77983998  0.77983998  0.46988552  0.46988552  0.53887008
    0.53887008 -0.09665553 -0.09665553 -0.15487058 -0.15487058]]]