[[ 5.60868022e-02 -1.47788450e-01  4.41262167e-01 -7.69682565e-02
   7.30970844e-01  6.69929501e-01  7.74380453e-01  1.07116985e+00
   9.74842776e-01  9.52811998e-01  7.68012254e-01  7.41244283e-01
   7.56377837e-01  6.74307434e-01  1.05888914e+00 -4.04265042e-01
  -2.48856872e-01 -9.81411572e-02  5.08100000e-01 -3.07063758e-01
   1.00232043e+00  7.19382704e-01  8.79357014e-01 -2.22569615e-01
   8.56171787e-01 -1.48915865e-01  5.12047635e-01 -2.48776961e-01
   7.46035049e-01 -1.68650475e-01  1.04348773e+00  9.58496841e-01
   7.34321686e-01  9.39834138e-01  6.62694958e-01  2.39557579e-03
   1.07924470e-01  9.35462467e-01  1.08741940e+00 -3.25418531e-04
  -1.61748366e-01  4.20538190e-01  1.13268196e+00  9.68308510e-01
   8.19699631e-01  1.40766565e-01 -3.94425121e-01 -1.97779553e-01
   1.07602200e+00  6.80471682e-01  9.40905511e-01  1.10044058e+00
  -2.71387819e-01 -3.27831120e-01  8.70156384e-01 -1.86626212e-01
   8.58497204e-01  5.69214530e-01  4.95644601e-01 -2.72646629e-01]]