[[[[-0.10050181 -0.16030047 -0.00836857  0.13805223  0.61371468]
   [-0.21716121 -0.33907548 -0.16948292  0.04295039  0.25088848]
   [-1.2945664  -0.43934002 -0.38259393 -0.10593672  0.34419543]
   [-0.67125665 -0.52449744 -0.4112095  -0.17244163 -0.01082096]
   [-0.32865629 -0.18476911 -0.16616205 -0.09549662  0.11639108]]]


 [[[ 0.26919103 -0.43188521 -0.46991135 -0.70950644 -0.47905994]
   [ 0.53861636 -0.05631234 -0.29500271 -0.94823648 -0.76755566]
   [ 0.48892848  0.04276374 -0.24970807 -0.69665986 -0.52355053]
   [ 0.53938046  0.0204713  -0.2953301  -0.6690781  -0.53201768]
   [ 0.48562844 -0.05967926 -0.14629724 -0.58025857 -0.43393158]]]


 [[[ 0.32673433  0.40818499 -0.20734322 -0.92835667 -0.5907265 ]
   [ 0.22255157  0.330145   -0.15664671 -1.09420358 -0.56177886]
   [ 0.40173105  0.38407596 -0.23108442 -1.04955045 -0.64827063]
   [ 0.32844169  0.42749068 -0.51325752 -0.91880084 -0.84170579]
   [ 0.34549573  0.49225158 -0.02837071 -1.47983594 -0.54926004]]]


 [[[-0.85906268 -0.74965349 -0.24250257  0.02728493  0.18054209]
   [-1.18519765 -0.62914192 -0.19172921 -0.02094321  0.09036299]
   [-0.43386259 -0.31374913 -0.11827684  0.10116783  0.20307789]
   [-0.25670572 -0.13887434  0.00898091  0.06542546  0.16298645]
   [-0.15775609 -0.11522647  0.06722415  0.18146301  0.17460308]]]


 [[[-0.39876844 -0.4014123  -0.0655547   0.19783309  0.43428293]
   [-0.37412318 -0.16370349  0.0055296   0.05945125  0.41777257]
   [-0.84187679 -0.68025449 -0.06954306  0.31426428  0.60427263]
   [-0.3395597  -0.0386614   0.14197906  0.31120505  0.38993795]
   [-0.16329397 -0.0961365   0.11709248  0.19857587  0.40460373]]]]