[[[[ 3.92632013e-01  4.34862204e-01  4.11939534e-01 -1.04453587e-01
    -2.85278066e-01]
   [ 3.22344663e-01  4.00646814e-01  3.02983387e-01 -5.86266730e-02
    -4.21610697e-01]
   [ 4.18330791e-01  5.45967569e-01  4.27304573e-01 -1.99696136e-01
    -3.90068246e-01]
   [ 5.99066310e-01  5.05228118e-01  5.11617925e-01 -8.10078539e-02
    -2.21922523e-01]
   [ 5.00560364e-01  5.34509490e-01  4.38300031e-01  3.28650951e-02
    -1.97498288e-01]]

  [[ 6.13381143e-01  4.02191215e-01  7.89196813e-02 -5.22503063e-01
    -3.28091479e-01]
   [ 5.28875903e-01  4.57853287e-01 -8.67395129e-02 -4.53323273e-01
    -4.50791781e-01]
   [ 6.11928020e-01  4.80333514e-01 -2.89163421e-01 -6.95772539e-01
    -7.53726316e-01]
   [ 7.46384576e-01  7.02953095e-01 -1.16916754e-01 -7.36538140e-01
    -6.79925098e-01]
   [ 7.50440076e-01  7.82402579e-01 -1.76523968e-01 -6.18639610e-01
    -4.92592638e-01]]

  [[ 3.58427625e-01  2.33952182e-01 -6.19341219e-01 -3.94546358e-01
    -2.07677330e-01]
   [ 3.27993866e-01  3.97628214e-01 -5.68536891e-01 -2.85114042e-01
    -2.55916602e-01]
   [ 4.03915753e-01  3.41636868e-01 -4.14954663e-01 -3.98626718e-01
    -2.66760155e-01]
   [ 6.76203377e-01  6.07996140e-01 -3.56381724e-01 -1.23570399e-01
    -9.03897053e-02]
   [ 6.42745926e-01  5.86224098e-01 -3.37060571e-01 -1.12963646e-01
     2.49442462e-02]]

  [[ 2.42487135e-01  2.64246904e-01  4.37224333e-01 -2.78166268e-02
    -1.45676119e-01]
   [ 2.46404461e-01  2.44915549e-01  4.23839077e-01  5.49475566e-02
    -2.47018654e-01]
   [ 2.03920740e-01  2.31683433e-01  4.95630298e-01  1.34928128e-02
    -1.30810015e-01]
   [ 1.10809879e-01  2.43024302e-01  5.46061320e-01  1.38894516e-01
    -1.49227650e-01]
   [ 1.28044796e-01  2.71932019e-01  6.84090061e-01  8.30334911e-02
    -1.05753048e-01]]

  [[ 1.44566587e-02  1.12456634e-01  4.03430193e-01  1.87376511e-01
    -1.20635201e-01]
   [ 6.07249159e-02  1.29191786e-01  3.78759684e-01  1.62212557e-01
     1.52256195e-02]
   [ 6.35123638e-02  1.58973738e-01  4.32962084e-01  2.77389636e-01
     5.76893422e-02]
   [-1.00374975e-01  5.77033167e-02  3.57215872e-01  1.56159097e-01
     2.28881923e-02]
   [-5.04747345e-02  1.85285836e-01  3.97631961e-01  2.79573828e-01
     4.12445623e-02]]]


 [[[ 3.86544280e-01  5.47955014e-01  4.93539189e-01 -1.84804750e-01
    -3.06967565e-01]
   [ 4.85110342e-01  3.71876253e-01  4.52488734e-01 -2.08437473e-01
    -3.11578839e-01]
   [ 4.88146420e-01  6.26796829e-01  5.49026084e-01 -2.67359608e-01
    -3.89496114e-01]
   [ 4.94619094e-01  5.77649333e-01  4.80507106e-01  2.64029263e-02
    -1.67644486e-01]
   [ 4.83571415e-01  5.17480509e-01  4.84857050e-01 -6.44776963e-02
    -7.78390065e-02]]

  [[ 5.34001807e-01  5.11737384e-01  1.96225014e-02 -4.40768524e-01
    -2.37529825e-01]
   [ 4.71907829e-01  4.21031778e-01 -1.09083397e-01 -4.67672421e-01
    -4.13992866e-01]
   [ 5.48701180e-01  5.54443186e-01 -3.70374980e-01 -6.66278948e-01
    -6.41963288e-01]
   [ 6.58150635e-01  6.76671885e-01 -1.01712632e-01 -7.85324856e-01
    -6.35864363e-01]
   [ 7.70513638e-01  6.79321485e-01 -9.89024819e-02 -5.92931600e-01
    -4.62542276e-01]]

  [[ 4.25004075e-01  2.61777396e-01 -6.02949726e-01 -2.59394319e-01
    -2.52561615e-01]
   [ 4.04397528e-01  4.02219167e-01 -5.31734155e-01 -2.90958774e-01
    -2.57435277e-01]
   [ 5.83736087e-01  3.37723296e-01 -4.62250428e-01 -3.56800413e-01
    -3.06977085e-01]
   [ 6.10582324e-01  4.95935864e-01 -3.28744617e-01 -1.60549212e-01
    -2.53765624e-02]
   [ 6.25136556e-01  5.07629919e-01 -2.51921179e-01  7.34366297e-03
    -3.30296018e-02]]

  [[ 2.12339328e-01  3.26405627e-01  4.73709865e-01  8.83955968e-02
    -1.93802559e-01]
   [ 9.33278456e-02  2.03534573e-01  5.06224971e-01  7.75773414e-02
    -9.74447490e-02]
   [ 2.05197129e-01  2.08731813e-01  3.83217429e-01  1.85731530e-02
    -1.65697350e-01]
   [ 2.49029732e-01  3.09942609e-01  6.84586151e-01  9.79176013e-02
    -1.09471561e-01]
   [ 1.40939261e-01  2.53255943e-01  5.70269836e-01  4.35065673e-02
    -1.00461021e-01]]

  [[-1.24659153e-01  1.27640670e-01  4.81915118e-01  1.08149814e-01
     5.56156077e-02]
   [ 8.01790686e-03  1.45577610e-01  3.74431586e-01  1.04063576e-01
    -2.28920361e-02]
   [-1.28419185e-02  1.93420877e-01  4.00194589e-01  1.32470698e-01
     2.60097241e-02]
   [-1.31966085e-01  9.88852833e-02  4.62843561e-01  1.14249909e-01
     5.60410506e-02]
   [-1.89899186e-01  1.03646823e-01  3.91656666e-01  1.71407625e-01
    -3.38623954e-03]]]


 [[[-4.97510478e-02 -1.83112322e-01 -1.66933046e-02  7.32375952e-01
     8.21967561e-01]
   [-6.14639106e-02 -1.56420883e-01 -9.97313969e-03  8.24850020e-01
     8.04173862e-01]
   [-5.28716030e-01 -4.68471756e-01 -4.31842699e-01  8.40413135e-02
     1.69463595e-01]
   [-7.31124667e-01 -7.32693546e-01 -6.71107237e-01 -2.79960309e-01
    -1.81940913e-01]
   [-6.77260683e-01 -6.80527685e-01 -6.29750699e-01 -1.74435545e-01
    -2.08909817e-01]]

  [[-8.72019572e-02  1.49889740e-01  9.09131995e-01  6.85609274e-01
     8.74979087e-01]
   [-1.99694065e-01  8.14345898e-02  8.66829696e-01  6.89684218e-01
     7.10909151e-01]
   [-3.25034414e-01 -1.86838944e-01  6.37528645e-01  3.93385284e-01
     2.83539700e-01]
   [-4.86687410e-01 -4.52386344e-01 -1.23099402e-01 -3.74131564e-01
    -4.65767298e-01]
   [-6.36442339e-01 -5.37906821e-01 -2.53337055e-01 -3.94471120e-01
    -4.82393566e-01]]

  [[ 2.85499680e-02  3.66054497e-01  5.52510750e-01  7.39806908e-01
     8.89646266e-01]
   [-3.68805174e-02  2.42944188e-01  6.16683502e-01  7.61011330e-01
     8.01040400e-01]
   [-2.91934526e-01 -2.11598975e-01  2.15935769e-01  2.80313660e-01
     1.74035508e-01]
   [-4.73078180e-01 -3.24800200e-01 -1.93031181e-01 -4.39669446e-02
    -1.35289101e-01]
   [-4.91108740e-01 -3.60491974e-01 -2.18641404e-01 -9.54996268e-02
    -1.91314818e-01]]

  [[ 2.35456890e-01  1.54984437e-01 -7.99569096e-02  5.80308551e-01
     7.62960221e-01]
   [ 2.22311807e-01  6.95204431e-02 -2.06906646e-01  6.30833883e-01
     7.21831237e-01]
   [ 1.31181659e-01  1.12267944e-01 -2.14060731e-01  6.51433626e-01
     7.86349544e-01]
   [-2.67124966e-01 -3.56754320e-01 -4.58777885e-01 -1.87276444e-01
     1.43009756e-02]
   [-4.47311329e-01 -4.34904385e-01 -4.67232154e-01 -2.14418009e-01
    -1.46165859e-01]]

  [[ 3.71147267e-03 -1.76137736e-02 -2.85621729e-01 -3.57225866e-02
     4.78965043e-02]
   [ 6.09114130e-02 -9.98803771e-04 -2.79457933e-01  8.93649507e-03
     3.66558679e-02]
   [ 3.19980170e-01  1.84033065e-01 -2.25920478e-01  9.07180973e-02
     2.25318679e-01]
   [-2.65649193e-02 -9.34198804e-02 -2.83378169e-01  3.85339296e-02
     2.05250556e-01]
   [ 6.69381460e-02 -1.65538325e-01 -3.59798478e-01  2.12392254e-02
     1.02520494e-01]]]


 [[[-1.02570060e-01 -7.30625064e-02 -1.26893299e-01  4.33574010e-01
     7.24907213e-01]
   [-1.82476850e-01 -1.64634722e-01 -9.10570406e-02  4.91923628e-01
     6.33461592e-01]
   [-3.39121419e-01 -2.43824620e-01 -3.63114055e-01 -3.98661431e-02
     7.51207431e-03]
   [-5.67246087e-01 -4.84521417e-01 -4.83857812e-01 -3.33172316e-01
    -2.20920785e-01]
   [-4.91637480e-01 -4.76774400e-01 -5.41417397e-01 -2.41858780e-01
    -2.44325557e-01]]

  [[-7.41369373e-02 -3.46331278e-02  6.02813923e-01  6.50314597e-01
     6.74997035e-01]
   [-3.41983703e-02 -6.25212420e-02  6.77824264e-01  6.44815671e-01
     7.18998514e-01]
   [-3.06421873e-01 -1.91574167e-01  7.46984987e-01  6.02766128e-01
     6.12065016e-01]
   [-2.38628950e-01 -3.95393666e-01 -1.42346453e-01 -4.12655405e-01
    -3.71109573e-01]
   [-2.46597407e-01 -4.02435344e-01 -2.76415873e-01 -3.83085988e-01
    -4.86484015e-01]]

  [[-8.99487952e-02  1.79897332e-01  5.54791586e-01  7.06343863e-01
     6.90943534e-01]
   [-8.97029850e-02  1.35828998e-01  6.30554288e-01  7.44605115e-01
     7.73305564e-01]
   [-1.99935942e-01 -1.42579121e-01  2.21960185e-01  2.06241805e-01
     1.77817804e-01]
   [-2.80517746e-01 -2.71786902e-01 -1.74615862e-01 -1.14957973e-01
    -1.75410011e-01]
   [-3.05433113e-01 -2.21591846e-01 -2.05896800e-01 -1.48426182e-01
    -1.06631405e-01]]

  [[ 1.06444746e-01  3.78503819e-03 -1.38373644e-01  3.52930164e-01
     5.47708438e-01]
   [ 5.80618404e-02  6.08116873e-03 -6.04818763e-02  3.15629293e-01
     6.23088266e-01]
   [-4.22404194e-03  5.66719302e-03 -1.71939046e-01  3.51732682e-01
     4.96358222e-01]
   [-1.24915576e-01 -3.53221986e-01 -3.11350091e-01 -5.18809421e-02
    -7.74631853e-03]
   [-2.87471841e-01 -4.49003009e-01 -3.04038485e-01 -1.17541650e-01
    -2.56313917e-01]]

  [[ 2.12241935e-01  1.57043134e-01 -3.03137730e-01 -2.44725560e-03
     1.21173577e-01]
   [ 1.55383527e-01  5.65057933e-02 -2.43396487e-01 -6.07529022e-02
     1.13579649e-01]
   [ 3.08474961e-01  1.33985139e-01 -2.54356465e-01  1.08938006e-01
     9.89431560e-02]
   [ 6.71995083e-03 -8.69565955e-02 -2.77955974e-01  4.42056847e-02
     1.19847057e-01]
   [-5.60947552e-03 -9.56574890e-02 -3.27230723e-01  6.10931217e-02
     1.37629840e-01]]]


 [[[-5.20075442e-02 -6.31671226e-02  2.04457559e-02  7.43108585e-01
     9.04200002e-01]
   [-6.63666972e-02 -1.87312950e-01 -1.13201847e-01  7.17873206e-01
     7.97285701e-01]
   [-4.38081490e-01 -4.45160861e-01 -3.80460341e-01  7.44443133e-02
     1.77418513e-01]
   [-5.66383289e-01 -6.25592883e-01 -7.08551812e-01 -2.47569961e-01
    -1.69159554e-01]
   [-6.08250735e-01 -6.03610676e-01 -6.65452147e-01 -2.16818861e-01
    -1.13203711e-01]]

  [[-5.84185694e-02  4.08201710e-02  8.04924855e-01  7.58331377e-01
     7.73292011e-01]
   [-1.19714527e-01 -3.06005414e-02  8.22792791e-01  6.21312560e-01
     6.39592437e-01]
   [-3.73656799e-01 -2.73838141e-01  5.41504493e-01  4.72010047e-01
     4.04889824e-01]
   [-4.14822691e-01 -4.96600216e-01 -4.73793978e-02 -3.91290032e-01
    -5.00411988e-01]
   [-4.89020220e-01 -5.20082857e-01 -3.61109950e-01 -5.48575273e-01
    -4.96320066e-01]]

  [[ 2.71519793e-02  3.05536063e-01  6.36166419e-01  7.27326551e-01
     8.10092137e-01]
   [ 1.31515043e-02  1.83724791e-01  6.18792936e-01  7.18298527e-01
     8.04191483e-01]
   [-3.36377316e-01 -2.00368912e-01  3.33502948e-01  4.03359740e-01
     3.61417690e-01]
   [-5.24315298e-01 -3.50899602e-01 -3.26043605e-02 -2.99785125e-02
    -1.72386843e-01]
   [-5.64704444e-01 -3.65224624e-01 -2.70159715e-01 -1.51704048e-01
    -2.07059362e-01]]

  [[ 1.80807436e-01  1.54798728e-01 -1.82614787e-01  4.64540155e-01
     7.67945782e-01]
   [ 1.27509270e-01  8.14343282e-02 -4.74169746e-02  5.56730485e-01
     7.51518711e-01]
   [ 1.82519020e-01  8.74187391e-02 -6.63410675e-02  5.52360510e-01
     7.54790084e-01]
   [-2.28936870e-01 -2.95000458e-01 -4.17877812e-01 -1.36194756e-01
     5.09667630e-02]
   [-4.84635604e-01 -4.38399524e-01 -5.18514816e-01 -2.27487637e-01
    -1.51121273e-01]]

  [[-2.08875432e-02  1.48867307e-02 -3.29395647e-01 -5.22824839e-02
    -9.11768557e-02]
   [ 6.75303721e-02  3.16392308e-02 -2.12340249e-01 -3.00424852e-02
     1.04361354e-01]
   [ 2.93102828e-01  1.40380090e-01 -1.58210123e-01  9.73107272e-02
     1.73156728e-01]
   [-3.98512008e-02 -1.07864394e-01 -3.58677771e-01  4.10263338e-02
     6.82316580e-02]
   [ 9.13970673e-02 -2.78391004e-02 -3.44018381e-01 -5.99136540e-02
     1.15678421e-01]]]


 [[[-6.10415571e-02 -1.59946949e-01 -1.01171891e-01  6.08746891e-01
     8.14304343e-01]
   [-8.53885792e-02 -1.36351598e-01  3.69916890e-02  6.08853322e-01
     8.13897112e-01]
   [-4.04246635e-01 -4.23834326e-01 -3.57287666e-01 -5.57856896e-02
     2.75012722e-01]
   [-7.23584249e-01 -5.61807010e-01 -6.32130310e-01 -2.89782283e-01
    -1.82810017e-01]
   [-6.21466318e-01 -6.66272629e-01 -6.28186464e-01 -2.69743363e-01
    -1.89771133e-01]]

  [[-1.19784040e-01  4.69359625e-02  8.98997208e-01  6.98159157e-01
     7.36329858e-01]
   [-1.15387498e-01  1.57586248e-02  9.23284177e-01  6.87111881e-01
     7.38917250e-01]
   [-3.18439122e-01 -2.39733433e-01  6.41387669e-01  4.00960717e-01
     4.00520348e-01]
   [-5.00618528e-01 -4.72986066e-01 -1.34182873e-01 -3.42726414e-01
    -3.77468044e-01]
   [-5.00697440e-01 -5.02394718e-01 -2.72188980e-01 -4.36935144e-01
    -5.11053188e-01]]

  [[ 8.31502319e-02  3.29672752e-01  6.50613329e-01  8.60002589e-01
     6.83301961e-01]
   [ 1.91677235e-02  2.74102161e-01  6.76552357e-01  8.30981866e-01
     8.11073364e-01]
   [-3.94827003e-01 -2.50458722e-01  3.21886231e-01  3.86082412e-01
     3.38033584e-01]
   [-5.06831893e-01 -4.00713375e-01 -9.75644094e-02 -2.85989003e-02
    -9.15323293e-02]
   [-4.55364017e-01 -4.35329046e-01 -1.34415727e-01 -1.60433000e-01
    -1.23514457e-01]]

  [[ 2.42344657e-01  1.46685816e-01 -6.35993257e-02  4.83685575e-01
     6.70700244e-01]
   [ 1.61042735e-01  9.31971136e-02 -1.00880724e-01  5.39277118e-01
     6.77307877e-01]
   [ 1.23215126e-01  5.11982905e-02 -1.64837140e-01  4.15226286e-01
     6.39889172e-01]
   [-2.77692131e-01 -3.84663793e-01 -3.94139897e-01 -8.01043306e-02
    -1.82761451e-02]
   [-4.65297172e-01 -4.35358613e-01 -3.82591393e-01 -2.95151660e-01
    -1.92251297e-01]]

  [[ 8.13468693e-02  1.62089854e-02 -2.88601112e-01 -7.04611335e-02
    -9.93820935e-02]
   [ 2.20429585e-01  1.10849081e-01 -1.73243620e-01 -3.67400582e-02
     3.92831203e-02]
   [ 1.44074038e-01  1.52355884e-01 -2.45673720e-01  1.17280260e-02
     5.34868870e-02]
   [ 4.43528637e-02 -5.02505569e-02 -2.98573674e-01 -2.55297369e-02
     3.49080389e-02]
   [-7.94695187e-02 -6.32494223e-02 -2.61237763e-01  1.10221284e-02
     1.53697661e-01]]]


 [[[ 6.92174430e-02  6.38251813e-02 -6.71478728e-04  2.99973194e-01
     4.54710686e-01]
   [ 1.30449407e-01  5.16995788e-02  1.19978811e-01  4.12462000e-01
     3.93552547e-01]
   [-3.01372720e-01 -3.64351185e-01 -3.17757417e-01  1.55355910e-01
     2.27317218e-01]
   [-4.92367967e-01 -4.96402492e-01 -4.79068549e-01 -5.80242153e-02
     9.08794512e-02]
   [-4.15942197e-01 -3.98037592e-01 -3.86746946e-01 -9.89625946e-02
     7.79565859e-02]]

  [[ 1.17284344e-01 -2.78157309e-03  3.16595550e-01  2.65369590e-01
     4.06057105e-01]
   [ 7.47143449e-02  6.54539127e-02  3.62567673e-01  1.96008316e-01
     3.02690068e-01]
   [-2.25594516e-01 -1.25326210e-01  3.00094845e-01  1.41102422e-01
     2.10435298e-01]
   [-3.35250429e-01 -3.47747662e-01  1.75567763e-01 -3.07721121e-01
    -2.93211249e-01]
   [-2.35506933e-01 -2.98791864e-01 -7.91805002e-03 -2.00046594e-01
    -2.59963049e-01]]

  [[-5.03671698e-02 -8.73954114e-02  2.18801282e-01  2.91368733e-01
     3.36583416e-01]
   [-5.28274803e-02 -5.38357957e-02  2.97798059e-01  3.63355554e-01
     3.40314587e-01]
   [-4.31135338e-01 -3.66648021e-01  1.32462991e-01  1.58852505e-01
     2.43971609e-01]
   [-4.44410648e-01 -5.02794788e-01  1.07084630e-01  2.25060746e-01
     2.21081721e-01]
   [-5.40674980e-01 -3.24591300e-01  5.58891428e-02  1.49580140e-01
     9.19677263e-02]]

  [[ 2.57370006e-01  1.83101576e-01 -1.69153974e-02  2.68513306e-01
     3.31086544e-01]
   [ 1.57832207e-01 -2.53042913e-02  2.43050894e-02  1.37990898e-01
     3.30056297e-01]
   [ 5.66138881e-02 -1.21795547e-01  3.21444511e-02  1.92402596e-01
     2.55708880e-01]
   [-3.01752217e-01 -3.15092853e-01 -2.53948445e-01 -3.61932043e-02
     1.31133965e-01]
   [-3.18704665e-01 -3.64998135e-01 -4.26393805e-01 -3.61314128e-02
    -2.64501100e-02]]

  [[ 3.85832088e-02  1.08859262e-01 -2.55867514e-01 -2.75518529e-02
     8.62675280e-02]
   [ 1.39204333e-01  5.84520551e-02 -1.46903948e-01  1.20402664e-02
     8.24413446e-02]
   [ 2.13734865e-01  1.25267302e-01 -1.53249204e-02 -5.32248499e-02
     7.20396058e-02]
   [-6.83088402e-02 -1.20679218e-02 -2.59992628e-01  1.27559257e-02
     1.08413491e-01]
   [-2.61227641e-02 -4.89949531e-02 -2.06753744e-01  6.49114625e-03
     1.02526372e-01]]]


 [[[ 5.79757180e-01  4.83572858e-01  5.72614955e-01 -1.59180542e-01
    -2.71818631e-01]
   [ 5.00517249e-01  5.44056150e-01  4.82790015e-01 -1.27754538e-01
    -3.10741060e-01]
   [ 5.26911403e-01  6.57468350e-01  5.28753582e-01 -1.33572644e-01
    -4.13165444e-01]
   [ 4.77748630e-01  5.05772566e-01  5.19743207e-01  8.84183118e-02
    -9.84132839e-02]
   [ 5.11005809e-01  5.36121665e-01  5.03111471e-01  1.01131994e-01
    -6.37944609e-02]]

  [[ 6.10943780e-01  5.53525305e-01  8.37347182e-03 -4.22089665e-01
    -3.22769409e-01]
   [ 5.60407117e-01  5.45746922e-01 -1.64938435e-01 -5.93670655e-01
    -4.12770651e-01]
   [ 5.60793511e-01  5.64455621e-01 -3.18783343e-01 -6.81796706e-01
    -6.57275981e-01]
   [ 5.88463125e-01  5.70707037e-01  7.61578728e-02 -8.30031276e-01
    -7.57368651e-01]
   [ 7.65545973e-01  6.94079606e-01 -1.56550115e-01 -5.53008111e-01
    -5.05613863e-01]]

  [[ 4.52877966e-01  3.99856716e-01 -5.14414178e-01 -2.39325709e-01
    -3.39405515e-01]
   [ 3.65609766e-01  3.52882305e-01 -6.37691128e-01 -2.91021843e-01
    -2.72679951e-01]
   [ 4.66687508e-01  3.38492365e-01 -5.14504858e-01 -3.57071231e-01
    -2.93502115e-01]
   [ 5.44374770e-01  4.71870946e-01 -3.97545727e-01 -7.12904648e-02
    -3.36265090e-02]
   [ 5.93578713e-01  6.16933496e-01 -2.82386243e-01 -1.18923871e-01
    -2.91247744e-02]]

  [[ 9.37836119e-02  2.33116833e-01  5.58013328e-01 -9.41582438e-02
    -2.34772116e-01]
   [ 1.56261283e-01  3.06732052e-01  5.71559852e-01  3.97159258e-02
    -1.75826581e-01]
   [ 1.98881864e-01  3.48856137e-01  6.19801388e-01 -2.72307344e-02
    -1.45389054e-01]
   [ 2.08939552e-01  2.17073286e-01  5.90064355e-01  1.19955078e-01
    -6.54048592e-02]
   [ 1.34863835e-01  1.49380791e-01  6.11329356e-01  1.79149666e-01
    -3.51466766e-02]]

  [[-1.33833633e-02  4.24303460e-02  4.62990449e-01  1.58272878e-01
    -4.87980043e-02]
   [-9.27842526e-02  1.62665955e-01  5.47388170e-01  1.36222742e-01
    -3.72560179e-02]
   [ 2.36600335e-02  3.39226842e-02  4.67979966e-01  1.68795356e-01
     1.35948057e-02]
   [ 1.16683645e-02  4.34660956e-02  4.33257615e-01  1.94474773e-01
    -2.20629344e-02]
   [-1.32970896e-01 -2.32385911e-02  4.03538388e-01  1.19634373e-01
     1.65576503e-01]]]


 [[[ 5.38209903e-01  6.13177845e-01  5.54746925e-01 -9.46833504e-02
    -2.80771373e-01]
   [ 5.49934160e-01  6.17735707e-01  5.49028326e-01 -1.37615126e-01
    -2.44410127e-01]
   [ 5.90861130e-01  7.53979837e-01  5.92421153e-01 -2.57493164e-01
    -5.22592615e-01]
   [ 5.69468287e-01  5.23036576e-01  5.03306899e-01  5.01807967e-02
    -1.18860214e-01]
   [ 5.44543277e-01  4.42969695e-01  4.56257603e-01  1.47681645e-01
    -3.49605049e-02]]

  [[ 6.46669783e-01  6.07075218e-01 -6.76593945e-02 -4.44906575e-01
    -3.67616516e-01]
   [ 6.47265371e-01  6.09569976e-01 -1.28600342e-01 -5.19456372e-01
    -5.35957810e-01]
   [ 6.28665956e-01  5.72940452e-01 -3.74352983e-01 -8.61335592e-01
    -7.90428861e-01]
   [ 8.42199995e-01  6.51510484e-01 -2.45672971e-01 -9.28270522e-01
    -8.29014025e-01]
   [ 8.69988691e-01  6.50236961e-01 -3.68129329e-01 -5.84214230e-01
    -5.52061008e-01]]

  [[ 4.52369212e-01  3.93621625e-01 -5.69588911e-01 -3.75885609e-01
    -2.56121385e-01]
   [ 3.49065315e-01  4.04165237e-01 -5.86235717e-01 -3.59059696e-01
    -2.00413209e-01]
   [ 4.49381416e-01  4.13673384e-01 -4.33768688e-01 -3.72699111e-01
    -2.08038990e-01]
   [ 5.08954034e-01  4.17533351e-01 -2.80769380e-01 -7.12910539e-02
    -2.50731007e-02]
   [ 5.95341338e-01  5.23761941e-01 -2.36972979e-01 -2.31389165e-02
     7.81616518e-02]]

  [[ 1.48335996e-01  1.38260986e-01  5.54208540e-01  3.16006746e-02
    -1.70130743e-01]
   [ 5.50160509e-02  2.35509294e-01  5.80697366e-01 -1.04229635e-02
    -1.56947892e-01]
   [ 7.23533741e-02  2.27894124e-01  5.13921674e-01  6.04870795e-02
    -2.20488909e-01]
   [ 9.65045199e-02  2.32086087e-01  7.21101280e-01  1.83595266e-01
    -5.56956008e-02]
   [ 2.77462052e-02  1.88239676e-01  6.14810791e-01  1.76553526e-01
     4.08763508e-02]]

  [[-6.68679916e-02  2.03799020e-01  4.75455055e-01  8.61665659e-02
     8.36636454e-03]
   [-7.76253892e-03  1.83817919e-02  5.08014464e-01  1.61474156e-01
     1.82932041e-02]
   [-3.66123160e-03  1.37715724e-01  5.07462457e-01  1.66294440e-01
     9.82327125e-02]
   [-2.53782792e-02  3.65852412e-02  3.56430702e-01  1.43466856e-01
     7.47080892e-02]
   [-6.22351126e-02  6.42847834e-02  3.56019878e-01  2.18280705e-01
     1.47821166e-01]]]


 [[[ 7.50722051e-02  2.95359099e-01  1.37257615e-01 -2.18153573e-01
    -1.62210954e-01]
   [ 2.11362380e-01  2.79951851e-01  8.84827359e-03 -1.89177264e-01
    -2.89735523e-01]
   [ 2.70439213e-01  3.80258739e-01  2.37055567e-01 -8.79870249e-02
    -2.52161336e-01]
   [ 6.25737424e-01  6.62465799e-01  6.20973692e-01  1.21156955e-01
    -9.68261875e-02]
   [ 5.89403983e-01  6.21335166e-01  5.64103134e-01  1.98568780e-01
    -5.71313300e-03]]

  [[ 1.67788387e-01  6.57822107e-02 -1.68592931e-01 -3.71478370e-01
    -3.13647892e-01]
   [ 2.28943386e-01  1.42618795e-01 -3.71644053e-01 -5.07421921e-01
    -3.41220183e-01]
   [ 2.18214366e-01  2.77528914e-02 -3.72583143e-01 -5.26341693e-01
    -4.76456953e-01]
   [ 9.18147553e-01  8.18514560e-01 -3.09856214e-02 -5.26466219e-01
    -5.65200596e-01]
   [ 9.89439642e-01  9.24685615e-01 -5.55018668e-02 -5.52635603e-01
    -4.73367030e-01]]

  [[ 2.45684855e-02 -1.87818508e-02 -4.36104091e-01 -2.07199077e-01
    -2.43261830e-01]
   [ 1.10090837e-01 -7.01283892e-02 -4.47998878e-01 -2.11840802e-01
    -2.51027565e-01]
   [ 2.50665590e-01  1.28318178e-01 -3.69455291e-01 -3.87348356e-01
    -3.60113538e-01]
   [ 5.64900395e-01  6.23745072e-01 -2.66038686e-01 -4.60361749e-02
    -4.02337025e-02]
   [ 6.32830529e-01  5.47832372e-01 -2.89254750e-01  8.40125622e-02
     4.73864441e-02]]

  [[-1.39093677e-01 -3.48928376e-02  1.78042559e-01 -2.23604024e-01
    -3.01493311e-01]
   [-1.35159972e-01 -6.42122278e-02  8.57673596e-02 -1.94805434e-01
    -2.01438190e-01]
   [-1.63016168e-01 -7.06331938e-02  1.85385671e-01 -1.35881578e-01
    -1.84652936e-01]
   [-3.40379888e-02  1.12472073e-01  4.53342406e-01  8.23695429e-03
    -7.37163367e-02]
   [ 6.75439944e-02  3.13012582e-01  6.06797271e-01  2.16968477e-01
    -8.33387052e-02]]

  [[-2.42128071e-01 -1.70704051e-01  2.10113265e-01 -5.44006985e-03
     1.00090718e-02]
   [-1.91146816e-01 -1.34543778e-01  1.28792930e-01  2.39932942e-02
    -1.85721245e-02]
   [-2.58426167e-01 -1.10768288e-01  2.31980377e-01 -3.24544702e-02
    -1.10703981e-01]
   [-1.59675046e-01 -2.28779523e-01  8.43124555e-02 -6.63552364e-03
    -5.11059493e-02]
   [-2.08686261e-01 -2.58716116e-01  1.19125153e-01  2.12045571e-02
    -5.77741991e-02]]]]