[[ 0.93639778  0.98328743  0.31371556  0.95836115  0.22640439 -0.35043575
  -0.42193286 -0.58939816 -0.55557381 -0.62746671 -0.47548749 -0.18573652
  -0.18571501 -0.40303516 -0.61688138  0.98125903  0.95397831  0.89256107
  -0.20640671  0.95029224 -0.51542934 -0.47237831 -0.4920432   0.96990809
  -0.54997571  0.88388013 -0.35689503  0.91646662 -0.46524901  0.97248215
  -0.61765292 -0.53550613 -0.51574832 -0.45886297 -0.42192065  0.9133154
   0.92211763 -0.59841084 -0.60412503  0.9417738   0.94900997 -0.37395582
  -0.60493441 -0.66522179 -0.43337771  0.93802365  0.99029182  0.95285615
  -0.63151983 -0.36646459 -0.57093129 -0.57972352  0.91844283  0.96747024
  -0.55280737  0.9876204  -0.51568034 -0.384887   -0.3736041   0.98514645]
 [ 0.88056182  0.88917988  0.40538495  0.94893569  0.22851224 -0.43161177
  -0.46112039 -0.61712278 -0.58677433 -0.55860326 -0.4218743  -0.19468972
  -0.23285767 -0.43313208 -0.58919978  0.93297217  0.90179903  0.90657535
  -0.22669303  0.93855503 -0.56154031 -0.54949692 -0.54493475  0.96666553
  -0.51039416  0.92196333 -0.39595468  0.85863393 -0.4103893   0.90967016
  -0.59397546 -0.55209571 -0.4977836  -0.51309726 -0.44875068  0.89242591
   0.90402296 -0.57675057 -0.61095963  0.96836878  0.95339462 -0.37412176
  -0.63621255 -0.57704541 -0.41639828  0.90015862  0.94455238  0.93687105
  -0.59347633 -0.41260046 -0.50739606 -0.57703569  0.90920777  0.88959239
  -0.4718676   0.90173935 -0.55399083 -0.42757731 -0.45962353  0.96833328]
 [-0.42061742 -0.3717408  -0.74016535 -0.37269882 -0.63475225 -0.01475302
   0.28939571  0.63386199  0.66373566  0.73809711  0.02219935 -0.15187276
  -0.03056895  0.32158162  0.58933971 -0.3293828  -0.34184508 -0.41248698
  -0.15902643 -0.34226088  0.52184968  0.54057231  0.62814128 -0.33965416
   0.69858757 -0.37745044 -0.00476389 -0.35820059  0.49395399 -0.40333368
   0.76639214  0.65308291  0.493137    0.53279629  0.33980309 -0.4121386
  -0.49591656  0.7737726   0.67442387 -0.42702935 -0.39036972  0.35274102
   0.68421099  0.80188526  0.48741574 -0.47462734 -0.33795107 -0.37399145
   0.58316265  0.18978594  0.62524387  0.57736223 -0.42663276 -0.34628528
   0.57566315 -0.37227704  0.61771294  0.41453978  0.07748546 -0.36825229]
 [-0.42834496 -0.38322838 -0.69764219 -0.43252993 -0.54139016  0.05298101
   0.31006129  0.64098607  0.64180088  0.7523376   0.09872452 -0.08262976
  -0.01264394  0.3552887   0.6370382  -0.37269857 -0.46961103 -0.48309116
  -0.12876998 -0.40296986  0.64211304  0.536497    0.64735781 -0.45996912
   0.68764289 -0.36419747  0.02328009 -0.45955559  0.47491955 -0.3700591
   0.75496227  0.66998178  0.48007905  0.541219    0.37397696 -0.37766828
  -0.49732956  0.68788184  0.65748251 -0.37011415 -0.39933985  0.3597176
   0.68544679  0.73451812  0.50723646 -0.37724481 -0.44919011 -0.38157534
   0.5530861   0.27068592  0.66335886  0.64186952 -0.41579024 -0.44834096
   0.56279542 -0.41896869  0.65474956  0.4681408   0.20801644 -0.39377704]
 [-0.4644874  -0.41561335 -0.79725837 -0.35223544 -0.6277657  -0.00947734
   0.29234014  0.65089665  0.64495148  0.7162451   0.10498866 -0.14018525
  -0.09831867  0.38183261  0.63600227 -0.37210905 -0.41488097 -0.38313865
  -0.14829199 -0.31986986  0.49897078  0.61134321  0.65028098 -0.40477887
   0.66173384 -0.44024146  0.03468518 -0.36338484  0.43291801 -0.41669397
   0.80483263  0.69661567  0.51596422  0.48694714  0.34981475 -0.44064053
  -0.48852788  0.69670683  0.67757788 -0.4467185  -0.40584788  0.36569441
   0.63033234  0.8010193   0.43305494 -0.47304264 -0.38352867 -0.36580842
   0.57934667  0.22598608  0.63675339  0.59259959 -0.37508237 -0.35621119
   0.53270774 -0.37434916  0.60983863  0.39966898  0.10763883 -0.42098839]
 [-0.44876203 -0.44639153 -0.78192795 -0.41474003 -0.60876014 -0.00989704
   0.30842749  0.66391603  0.64675165  0.75366237  0.0355647  -0.18054486
  -0.0888344   0.37228013  0.61337098 -0.40663852 -0.46901029 -0.38694745
  -0.09932556 -0.36908447  0.55983358  0.61110481  0.63193807 -0.39611405
   0.63253865 -0.37244824  0.00536207 -0.44895878  0.45890999 -0.41205166
   0.74260953  0.62077839  0.5565387   0.45840749  0.3728041  -0.38031467
  -0.49865692  0.76699505  0.69733049 -0.41916822 -0.36590011  0.36960441
   0.63745027  0.79971863  0.4943545  -0.43062088 -0.35849859 -0.42796262
   0.58469732  0.25838775  0.6279677   0.63970267 -0.38988475 -0.3808868
   0.5881717  -0.37750137  0.58578138  0.41501742  0.10982861 -0.40351885]
 [-0.53541538 -0.38231808 -0.99698954 -0.42682556 -1.25020067  0.29160905
   0.61561088  0.68343005  0.6698452   0.77788517  0.32150491 -0.14760989
   0.07667664  0.71839823  0.70626113 -0.35930752 -0.33528386 -0.42016352
  -0.04437364 -0.41682873  0.64614631  0.72556213  0.67887756 -0.42208029
   0.76983294 -0.39163005  0.32804902 -0.2877234   0.73932794 -0.42049927
   0.82273837  0.71048017  0.71507328  0.63843193  0.69939056 -0.53695085
  -0.39739572  0.8093921   0.74546407 -0.44107051 -0.406377    0.67679548
   0.6701876   0.81913612  0.71617778 -0.53383351 -0.27314734 -0.37546355
   0.71075746  0.59389345  0.72734363  0.71455668 -0.33274575 -0.34147182
   0.69964616 -0.41263929  0.7019875   0.72526829  0.46248484 -0.39251288]
 [ 0.98285723  0.96219318  0.3432596   0.96549307  0.18471315 -0.32449265
  -0.49441736 -0.67343939 -0.61567872 -0.66819342 -0.38932463 -0.24604806
  -0.23430948 -0.44241178 -0.56593669  1.04003955  1.01827008  0.94478884
  -0.20330737  0.97255764 -0.5526398  -0.48709768 -0.49559309  0.97316436
  -0.55019895  0.93027808 -0.34787515  1.01617648 -0.4779353   0.91616224
  -0.67836716 -0.58270699 -0.45113357 -0.53308339 -0.39431657  0.89707865
   0.99677324 -0.64168689 -0.66813168  0.98346795  0.98517384 -0.37948532
  -0.62750593 -0.68974635 -0.50618244  0.98470783  0.9825386   0.96641432
  -0.57717841 -0.36829121 -0.55498908 -0.65657124  0.97991748  1.05246687
  -0.54241438  0.96768683 -0.55673855 -0.4348754  -0.40567828  0.99089768]
 [ 0.9739463   1.09973612  0.50113049  0.92611581  0.25562295 -0.34685187
  -0.47509732 -0.67607016 -0.53233409 -0.65094241 -0.33847772 -0.17684175
  -0.1921934  -0.37312821 -0.67194817  1.10061848  1.16288348  1.05882072
  -0.22408937  1.0111833  -0.51742328 -0.5631096  -0.5752902   1.03236603
  -0.60985458  1.0080756  -0.37427625  1.10817716 -0.41633749  1.05287948
  -0.77070977 -0.59282145 -0.50422747 -0.56604077 -0.35746274  0.95980149
   1.15860798 -0.65488688 -0.68206119  0.99082154  1.03271855 -0.46143581
  -0.68887574 -0.65986678 -0.50471462  1.0551246   1.09399869  1.01994452
  -0.6684186  -0.35182736 -0.5381535  -0.71198012  1.10413872  1.10298072
  -0.5683107   1.04033175 -0.49654641 -0.44464359 -0.47805748  1.08702025]
 [ 0.39261126  0.34355515  0.47402334  0.37656098  0.55181451 -0.23650936
  -0.41808826 -0.42095979 -0.53714853 -0.48526298 -0.38534843  0.01826437
  -0.17617723 -0.43902473 -0.51029213  0.38345922  0.42600075  0.41155317
   0.06253674  0.46013494 -0.52867445 -0.44908101 -0.51259088  0.37208335
  -0.52339787  0.37306991 -0.16957194  0.3835636  -0.49512294  0.37882184
  -0.40658831 -0.50874186 -0.43885709 -0.53615337 -0.4879694   0.45696352
   0.29399367 -0.43474339 -0.50829744  0.39181841  0.38823893 -0.52543933
  -0.47788808 -0.48795048 -0.50882678  0.34707018  0.42516202  0.40064184
  -0.38606557 -0.47264586 -0.55213509 -0.46203083  0.40383917  0.40060201
  -0.47222001  0.38309481 -0.53542324 -0.52088177 -0.41141645  0.35436391]]