[[-4.50267352e-01  3.13347926e-01  2.50294780e-01 -3.62750988e-01
   2.01927582e-01  3.12978386e-01 -4.80351955e-01  2.70929188e-01
  -4.12522025e-01  2.26063199e-01  1.65189574e-01  2.56810987e-01
  -2.73133728e-01 -4.43955073e-01 -3.51042605e-01 -2.95675612e-01
  -3.12473994e-01 -2.65009239e-01 -3.59191807e-01 -2.91738952e-01
  -2.93924030e-01 -3.63239428e-01  1.58916340e-01 -3.20444283e-01
  -3.41678736e-01 -1.01437345e+00 -4.11748679e-01 -7.74414612e-01
   1.66330619e-01  2.07575667e-01  3.02084181e-01  8.34412509e-02
   2.42279745e-01 -3.66091329e-01 -3.42018265e-01 -3.63552005e-01
  -3.18382768e-01  3.17563590e-01  1.95799461e-01 -3.00609475e-01
  -4.99942519e-01 -4.22273840e-01]
 [-4.48193517e-01  2.90953843e-01  4.17831488e-01 -3.48713989e-01
   3.96130949e-01  3.83804325e-01 -4.31038647e-01  3.41057659e-01
  -4.58838727e-01  3.66527501e-01  1.02349878e-01  2.53740496e-01
  -3.05775835e-01 -5.44344754e-01 -3.68205553e-01 -3.70844313e-01
  -3.36072375e-01 -4.79356059e-01 -3.43066263e-01 -2.96122974e-01
  -4.43168539e-01 -3.69155886e-01  1.03855412e-01 -3.67023978e-01
  -3.51051929e-01 -9.88488330e-01 -3.51683442e-01 -7.91968287e-01
   2.63879563e-01  3.98320491e-01  3.94121113e-01  9.37223360e-02
   4.12733689e-01 -3.24990512e-01 -4.02855932e-01 -3.57755398e-01
  -3.02399103e-01  3.91340780e-01  1.53633340e-01 -3.07735755e-01
  -4.56797204e-01 -4.45951794e-01]
 [-2.12868289e-01  8.29119332e-01  6.29638844e-02 -7.78801782e-01
   3.84049247e-02  8.68298118e-02 -7.22757148e-01  1.05393832e-01
  -1.45470027e-01  6.82055823e-02  2.36172881e-01  3.11483364e-01
  -5.93277552e-01 -2.81170816e-01 -7.09549338e-01 -7.54144066e-01
  -8.62210161e-01 -1.05357991e-01 -7.05623120e-01 -6.51052704e-01
  -4.72409569e-03 -6.93889461e-01  2.04841540e-01 -6.65303101e-01
  -6.30564052e-01 -4.74220864e-01 -7.34603310e-01 -6.15755696e-01
   7.70325242e-02 -7.44697419e-02 -2.28517728e-02  2.92394556e-01
   5.84072247e-02 -6.91165862e-01 -7.54936378e-01 -7.03095389e-01
  -6.45833997e-01 -1.82782599e-02  1.58302521e-01 -9.04781979e-01
  -3.22609762e-01 -1.71926658e-01]
 [-3.61426637e-01  2.76640165e-01  2.41206395e-01 -2.95590431e-01
   2.35887419e-01  2.50931034e-01 -4.29642595e-01  2.36369711e-01
  -4.32968199e-01  2.66043115e-01  1.52374029e-01  2.28707694e-01
  -2.72992334e-01 -4.73463244e-01 -3.47227430e-01 -1.91977566e-01
  -3.09691529e-01 -3.32652184e-01 -3.48132389e-01 -2.73377703e-01
  -2.79140637e-01 -4.06573436e-01  1.24333758e-01 -2.98478022e-01
  -2.90886864e-01 -9.65343048e-01 -3.05623420e-01 -8.11791336e-01
   1.82747946e-01  1.58025782e-01  4.04471899e-01  1.02216602e-01
   2.30208538e-01 -3.48341622e-01 -2.86610592e-01 -3.12937384e-01
  -2.84987326e-01  2.43093663e-01  9.82932686e-02 -2.67942178e-01
  -4.22633849e-01 -3.60261003e-01]
 [-3.75359278e-02  7.71076643e-01 -3.58525049e-02 -7.10529879e-01
  -2.92611100e-02 -5.68604062e-02 -7.61127016e-01 -7.14228565e-02
   3.18569037e-03 -1.16214251e-02  2.88949974e-01  1.73946846e-01
  -4.42263784e-01 -8.57056445e-02 -6.36516589e-01 -4.82462266e-01
  -6.65601968e-01 -1.19967686e-02 -5.75335364e-01 -5.74481083e-01
   7.63184330e-03 -6.51226046e-01  3.44049513e-01 -4.22762348e-01
  -5.09452053e-01  7.78003168e-02 -5.18632882e-01 -1.46559515e-01
  -5.64916527e-02 -1.12600657e-01 -9.56611554e-02  4.58028574e-01
  -5.00322232e-02 -6.76363493e-01 -5.74716569e-01 -5.32368858e-01
  -5.32755340e-01 -6.12725839e-02  6.10232300e-02 -7.31260380e-01
  -7.13962943e-02 -4.47154996e-03]
 [ 2.15203025e-01  1.66942201e-01 -1.01244240e-01 -1.71809536e-01
  -8.65806226e-02 -1.14201437e-01 -3.52691943e-02 -1.63520471e-01
   1.47936572e-01 -9.43130308e-02  2.21892820e-01 -1.77765636e-01
   1.04575658e-01  2.57206536e-01 -6.55103481e-02  9.74643097e-02
   1.47662281e-02  1.13052179e-01 -1.13111034e-01 -1.28607807e-01
   1.84215904e-01 -1.90010179e-01  2.63167350e-01 -6.34103175e-03
   4.43391575e-04  4.78872356e-01 -1.06752652e-02  5.63728959e-01
  -1.70781050e-01 -1.80332480e-01 -1.49558141e-01  1.87070854e-01
  -1.83774810e-01 -1.67905263e-01 -1.93676269e-03  4.01971675e-02
   3.85582934e-02 -1.80892183e-01 -1.94572257e-01 -1.16190348e-01
   2.04950261e-01  1.49674142e-01]
 [ 1.81092350e-01 -3.34381733e-01 -1.91029589e-01  2.87694908e-01
  -1.03350479e-01 -2.07282079e-01  5.70281110e-01 -1.74903329e-01
   2.11685825e-01 -1.27137307e-01  2.46594944e-01 -3.97526282e-01
   3.71552066e-01  2.48425206e-01  3.39686936e-01  3.55585238e-01
   3.10700398e-01  1.24017555e-01  3.34830067e-01  2.23096113e-01
   1.09197245e-01  3.61557390e-01  2.90295535e-01  3.88576755e-01
   3.55753049e-01  4.56621275e-01  4.00587470e-01  4.97109273e-01
  -2.99322415e-01 -1.69791117e-01 -1.96238988e-01  1.96082357e-01
  -1.32197010e-01  2.46011928e-01  3.36537176e-01  3.49754878e-01
   3.30233104e-01 -2.08920047e-01 -2.49301829e-01  3.57264975e-01
   2.38731229e-01  1.88676847e-01]
 [ 1.19616334e-01 -6.58438228e-01 -1.86600345e-01  6.67409098e-01
  -2.75412869e-01 -1.99107760e-01  6.80597062e-01 -2.91729393e-01
   1.58887432e-01 -2.68843279e-01  1.98661920e-01 -3.18816462e-01
   3.53526335e-01  1.67933031e-01  6.49216045e-01  5.41947245e-01
   5.49670674e-01  1.58537201e-01  6.41547042e-01  5.88678219e-01
   8.81631797e-02  6.00832451e-01  2.32405385e-01  5.83283720e-01
   5.27696682e-01  3.12019711e-01  5.13956032e-01  1.70869685e-01
  -2.99991936e-01 -1.52215260e-01 -2.05834256e-01  1.64186860e-01
  -2.35686113e-01  7.08643830e-01  6.46717426e-01  5.96152146e-01
   5.16771993e-01 -1.78780044e-01 -2.36838788e-01  5.86346307e-01
   9.91667839e-02  1.18372776e-01]
 [ 1.49136895e-01 -6.75122284e-01 -1.57271335e-01  5.68621301e-01
  -1.34362657e-01 -1.21178137e-01  6.63651774e-01 -2.10500046e-01
   8.19372959e-02 -1.84598730e-01  2.48984819e-01 -2.96529573e-01
   3.68423134e-01  1.01911184e-01  6.08144386e-01  4.79698486e-01
   5.31737028e-01  1.05316105e-01  5.64229287e-01  5.55643487e-01
   1.49397713e-01  6.05204673e-01  1.92797484e-01  5.98987340e-01
   4.63811876e-01  2.77597516e-01  4.96548409e-01  1.13485169e-01
  -2.42886319e-01 -1.86762945e-01 -2.07795232e-01  1.53652365e-01
  -1.63685534e-01  5.78805286e-01  5.31955797e-01  5.47917019e-01
   4.31282069e-01 -1.47997128e-01 -2.63179411e-01  5.48455134e-01
   9.92775710e-02  1.10813881e-01]
 [ 7.53504253e-02 -7.67709584e-01 -1.91283562e-01  6.55358888e-01
  -2.19430579e-01 -2.22400128e-01  7.71625572e-01 -2.35355650e-01
   6.44138265e-02 -1.71663374e-01  2.34564254e-01 -3.61606882e-01
   4.51748666e-01  1.04421006e-01  6.93197981e-01  5.06597254e-01
   5.92420950e-01  1.31857912e-01  6.87324200e-01  6.13330925e-01
   1.37638817e-01  7.10579662e-01  1.88611870e-01  5.56171526e-01
   5.23244236e-01  2.81567328e-01  5.30679529e-01  9.96339113e-02
  -2.79816049e-01 -1.80544938e-01 -1.25829101e-01  1.96857150e-01
  -2.25523599e-01  6.62281549e-01  6.65421887e-01  6.38968082e-01
   4.98259985e-01 -2.22525743e-01 -2.57223344e-01  6.43522378e-01
   1.17786363e-01  1.19058474e-01]
 [ 2.05953655e-01  7.16049926e-02 -1.05655764e-01 -8.00397395e-02
  -1.05665073e-01 -1.09837131e-01  8.88959448e-03 -1.59704124e-01
   1.65177278e-01 -1.01171025e-01  2.23291460e-01 -2.74426423e-01
   2.10636783e-01  2.88868123e-01 -3.85298957e-02  1.71727176e-01
   3.53156186e-02  1.83648839e-01 -1.18552783e-01 -1.74744988e-02
   1.99959787e-01 -1.19312409e-01  2.54279619e-01  3.27708892e-02
   1.49786767e-01  4.69215367e-01  1.11936852e-01  6.63703080e-01
  -2.69905785e-01 -2.10023926e-01 -1.41086837e-01  1.92419954e-01
  -1.82223736e-01 -5.71154051e-02  9.15057501e-02  5.49015805e-02
   1.81638463e-01 -1.63894034e-01 -1.98625652e-01 -2.25600647e-02
   2.58775864e-01  2.11346728e-01]
 [ 8.42689893e-02  3.32690753e-01 -7.70638520e-02 -2.90372328e-01
  -7.13420708e-02 -1.11593155e-01 -4.00975283e-01 -1.27815876e-01
   9.93963289e-02 -1.19595177e-01  2.91782792e-01 -1.08475996e-01
  -5.56877061e-02  1.97478472e-01 -3.16648751e-01 -9.99311304e-02
  -2.13168473e-01  1.03775021e-01 -2.89393253e-01 -2.53096093e-01
   8.65731156e-02 -3.16032383e-01  2.14135836e-01 -1.33106137e-01
  -1.01338057e-01  4.13252037e-01 -1.39185470e-01  5.03264104e-01
  -1.37903925e-01 -1.73754476e-01 -1.24565250e-01  2.51281386e-01
  -1.58202170e-01 -2.94342508e-01 -1.63512318e-01 -2.00668512e-01
  -1.33796723e-01 -1.45806244e-01 -1.01425313e-01 -2.99897090e-01
   1.38476628e-01  1.12799988e-01]
 [ 9.52950550e-02  2.43474291e-01 -8.97895416e-02 -1.93252594e-01
  -6.01613828e-02 -7.58722744e-02 -2.39228755e-01 -1.15651226e-01
   7.28401969e-02 -1.39708754e-01  2.41203800e-01 -1.59807059e-01
   5.64544210e-02  1.17913958e-01 -1.69615394e-01  2.47618098e-02
  -1.15813818e-01  9.67258788e-02 -1.64398346e-01 -1.52557014e-01
   8.15926067e-02 -1.81482848e-01  2.27200573e-01 -6.51329893e-02
   6.73923161e-04  4.46599895e-01 -1.67346527e-02  3.44138437e-01
  -1.10585450e-01 -2.01495480e-01 -1.08967972e-01  2.41154632e-01
  -1.08579997e-01 -2.26934072e-01 -1.38443427e-01 -3.83537414e-02
  -5.09916202e-02 -1.05790758e-01 -1.45938235e-01 -1.23124080e-01
   1.00806741e-01  1.28826880e-01]
 [ 1.33060651e-01 -3.56063679e-01 -1.37668760e-01  2.79714667e-01
  -4.46275360e-02 -1.44836561e-01  5.64669542e-01 -1.50683304e-01
   1.59854329e-01 -1.51310637e-01  2.39195998e-01 -3.99028950e-01
   3.63666868e-01  1.92585068e-01  3.58494799e-01  4.31023511e-01
   3.46194811e-01  1.45209411e-01  3.73092642e-01  2.43561550e-01
   1.38514598e-01  3.41881865e-01  2.63391678e-01  4.45985373e-01
   3.80020178e-01  3.73857783e-01  3.83236244e-01  3.90498115e-01
  -2.92554166e-01 -1.73559320e-01 -1.95779020e-01  1.80037158e-01
  -8.16480816e-02  2.59097326e-01  4.17364455e-01  4.08431083e-01
   3.44476548e-01 -1.93109814e-01 -3.24619215e-01  3.03010198e-01
   1.38915308e-01  1.25378839e-01]
 [ 7.81841948e-02 -6.82106315e-01 -2.22067090e-01  6.75056118e-01
  -2.02166489e-01 -2.63586011e-01  7.10718947e-01 -2.27224403e-01
   1.75265889e-01 -1.83435508e-01  2.10743624e-01 -3.30427295e-01
   4.33804820e-01  1.35221584e-01  6.16861811e-01  5.35141145e-01
   5.95510197e-01  1.32690746e-01  6.30670326e-01  6.93771765e-01
   9.49824676e-02  6.36338390e-01  2.41403331e-01  6.09276314e-01
   5.19802255e-01  2.84356066e-01  5.94752217e-01  1.95076796e-01
  -2.26925075e-01 -1.93131007e-01 -1.93014360e-01  2.04756785e-01
  -2.63035521e-01  6.95430903e-01  6.75246829e-01  6.66122125e-01
   4.77692326e-01 -2.23051628e-01 -3.03585559e-01  5.89019121e-01
   1.71309948e-01  1.30066086e-01]
 [-5.20290431e-01  3.55786500e-01  4.67827556e-01 -4.14530081e-01
   5.24599518e-01  5.91108336e-01 -4.17956196e-01  3.94954704e-01
  -4.48045873e-01  4.67370884e-01  5.99449679e-02  2.54563810e-01
  -3.08769392e-01 -5.35614250e-01 -3.90310687e-01 -4.28633697e-01
  -3.47068240e-01 -5.62367038e-01 -4.34773062e-01 -3.67370860e-01
  -4.67934805e-01 -3.86008848e-01  3.33616979e-02 -4.20191003e-01
  -3.67571625e-01 -9.85117732e-01 -3.86261385e-01 -8.77846003e-01
   2.43611633e-01  4.88920691e-01  4.53403780e-01  6.86250385e-02
   5.08645001e-01 -3.29595736e-01 -3.44653399e-01 -3.83836195e-01
  -2.82808112e-01  4.49097675e-01  3.74330720e-01 -3.15045127e-01
  -5.58264384e-01 -5.02788257e-01]
 [-5.25710682e-01  3.78973363e-01  5.37020089e-01 -4.34915602e-01
   5.52223541e-01  6.15545824e-01 -4.25745317e-01  3.82570542e-01
  -4.78982681e-01  5.33456348e-01  4.86248900e-02  3.49830685e-01
  -2.98850683e-01 -4.94548610e-01 -4.12104804e-01 -3.53931529e-01
  -3.90033325e-01 -5.26037659e-01 -3.81436620e-01 -3.11896388e-01
  -5.08870064e-01 -3.86664617e-01  4.37852178e-04 -3.99744330e-01
  -3.88624390e-01 -9.91810706e-01 -3.36585286e-01 -7.97701090e-01
   3.42259872e-01  5.10489126e-01  4.59642401e-01  1.00734221e-01
   5.29428196e-01 -3.61079894e-01 -3.94844099e-01 -3.72380384e-01
  -3.04061392e-01  4.18774770e-01  3.80500221e-01 -3.20698177e-01
  -5.10474953e-01 -5.08251235e-01]
 [-3.88583289e-01  3.10770217e-01  3.30379887e-01 -3.26419950e-01
   2.78292413e-01  3.57265475e-01 -4.47550448e-01  3.16832733e-01
  -4.50499058e-01  2.90460837e-01  7.38808288e-02  2.93405954e-01
  -2.86999217e-01 -4.73883206e-01 -3.30311797e-01 -2.58142764e-01
  -3.56888800e-01 -3.49824158e-01 -3.34902200e-01 -3.02080026e-01
  -3.90293402e-01 -3.52054933e-01  1.48295747e-01 -3.86315737e-01
  -3.18808764e-01 -9.99027673e-01 -3.77085433e-01 -7.78699811e-01
   2.43453815e-01  2.68784768e-01  3.81885272e-01  1.51519123e-01
   2.61634857e-01 -3.54598674e-01 -3.52399080e-01 -3.43591073e-01
  -3.22188044e-01  3.36553039e-01  1.54854136e-01 -3.46444769e-01
  -5.13646344e-01 -4.43493389e-01]
 [ 1.46796603e-01  3.90478747e-01 -7.46929512e-02 -3.65939889e-01
  -8.21901844e-02 -8.01657809e-02 -3.59274408e-01 -1.04114011e-01
   1.10132816e-01 -7.72664077e-02  2.03296532e-01 -3.20415585e-02
   8.07497526e-03  1.61985797e-01 -3.01125610e-01 -8.06736305e-02
  -1.77339047e-01  1.13943011e-01 -3.48541480e-01 -2.28379753e-01
   7.56665401e-02 -2.93742769e-01  2.34813613e-01 -1.67904394e-01
  -1.56034330e-01  4.75125548e-01 -1.67967656e-01  4.78264041e-01
  -1.40787565e-01 -1.69248910e-01 -1.75205371e-01  2.92790546e-01
  -1.27445333e-01 -3.54959917e-01 -2.38592364e-01 -1.45186233e-01
  -1.37548096e-01 -1.91910276e-01 -9.75731673e-02 -2.91336349e-01
   2.31003225e-01  1.51448205e-01]
 [-4.42483416e-01  3.24298744e-01  3.23918649e-01 -3.68327849e-01
   3.32664342e-01  3.85410858e-01 -4.45067769e-01  3.49823304e-01
  -4.72690245e-01  3.86016732e-01  6.11029418e-02  3.02945073e-01
  -2.44816847e-01 -4.61524635e-01 -3.97342963e-01 -3.44397931e-01
  -3.68354526e-01 -4.39316641e-01 -3.83641734e-01 -2.86944177e-01
  -3.83433434e-01 -3.99540261e-01  1.49389677e-01 -3.52879526e-01
  -3.21986600e-01 -9.77061356e-01 -3.40934180e-01 -8.25244015e-01
   2.03324778e-01  4.31214862e-01  4.21922124e-01  6.97663300e-02
   3.69447535e-01 -3.69914667e-01 -3.54592795e-01 -3.59263042e-01
  -3.18036239e-01  3.79606342e-01  1.41482338e-01 -3.35114166e-01
  -5.10073522e-01 -4.58884395e-01]
 [ 9.79807768e-02 -5.77483861e-01 -1.12345101e-01  5.39707750e-01
  -1.59704410e-01 -1.33297520e-01  6.35051747e-01 -1.71807928e-01
   9.94586919e-02 -1.90382974e-01  2.11873949e-01 -3.58235201e-01
   4.00982763e-01  1.47259304e-01  5.28777646e-01  4.52083828e-01
   5.33228062e-01  1.36816433e-01  5.78038880e-01  5.53047108e-01
   1.58988164e-01  5.68890827e-01  2.37625498e-01  5.78206908e-01
   4.76034451e-01  2.90201334e-01  4.81996087e-01  2.08624080e-01
  -2.46503887e-01 -1.65749505e-01 -1.96965611e-01  2.04372976e-01
  -1.10000146e-01  4.87641335e-01  5.19126302e-01  5.14576081e-01
   4.41182574e-01 -1.74747795e-01 -2.64031430e-01  4.88765343e-01
   9.47149412e-02  1.20950812e-01]
 [ 1.81742675e-01 -7.02293819e-01 -1.74262992e-01  6.23097796e-01
  -8.51741768e-02 -1.82327428e-01  7.33246853e-01 -2.06579613e-01
   1.48706673e-01 -1.71164558e-01  2.75140715e-01 -3.33223159e-01
   4.65521639e-01  1.43090728e-01  6.58485009e-01  4.96254317e-01
   6.16160072e-01  1.64101227e-01  6.67992103e-01  6.50711073e-01
   1.13708209e-01  6.37943396e-01  2.30861109e-01  5.87706410e-01
   5.81715772e-01  3.86338733e-01  5.57555115e-01  2.59526011e-01
  -2.84289975e-01 -1.82120909e-01 -2.13746331e-01  2.38449714e-01
  -7.84578126e-02  6.55727103e-01  6.29297725e-01  6.46812082e-01
   4.98673781e-01 -2.09539340e-01 -3.02105156e-01  5.95345819e-01
   1.45469266e-01  1.64348929e-01]
 [ 5.29851003e-02 -6.56105899e-01 -1.29744552e-01  5.89539639e-01
  -1.87612681e-01 -1.36100371e-01  6.81520572e-01 -2.02491604e-01
   1.06812870e-01 -1.62549528e-01  2.04888882e-01 -3.02996286e-01
   3.89653106e-01  7.69142242e-02  5.59167604e-01  4.69068441e-01
   4.85810504e-01  8.48301659e-02  6.04438894e-01  6.05975003e-01
   1.59129694e-01  5.74579495e-01  2.61262595e-01  5.32122100e-01
   4.57348745e-01  2.61077200e-01  5.18875144e-01  1.14463247e-01
  -3.04073801e-01 -1.25154074e-01 -1.27286264e-01  2.12467290e-01
  -1.45228580e-01  5.33131896e-01  5.26433296e-01  5.29452352e-01
   4.63493933e-01 -1.48793550e-01 -2.52226064e-01  5.82676850e-01
   8.48794343e-02  7.93766202e-02]
 [-4.54754162e-01  3.17833732e-01  4.26469102e-01 -3.78380951e-01
   3.81121525e-01  4.70909705e-01 -4.40166806e-01  3.38952631e-01
  -4.57360821e-01  4.27887233e-01  8.05626588e-02  2.44635470e-01
  -2.95598556e-01 -5.06613959e-01 -3.99282358e-01 -4.57281998e-01
  -3.66375172e-01 -5.42797491e-01 -3.38064650e-01 -2.91703559e-01
  -4.26589780e-01 -4.05787961e-01  1.04935099e-01 -4.08984506e-01
  -3.34637792e-01 -9.80464412e-01 -3.33147438e-01 -7.78124195e-01
   2.54137348e-01  4.51318289e-01  4.20312225e-01  3.84338863e-02
   3.95030896e-01 -3.53832092e-01 -3.49045078e-01 -3.93475950e-01
  -2.95244523e-01  4.94449119e-01  3.71072343e-01 -3.86759007e-01
  -5.51145102e-01 -4.07757053e-01]
 [ 6.10145423e-02 -6.37187803e-01 -1.35649430e-01  5.79585394e-01
  -1.13421877e-01 -1.53861733e-01  7.15134094e-01 -1.72089200e-01
   1.39728297e-01 -1.69409819e-01  2.44881430e-01 -3.93457547e-01
   4.39385512e-01  1.19648631e-01  5.61703421e-01  5.31576221e-01
   5.88007927e-01  8.02013432e-02  6.28112523e-01  6.47398814e-01
   1.21171191e-01  6.35078402e-01  2.17930999e-01  5.88189380e-01
   5.00732265e-01  2.26976854e-01  5.29830805e-01  7.73682392e-02
  -2.66820625e-01 -1.56043733e-01 -1.84594423e-01  2.02932610e-01
  -1.82417807e-01  6.05816060e-01  6.03725684e-01  5.95587318e-01
   5.10400744e-01 -1.62336768e-01 -2.50624544e-01  6.19899706e-01
   1.25046428e-01  1.35579929e-01]
 [-3.82936446e-01  2.95331353e-01  2.83654270e-01 -3.48659120e-01
   3.53548567e-01  3.31956964e-01 -4.53375185e-01  2.96891410e-01
  -4.25687484e-01  3.43283624e-01  6.88377322e-02  2.25483725e-01
  -2.64460138e-01 -4.39069830e-01 -3.89471867e-01 -2.93139280e-01
  -3.26567536e-01 -3.11988008e-01 -3.45990444e-01 -2.95653743e-01
  -3.73225853e-01 -3.83704135e-01  1.00444273e-01 -2.98161689e-01
  -3.51641140e-01 -9.83337852e-01 -3.53635105e-01 -7.97007607e-01
   2.35426621e-01  2.67147175e-01  3.99634620e-01  1.10645505e-01
   3.10388685e-01 -2.99921447e-01 -3.73920545e-01 -3.75769735e-01
  -3.15704705e-01  3.85380344e-01  1.23906920e-01 -3.38720998e-01
  -5.06297333e-01 -4.36667777e-01]
 [ 1.91410604e-01  1.40206903e-01 -8.88094346e-02 -1.49386562e-01
  -7.62431351e-02 -1.50965787e-01 -1.29373227e-01 -1.21445396e-01
   1.64553309e-01 -1.24106126e-01  2.21342427e-01 -2.15383560e-01
   5.54039073e-02  2.35647150e-01 -8.79998557e-02  7.33752872e-02
  -1.03281900e-01  1.15977631e-01 -1.43916914e-01 -1.43298212e-01
   1.74409941e-01 -1.87641437e-01  2.15304793e-01 -1.67692350e-02
  -2.47322118e-02  4.88450958e-01 -2.20890859e-02  6.97097812e-01
  -1.73605732e-01 -1.59516649e-01 -1.80501193e-01  2.58442860e-01
  -1.07049978e-01 -2.09237075e-01 -5.55650049e-02  3.11636327e-03
   6.53373366e-02 -1.88616327e-01 -2.09124193e-01 -1.35357376e-01
   2.68404200e-01  1.83700802e-01]
 [-4.80422345e-01  3.77375325e-01  4.62046118e-01 -3.34706363e-01
   5.43189846e-01  5.54018856e-01 -4.75029610e-01  3.92558192e-01
  -4.89590106e-01  4.18555175e-01  9.90674234e-02  2.95651646e-01
  -3.05416339e-01 -4.76409480e-01 -3.63597490e-01 -4.37137956e-01
  -3.46959420e-01 -5.46230475e-01 -4.16372717e-01 -3.31155404e-01
  -5.31395268e-01 -3.64340480e-01  9.00981635e-02 -3.47804160e-01
  -3.74978278e-01 -1.03212967e+00 -3.61721535e-01 -8.46788376e-01
   2.47761790e-01  4.68339681e-01  5.01486546e-01  8.88953716e-02
   4.72526828e-01 -3.62599440e-01 -3.75187040e-01 -3.91293251e-01
  -3.43218728e-01  4.11026429e-01  3.36379944e-01 -3.07905235e-01
  -4.89295090e-01 -4.61107443e-01]
 [ 1.13969926e-01 -4.88666740e-01 -8.53221436e-02  4.14696415e-01
  -1.36021144e-01 -1.35903781e-01  6.70732475e-01 -1.55120338e-01
   9.98248271e-02 -1.09038310e-01  2.19540368e-01 -3.46013528e-01
   3.42528058e-01  1.29183364e-01  4.33006500e-01  4.37013297e-01
   4.14848632e-01  1.22717085e-01  4.50472374e-01  4.47212676e-01
   9.17765642e-02  5.35003036e-01  2.64487980e-01  5.28528222e-01
   3.97754442e-01  2.89318679e-01  4.90235525e-01  2.35134174e-01
  -2.33554356e-01 -1.52903183e-01 -1.88509664e-01  1.97035281e-01
  -1.65870628e-01  3.97545770e-01  4.28628404e-01  4.14735219e-01
   4.15342802e-01 -1.52396634e-01 -2.85292484e-01  4.85738486e-01
   1.35734195e-01  1.37412498e-01]
 [-4.49863593e-01  3.34582961e-01  3.52577567e-01 -4.12008225e-01
   3.83243589e-01  4.08766102e-01 -4.20379597e-01  3.61250679e-01
  -4.38372002e-01  4.23028095e-01  5.76924631e-02  2.34457858e-01
  -2.94903056e-01 -5.09789999e-01 -3.90261233e-01 -4.19634515e-01
  -3.36431081e-01 -5.04572452e-01 -3.96771792e-01 -3.62577690e-01
  -4.06533181e-01 -4.37071655e-01  5.49023591e-02 -3.51543802e-01
  -4.02745460e-01 -1.04112741e+00 -3.21198359e-01 -7.86072078e-01
   2.74847157e-01  3.98467075e-01  3.84914388e-01  5.95431746e-02
   3.73524644e-01 -3.25681855e-01 -3.40460886e-01 -4.00927491e-01
  -3.30296826e-01  4.56828796e-01  2.31477880e-01 -2.96569207e-01
  -5.35414777e-01 -3.89649745e-01]
 [ 1.14108542e-01 -7.44159140e-01 -2.03300833e-01  6.80522147e-01
  -2.38571600e-01 -2.23074666e-01  7.22568094e-01 -2.72097238e-01
   6.18687349e-02 -2.02034561e-01  2.48954770e-01 -3.73773273e-01
   4.33941145e-01  7.89955161e-02  6.57373562e-01  4.92527714e-01
   6.06696790e-01  8.97260770e-02  6.53564939e-01  6.57619589e-01
   1.29637874e-01  6.83902934e-01  2.12304077e-01  6.14024369e-01
   5.23347069e-01  2.62030795e-01  5.42753255e-01  9.74099712e-02
  -2.87883289e-01 -1.69602535e-01 -1.98149780e-01  1.85816299e-01
  -1.69254919e-01  6.96361518e-01  6.09277874e-01  6.10893167e-01
   5.25462858e-01 -1.62562015e-01 -3.17559893e-01  6.34357691e-01
   5.69498747e-02  1.43188972e-01]
 [ 8.45336199e-02 -6.29438510e-01 -1.80136234e-01  5.95927436e-01
  -1.29913153e-01 -1.49149929e-01  7.19102445e-01 -1.67367631e-01
   9.26807285e-02 -1.82860739e-01  2.73586743e-01 -3.87776667e-01
   3.78243636e-01  1.52280732e-01  6.08101871e-01  4.89536838e-01
   5.31607884e-01  5.98701732e-02  6.07444811e-01  5.79695932e-01
   1.39457697e-01  5.61581347e-01  2.44228900e-01  5.53904772e-01
   4.93052237e-01  2.68035682e-01  5.12002567e-01  7.47322465e-02
  -2.25901523e-01 -1.18885184e-01 -1.67510863e-01  2.20664292e-01
  -1.48824372e-01  5.45787090e-01  5.45591437e-01  5.55820420e-01
   4.66919396e-01 -1.91167920e-01 -2.62091961e-01  6.05543844e-01
   1.16090773e-01  1.36269265e-01]
 [ 1.66202262e-01 -5.46616924e-01 -1.37271406e-01  5.14462577e-01
  -1.45446419e-01 -1.58879021e-01  6.83706041e-01 -2.23880584e-01
   1.15775590e-01 -1.27326445e-01  2.28233300e-01 -4.02225687e-01
   4.00982873e-01  2.03945692e-01  5.62505067e-01  5.10128274e-01
   5.16068801e-01  7.70456189e-02  5.77080020e-01  6.00673709e-01
   1.55137331e-01  6.23967468e-01  2.65628469e-01  5.55482371e-01
   4.68080101e-01  3.98144106e-01  4.98156712e-01  2.15225808e-01
  -2.98089601e-01 -2.07298361e-01 -1.73498818e-01  2.02603634e-01
  -1.52235736e-01  5.15798560e-01  5.35291850e-01  5.88579161e-01
   4.28339478e-01 -1.68012066e-01 -2.52848536e-01  4.96247923e-01
   1.27324969e-01  1.96178517e-01]
 [ 1.47054238e-01 -6.01380192e-01 -1.91778011e-01  5.05907920e-01
  -1.57861441e-01 -2.09603507e-01  6.60050854e-01 -1.59808016e-01
   1.35265341e-01 -1.79575373e-01  2.40330221e-01 -3.51399013e-01
   3.77441331e-01  1.11238192e-01  5.41718808e-01  4.38650905e-01
   4.90389207e-01  8.60286671e-02  5.58848088e-01  5.56798846e-01
   1.79492624e-01  6.20147674e-01  2.45498160e-01  5.56740383e-01
   4.80589960e-01  3.75380650e-01  5.78278441e-01  2.55706936e-01
  -2.85139795e-01 -1.72252488e-01 -1.42264886e-01  2.25122260e-01
  -1.90908449e-01  5.63128235e-01  6.13098836e-01  5.43753087e-01
   4.07360922e-01 -2.36451802e-01 -2.91202878e-01  5.46980599e-01
   1.41320923e-01  1.60985704e-01]
 [ 1.74257670e-01 -4.16162732e-01 -1.04375754e-01  3.90313418e-01
  -1.38176689e-01 -1.06995768e-01  5.70591853e-01 -1.57119884e-01
   1.49423292e-01 -9.84631061e-02  2.33418404e-01 -3.35854082e-01
   3.09707317e-01  1.57944873e-01  3.96672280e-01  3.96691099e-01
   3.07233997e-01  1.14857689e-01  3.76897913e-01  2.91424422e-01
   9.97167383e-02  4.36653071e-01  2.40669276e-01  4.74190016e-01
   3.65723488e-01  4.14168883e-01  3.88420350e-01  3.38624350e-01
  -2.93106457e-01 -1.35183121e-01 -1.90698028e-01  2.57176799e-01
  -1.40001469e-01  2.49281042e-01  3.93349466e-01  3.79634267e-01
   4.30538332e-01 -1.55906705e-01 -2.78057488e-01  3.89813840e-01
   1.98239024e-01  1.92152704e-01]
 [-4.16191226e-01  3.08614580e-01  1.73892732e-01 -3.04981429e-01
   2.42695623e-01  2.19696757e-01 -4.37539193e-01  1.97474027e-01
  -3.06502186e-01  1.70284976e-01  9.73393688e-02  2.45489534e-01
  -2.59254718e-01 -4.39020676e-01 -3.79243875e-01 -2.26280635e-01
  -3.70050755e-01 -2.80283765e-01 -3.83856975e-01 -3.49073643e-01
  -2.42361818e-01 -3.51530178e-01  1.12556542e-01 -3.47605962e-01
  -2.12970835e-01 -9.26300833e-01 -3.13467707e-01 -7.51269163e-01
   1.77854343e-01  1.03903755e-01  2.31150578e-01  1.01763273e-01
   2.09256705e-01 -3.49739942e-01 -3.60118665e-01 -3.36498710e-01
  -3.19041022e-01  2.49690549e-01  7.84583637e-02 -3.15515106e-01
  -4.23446993e-01 -3.43509124e-01]
 [-4.84049078e-01  3.88216926e-01  4.80492112e-01 -4.23775555e-01
   4.53863743e-01  4.86067159e-01 -4.53656152e-01  4.10178567e-01
  -4.58911375e-01  4.46070789e-01  1.09359820e-01  3.41289724e-01
  -3.29328715e-01 -5.07984900e-01 -3.52945349e-01 -4.59122611e-01
  -3.23038042e-01 -5.89988677e-01 -4.00816496e-01 -3.37354786e-01
  -5.00323691e-01 -4.43276181e-01  9.03411640e-02 -3.70369029e-01
  -3.56562692e-01 -1.02564031e+00 -3.45239794e-01 -7.94200264e-01
   2.65298204e-01  4.51126478e-01  4.90446073e-01  1.13590573e-01
   4.21819519e-01 -3.61666595e-01 -4.20581273e-01 -4.30673893e-01
  -3.39997935e-01  4.23404830e-01  4.07613807e-01 -3.76239916e-01
  -5.12508275e-01 -4.74470007e-01]
 [ 1.05160736e-01 -7.04134002e-01 -1.70078134e-01  6.61512784e-01
  -2.10078963e-01 -1.65130195e-01  7.64892658e-01 -1.67530696e-01
   1.24480718e-01 -2.24977387e-01  2.45878739e-01 -3.29854128e-01
   3.89170824e-01  9.08248758e-02  5.56956759e-01  4.96465245e-01
   5.30952882e-01  7.06978321e-02  6.59404156e-01  5.70100312e-01
   1.44612242e-01  6.83627256e-01  2.01569692e-01  5.29454105e-01
   5.36645869e-01  2.86269291e-01  4.95026077e-01  1.13046592e-01
  -2.88335807e-01 -1.72979671e-01 -1.61361877e-01  2.00038064e-01
  -1.61459218e-01  6.17476181e-01  6.40294776e-01  6.07997949e-01
   4.72071047e-01 -2.01402529e-01 -3.06992079e-01  6.16292041e-01
   6.09467510e-02  8.07629792e-02]
 [ 1.30660286e-01 -6.90479052e-01 -1.36050491e-01  6.52550515e-01
  -2.04066871e-01 -2.37202424e-01  6.88828969e-01 -2.09923303e-01
   1.69248016e-01 -2.31577052e-01  2.23744468e-01 -3.86146141e-01
   4.46908563e-01  6.86651865e-02  6.00982488e-01  5.27328157e-01
   5.69560314e-01  1.38239052e-01  6.35412356e-01  6.33805807e-01
   1.55375171e-01  5.96594129e-01  2.31692085e-01  5.56604527e-01
   4.80879390e-01  2.22358482e-01  5.59722606e-01  6.26364493e-02
  -2.49336826e-01 -1.51360306e-01 -1.44876674e-01  1.25251191e-01
  -2.39233250e-01  6.26550973e-01  5.84778401e-01  5.62303746e-01
   4.24293094e-01 -1.86558343e-01 -2.65068393e-01  5.67176188e-01
   1.43941165e-01  1.52445322e-01]
 [-4.20572309e-01  2.98722605e-01  1.97621800e-01 -3.89640840e-01
   2.37083810e-01  2.60048317e-01 -4.42155585e-01  2.18903389e-01
  -3.69617926e-01  2.31900339e-01  9.18594137e-02  2.13035113e-01
  -2.26256029e-01 -4.67343255e-01 -3.37739809e-01 -1.83141383e-01
  -3.29140229e-01 -2.46930608e-01 -3.27675709e-01 -3.42694161e-01
  -2.93166948e-01 -3.40759501e-01  1.90112395e-01 -3.21545555e-01
  -2.88417287e-01 -9.56880860e-01 -3.28024152e-01 -8.04806966e-01
   1.74764677e-01  1.77429367e-01  2.56668862e-01  9.33210539e-02
   2.72155390e-01 -3.19869615e-01 -3.14318266e-01 -3.14237289e-01
  -2.38376439e-01  3.19223868e-01  1.40798995e-01 -2.70191286e-01
  -5.11218122e-01 -4.35584179e-01]
 [-4.43511203e-01  3.27049461e-01  3.15626794e-01 -3.31591706e-01
   2.65336330e-01  3.59027421e-01 -4.47248992e-01  2.81762999e-01
  -4.38085609e-01  3.56316894e-01  1.07272754e-01  2.34447941e-01
  -2.64742078e-01 -5.01051747e-01 -3.64609608e-01 -2.60610040e-01
  -2.86968500e-01 -3.67151322e-01 -3.65029772e-01 -3.64758549e-01
  -4.08096894e-01 -3.74393589e-01  1.29186676e-01 -3.21885949e-01
  -2.69439471e-01 -9.92899358e-01 -3.60852615e-01 -8.35356610e-01
   1.87907562e-01  3.03758055e-01  4.43547403e-01  1.51546547e-01
   3.52847544e-01 -2.84428953e-01 -3.24744169e-01 -3.08883485e-01
  -3.24459915e-01  3.86729456e-01  1.82579903e-01 -3.18312436e-01
  -5.36322491e-01 -4.37077784e-01]
 [ 2.11631910e-01 -4.49578940e-01 -1.73630553e-01  4.43683274e-01
  -9.57902280e-02 -1.82013387e-01  7.20852952e-01 -2.25324813e-01
   1.85306323e-01 -1.40011229e-01  2.57232520e-01 -3.43303429e-01
   4.36088230e-01  2.11798066e-01  4.37264075e-01  5.42311043e-01
   4.34302623e-01  1.94071191e-01  4.66818245e-01  3.79257443e-01
   2.01968474e-01  4.71203732e-01  2.98107333e-01  4.52231857e-01
   5.37392879e-01  4.28721641e-01  4.80283933e-01  5.18634819e-01
  -3.37340630e-01 -1.99677945e-01 -1.48635674e-01  2.65752795e-01
  -9.70580239e-02  3.41853738e-01  5.30793448e-01  4.79459371e-01
   5.14428154e-01 -2.38984852e-01 -2.75307263e-01  4.46661893e-01
   2.66612153e-01  2.17912967e-01]
 [ 6.66369299e-02 -6.73401762e-01 -2.26993806e-01  6.26616381e-01
  -2.26479551e-01 -1.95635556e-01  6.97706975e-01 -2.25175521e-01
   1.29486930e-01 -2.50139500e-01  2.18794186e-01 -3.06682330e-01
   3.89165387e-01  1.59177179e-01  6.35891285e-01  4.51211033e-01
   5.10846578e-01  1.52001589e-01  6.35225391e-01  5.74226011e-01
   1.66341400e-01  5.67128422e-01  2.08850097e-01  5.68169505e-01
   5.06833607e-01  2.46249795e-01  5.07442846e-01  1.43848961e-01
  -2.46037308e-01 -2.11448140e-01 -1.23386049e-01  1.82065627e-01
  -1.93201603e-01  6.38865775e-01  5.38746680e-01  6.20234945e-01
   4.13576280e-01 -1.67891292e-01 -2.58371851e-01  5.52420414e-01
   9.88332211e-02  1.06336213e-01]
 [ 1.01901587e-01 -7.48585362e-01 -1.89979339e-01  6.10536459e-01
  -2.08624522e-01 -1.80623507e-01  7.74736309e-01 -1.99719852e-01
   1.36624506e-01 -1.66012860e-01  2.54060378e-01 -3.83797150e-01
   4.37513634e-01  1.41209145e-01  5.78571184e-01  5.59588539e-01
   5.50527665e-01  1.43798884e-01  6.53809796e-01  6.36047127e-01
   1.30455575e-01  6.65972346e-01  1.93607202e-01  5.97821172e-01
   5.75069313e-01  1.89233713e-01  5.53501284e-01  2.09592208e-02
  -2.74712705e-01 -1.56377949e-01 -1.50403323e-01  1.84527299e-01
  -1.63090700e-01  6.55930388e-01  6.26477092e-01  6.39232879e-01
   4.51710842e-01 -1.65797852e-01 -3.18162281e-01  6.43823650e-01
   8.82822963e-02  1.01279745e-01]
 [ 9.08295280e-02 -4.80421479e-01 -1.15822400e-01  4.36082271e-01
  -1.82152713e-01 -1.26719505e-01  6.61947940e-01 -1.61182749e-01
   1.14861907e-01 -1.61767013e-01  2.50558135e-01 -3.32681331e-01
   3.53903798e-01  1.42206777e-01  4.45947311e-01  4.73424661e-01
   4.22401892e-01  9.07081433e-02  5.10395305e-01  4.89184002e-01
   9.55378185e-02  4.85228691e-01  2.00019537e-01  4.77729216e-01
   4.55799176e-01  3.83957291e-01  4.12904639e-01  2.59785548e-01
  -2.85109342e-01 -1.71495131e-01 -1.24221251e-01  2.25817856e-01
  -1.53726563e-01  4.34593680e-01  5.05008824e-01  4.86337332e-01
   4.23043869e-01 -1.82119439e-01 -2.79456871e-01  4.55507965e-01
   1.42157948e-01  1.35019457e-01]
 [-3.74827313e-01  3.46728323e-01  2.06131942e-01 -3.16094997e-01
   2.66380742e-01  2.79102121e-01 -4.44666852e-01  2.68074164e-01
  -4.25233054e-01  2.43750247e-01  1.74344152e-01  2.11098661e-01
  -2.29284329e-01 -4.72414808e-01 -3.61749206e-01 -2.47548462e-01
  -3.17345258e-01 -2.54579601e-01 -3.46550967e-01 -3.58410828e-01
  -3.33467324e-01 -3.74037304e-01  1.72904824e-01 -3.95265682e-01
  -2.69594336e-01 -9.38314007e-01 -3.06244824e-01 -7.53774735e-01
   1.53382644e-01  2.19221816e-01  2.81373559e-01  1.62018313e-01
   2.99834262e-01 -2.91864403e-01 -3.12005258e-01 -3.23225828e-01
  -2.58654548e-01  3.52380804e-01  1.47423916e-01 -2.92378144e-01
  -5.14835556e-01 -3.68580981e-01]
 [-5.25145546e-01  4.25571893e-01  4.63110442e-01 -4.30723816e-01
   5.78908235e-01  5.67580441e-01 -4.05175146e-01  4.35045310e-01
  -5.38210694e-01  5.22607188e-01  5.15722528e-02  3.16973134e-01
  -2.71373986e-01 -5.15644390e-01 -4.12884289e-01 -4.08360696e-01
  -2.98124910e-01 -5.87187547e-01 -4.00554535e-01 -3.15732679e-01
  -5.43751210e-01 -3.91879294e-01  4.14413214e-02 -3.69420669e-01
  -3.50905485e-01 -1.01693061e+00 -3.69242322e-01 -8.11719687e-01
   2.77357567e-01  5.17085934e-01  4.66619386e-01  2.84898402e-02
   5.39287029e-01 -3.42928064e-01 -4.27607844e-01 -4.22268846e-01
  -2.83574470e-01  4.98719348e-01  4.21210144e-01 -3.57412692e-01
  -5.39736527e-01 -4.90918098e-01]
 [-4.50924037e-01  3.36909120e-01  3.95485933e-01 -3.28770204e-01
   3.75309263e-01  3.35436079e-01 -3.77711543e-01  3.45904235e-01
  -3.99413812e-01  4.01028758e-01  9.40215183e-02  3.06679100e-01
  -2.18547203e-01 -5.31812360e-01 -3.26083849e-01 -4.28666251e-01
  -2.90797712e-01 -4.83752687e-01 -3.55373242e-01 -3.66564294e-01
  -4.15468033e-01 -3.93684690e-01  1.27136836e-01 -3.45470196e-01
  -3.97437391e-01 -9.60778852e-01 -3.47058957e-01 -8.56038899e-01
   2.07595143e-01  3.99701261e-01  4.42202146e-01  5.74215308e-02
   3.64803747e-01 -3.86943585e-01 -3.29019462e-01 -3.74602984e-01
  -2.92869168e-01  3.87876856e-01  1.89221099e-01 -2.80278814e-01
  -4.78065864e-01 -4.47456643e-01]
 [ 1.68518597e-01 -6.57306192e-01 -2.25962190e-01  6.72181733e-01
  -2.44642913e-01 -1.61189690e-01  6.66774063e-01 -2.19979807e-01
   1.73248947e-01 -2.06875216e-01  3.01575798e-01 -3.74453349e-01
   3.78672948e-01  1.82800182e-01  6.57961771e-01  4.47061586e-01
   5.86198618e-01  8.60653336e-02  5.94897856e-01  6.06294898e-01
   1.24261483e-01  6.37040730e-01  2.63102485e-01  5.94906809e-01
   5.36154145e-01  3.03795387e-01  6.07288241e-01  2.23102669e-01
  -2.51741842e-01 -2.23781524e-01 -1.66036589e-01  2.36993421e-01
  -1.71540771e-01  6.31106228e-01  6.02615358e-01  6.31632754e-01
   4.31931940e-01 -2.15303764e-01 -3.31582549e-01  5.78063776e-01
   1.94804972e-01  1.57216873e-01]
 [ 1.43469732e-01 -1.19692329e-01 -1.23959224e-01  1.16381285e-01
  -1.06737241e-01 -1.21793511e-01  3.78472413e-01 -1.04279646e-01
   1.46048024e-01 -1.12163712e-01  2.45850475e-01 -3.34088633e-01
   2.89510889e-01  1.75946688e-01  1.80023117e-01  3.43520128e-01
   1.67553996e-01  1.03553651e-01  1.51134505e-01  1.60614685e-01
   1.59223133e-01  1.72413527e-01  1.85570803e-01  2.83504936e-01
   2.68398445e-01  4.32063149e-01  2.57369765e-01  4.18973499e-01
  -2.13785630e-01 -1.63527193e-01 -1.70183993e-01  1.88946904e-01
  -1.36645785e-01  5.13414633e-02  2.66002081e-01  2.47475554e-01
   2.71621058e-01 -1.59286646e-01 -2.77428636e-01  1.86682365e-01
   2.07887182e-01  1.20210824e-01]
 [ 1.08459004e-01 -6.02993959e-01 -9.06165510e-02  5.76874782e-01
  -1.45086157e-01 -1.74720691e-01  6.57175256e-01 -1.22027104e-01
   1.25277308e-01 -1.16856964e-01  2.58570783e-01 -3.19735076e-01
   4.40690014e-01  1.04204529e-01  6.10111482e-01  4.55279899e-01
   5.03351334e-01  1.19383487e-01  6.13663379e-01  6.22322283e-01
   9.78742032e-02  6.07830071e-01  2.65804916e-01  5.58565937e-01
   4.63403132e-01  2.25922441e-01  5.35259893e-01  7.53772062e-02
  -2.41945833e-01 -1.77532790e-01 -1.48789369e-01  2.28903533e-01
  -1.62012019e-01  5.16281325e-01  6.11397376e-01  6.10957971e-01
   4.96468570e-01 -1.82759432e-01 -3.04241935e-01  5.31345198e-01
   9.16390799e-02  1.18367169e-01]
 [ 1.19753975e-01 -7.00557031e-01 -2.30851451e-01  6.42341051e-01
  -2.24995902e-01 -2.10368298e-01  6.62687398e-01 -2.67346128e-01
   1.71419989e-01 -2.36027263e-01  2.63265682e-01 -3.39954329e-01
   3.67790196e-01  1.63071552e-01  5.71158052e-01  5.17362072e-01
   5.78412070e-01  1.22562496e-01  5.96291509e-01  5.71869824e-01
   1.38922773e-01  6.84014822e-01  1.99592997e-01  5.38488923e-01
   4.78940549e-01  3.30621669e-01  5.35232563e-01  1.58272584e-01
  -2.54060613e-01 -1.37053681e-01 -1.20095947e-01  1.77137857e-01
  -2.38615710e-01  6.61496557e-01  6.52665015e-01  6.36366243e-01
   4.38740617e-01 -1.47530159e-01 -2.64823512e-01  5.43798580e-01
   1.53716522e-01  1.56517424e-01]
 [-4.66451895e-01  3.46108537e-01  4.43277159e-01 -3.81397440e-01
   5.00075764e-01  5.40610960e-01 -4.34364676e-01  4.22422582e-01
  -5.15253796e-01  4.65561260e-01  2.47058168e-02  2.68284899e-01
  -3.35975560e-01 -5.62637207e-01 -3.86369992e-01 -4.50591084e-01
  -3.70449701e-01 -5.22062761e-01 -3.50779600e-01 -2.97824898e-01
  -4.42565897e-01 -3.88143098e-01  5.36211844e-02 -3.29484088e-01
  -3.43394950e-01 -9.96467826e-01 -3.06687403e-01 -7.88533489e-01
   2.50913254e-01  4.46087995e-01  4.73800923e-01  5.44429697e-02
   4.89290164e-01 -3.67448771e-01 -4.15982140e-01 -3.56720472e-01
  -3.62546784e-01  4.32465932e-01  3.72867091e-01 -3.66357051e-01
  -5.02458696e-01 -4.74941690e-01]
 [-5.41203804e-01  3.78267258e-01  4.69150038e-01 -3.46749398e-01
   5.26452567e-01  5.31447508e-01 -3.85525452e-01  4.05759971e-01
  -4.62064123e-01  5.10970768e-01  1.12586260e-01  2.64957301e-01
  -2.85252566e-01 -5.28347240e-01 -3.85419966e-01 -3.57751603e-01
  -3.34616485e-01 -5.49768632e-01 -4.02646964e-01 -3.85664949e-01
  -4.77411949e-01 -3.83781689e-01  3.88991234e-02 -3.69798169e-01
  -3.67564735e-01 -1.06390802e+00 -3.32984896e-01 -7.90774333e-01
   2.47805538e-01  4.85329730e-01  5.02488885e-01  5.57003366e-02
   4.74769823e-01 -3.63125449e-01 -3.86280372e-01 -3.99620418e-01
  -2.71937693e-01  4.79994091e-01  3.47739966e-01 -3.54704393e-01
  -5.25685514e-01 -4.71852993e-01]
 [ 1.17675105e-01 -6.06640660e-01 -1.24260743e-01  6.14749143e-01
  -1.51426798e-01 -2.09100905e-01  7.01568827e-01 -2.39398964e-01
   1.79522682e-01 -1.55332993e-01  2.35348814e-01 -4.04140266e-01
   3.73966436e-01  1.69335900e-01  5.56077534e-01  4.50834795e-01
   5.04103506e-01  8.85976354e-02  6.21684128e-01  6.02949522e-01
   8.76505019e-02  5.83975046e-01  2.05686716e-01  5.71637738e-01
   4.96342512e-01  3.57406627e-01  4.90720373e-01  2.18423965e-01
  -2.88008622e-01 -1.87195529e-01 -1.53762692e-01  2.26457950e-01
  -1.68310699e-01  5.45187078e-01  5.85990190e-01  6.06811242e-01
   4.85513575e-01 -1.93180082e-01 -3.24076640e-01  5.84308537e-01
   1.09995648e-01  1.88182330e-01]
 [-4.18535910e-01  2.89942497e-01  3.48395964e-01 -3.18894666e-01
   3.13893284e-01  3.86020390e-01 -3.70077323e-01  3.07900739e-01
  -4.08616530e-01  3.48859235e-01  1.37802982e-01  2.71342728e-01
  -2.85537135e-01 -5.09543475e-01 -4.07198774e-01 -2.93613802e-01
  -3.44130104e-01 -4.78519979e-01 -4.14230725e-01 -2.93196472e-01
  -3.73770828e-01 -4.00853930e-01  1.17635039e-01 -3.95613657e-01
  -2.92140856e-01 -1.01871699e+00 -3.89493723e-01 -8.25214420e-01
   1.84497892e-01  3.71305837e-01  4.17375950e-01  1.18893138e-01
   3.47895509e-01 -3.41319999e-01 -3.09314028e-01 -3.73325073e-01
  -2.65428947e-01  4.63050179e-01  2.07357338e-01 -3.51969718e-01
  -4.87495211e-01 -4.53951537e-01]
 [ 1.18216294e-01 -6.32719749e-01 -9.07522812e-02  6.28938418e-01
  -1.32267921e-01 -1.51165855e-01  7.07028450e-01 -1.60360819e-01
   8.98455024e-02 -1.49291730e-01  2.85193635e-01 -3.76940108e-01
   4.29537097e-01  1.20114604e-01  6.02532352e-01  5.48661149e-01
   5.29487353e-01  1.31229824e-01  6.31061542e-01  5.73000750e-01
   1.36663080e-01  6.68505975e-01  2.59596383e-01  5.70870038e-01
   5.54861496e-01  2.60779091e-01  5.68723301e-01  1.87755604e-01
  -2.57542522e-01 -1.93356407e-01 -2.01230400e-01  1.98163247e-01
  -1.25177724e-01  6.09226983e-01  6.47192948e-01  5.76022904e-01
   4.33189772e-01 -2.12847912e-01 -3.08415018e-01  5.35907548e-01
   1.09780158e-01  1.72306703e-01]
 [ 1.18149221e-01 -4.65396162e-01 -1.69220044e-01  5.29035467e-01
  -1.12262177e-01 -1.33481859e-01  6.88331742e-01 -2.29543943e-01
   1.93002887e-01 -1.33699123e-01  3.13302273e-01 -3.70825883e-01
   4.17100015e-01  1.84670360e-01  4.83415057e-01  5.47608672e-01
   4.97708819e-01  9.94716116e-02  5.61735753e-01  4.93367768e-01
   1.30848814e-01  5.89977539e-01  2.73547526e-01  5.74047388e-01
   5.09880526e-01  4.09391835e-01  5.63831922e-01  4.07601167e-01
  -2.50441736e-01 -2.42048868e-01 -2.14244262e-01  1.80037325e-01
  -1.47610913e-01  4.79778991e-01  5.78967046e-01  5.88612141e-01
   5.06348168e-01 -1.80158455e-01 -2.74669288e-01  4.87139636e-01
   2.14150502e-01  2.12373715e-01]
 [ 1.95636138e-01 -2.70027819e-02 -1.50863016e-01  3.81177302e-02
  -5.49996945e-02 -1.43568273e-01  2.12530992e-01 -1.97701526e-01
   2.52732707e-01 -1.35597811e-01  1.86867946e-01 -3.11469913e-01
   1.94832661e-01  2.42402188e-01  4.51529090e-02  1.90455235e-01
   6.62718462e-02  1.19925486e-01 -1.97051319e-03  2.96909006e-02
   1.71376164e-01  3.44618433e-03  1.79779447e-01  7.99633502e-02
   1.36958944e-01  4.93140383e-01  1.52897165e-01  6.61942821e-01
  -2.61297134e-01 -2.29468422e-01 -1.44274972e-01  1.98355413e-01
  -1.60087255e-01 -1.51254556e-02  1.37005868e-01  1.52614625e-01
   2.31169567e-01 -2.01183942e-01 -1.92140041e-01  6.76705614e-02
   3.27048491e-01  2.32959256e-01]
 [-4.84032399e-01  3.68198345e-01  4.51059894e-01 -4.10870294e-01
   4.15709613e-01  4.72436911e-01 -3.81900682e-01  3.70826098e-01
  -5.21970579e-01  4.75523014e-01  9.08204277e-02  3.21403247e-01
  -2.42432949e-01 -4.85390134e-01 -3.55190428e-01 -3.79895797e-01
  -3.15597204e-01 -5.14513006e-01 -3.35022339e-01 -3.33187884e-01
  -4.58799897e-01 -3.60628167e-01  4.90898803e-02 -3.42644032e-01
  -3.90037620e-01 -9.75431814e-01 -3.75429200e-01 -8.32277458e-01
   3.12558370e-01  4.67682935e-01  4.32709185e-01  4.52101531e-02
   4.25326428e-01 -3.56322103e-01 -4.17680561e-01 -3.92372278e-01
  -3.15862222e-01  4.06710834e-01  3.43389492e-01 -3.91027566e-01
  -5.72499088e-01 -4.71683320e-01]]