[[ 8.89181733e-01 -5.70037164e-01 -7.46877269e-01 -2.09144767e+00]
 [-1.18826713e+00  1.87628100e+00  1.69449296e+00 -3.09961422e+00]
 [-1.12294799e+00  8.26746493e-01  8.33277263e-01 -4.86268058e-02]
 [-8.96149317e-02 -7.47349881e-01 -7.85132326e-01  8.62788324e-01]
 [-1.16743178e+00  9.14767796e-01  8.83380625e-01 -1.44239244e-02]
 [-1.01577766e+00  6.28083625e-01  9.06060234e-01  3.14957622e-02]
 [-9.71107726e-02 -6.87876301e-01 -5.70993825e-01  8.29109796e-01]
 [-9.47082910e-01  8.09550222e-01  7.53699451e-01 -9.03806962e-02]
 [ 9.38700073e-01 -5.62926906e-01 -6.32308529e-01 -1.99995166e+00]
 [-1.11319626e+00  8.27048088e-01  7.73841343e-01  2.24072754e-03]
 [-1.78957149e-02 -2.38852759e-01 -2.91302326e-01 -2.19242018e+00]
 [-5.67392878e-01  9.25747337e-01  9.59020971e-01 -4.27155288e-01]
 [ 2.18169131e-01 -1.42394056e+00 -2.15408648e+00  1.17294623e+00]
 [ 9.58222570e-01 -5.67595824e-01 -6.53855879e-01 -2.62106693e+00]
 [-9.44757321e-02 -7.95555046e-01 -7.78006318e-01  8.41086996e-01]
 [-4.29030068e-02 -1.09917557e+00 -1.22241199e+00  1.14461984e+00]
 [-4.48684378e-01 -1.67486880e+00 -1.20904296e+00  1.91510742e+00]
 [ 9.86161201e-01 -5.55365909e-01 -7.05546591e-01 -1.77788000e+00]
 [-1.01973581e-01 -7.72350430e-01 -7.69124366e-01  8.46907369e-01]
 [-1.02114552e-01 -7.34831700e-01 -7.25389625e-01  8.41312295e-01]
 [ 8.16970989e-01 -5.88895750e-01 -5.71264509e-01 -1.37798873e+00]
 [-9.35824296e-02 -7.34535696e-01 -7.99452682e-01  8.44449551e-01]
 [ 5.79560027e-02 -2.59059423e-01 -3.95650046e-01 -1.97687693e+00]
 [-3.07166633e-01 -1.77766132e+00 -1.51475600e+00  1.57996117e+00]
 [-1.49221654e-01 -1.28353677e+00 -1.71190181e+00  1.41907939e+00]
 [ 4.24008783e+00 -3.26103133e-01 -1.51431969e-01 -4.79389116e+00]
 [-8.61620362e-02 -7.77841739e-01 -7.64049190e-01  7.76463027e-01]
 [ 3.73434798e+00 -4.96649026e-01 -3.29433915e-01 -4.35252575e+00]
 [-8.44941054e-01  9.12591261e-01  8.32081498e-01 -3.02834903e-01]
 [-1.10130866e+00  8.32032050e-01  7.88300301e-01 -5.19857811e-02]
 [-1.13141941e+00  8.85252351e-01  8.87123016e-01  3.03991982e-02]
 [ 1.22629319e-01 -3.70894246e-01 -2.10678256e-01 -2.01545883e+00]
 [-1.10911534e+00  7.88872756e-01  7.43833748e-01 -5.30810033e-02]
 [-1.13446027e-01 -8.02091538e-01 -8.00732443e-01  8.87233702e-01]
 [-1.23487733e-01 -7.16114089e-01 -6.91876677e-01  8.13091128e-01]
 [-8.39084885e-02 -7.13840349e-01 -7.04663859e-01  8.61419291e-01]
 [-5.31219353e-02 -1.88793428e+00 -2.40162238e+00  1.42539766e+00]
 [-1.01138883e+00  7.15480818e-01  8.44280458e-01 -4.98172391e-02]
 [-8.06345456e-01  9.76614788e-01  9.34055760e-01 -3.83276124e-01]
 [-4.95097100e-01 -1.45436418e+00 -1.12154309e+00  1.85938716e+00]
 [ 1.11560722e+00 -5.95981895e-01 -7.23107380e-01 -3.04807383e+00]
 [ 6.60769788e-01 -5.98119403e-01 -6.84274355e-01 -1.83381917e+00]]