[[ 0.19219719  0.2648563   0.84035751  0.69760768  0.67863393  0.06111534
   0.99192545  0.1991333   0.10764529  0.34691113  0.95461605  0.87897448
   0.99685052  0.71744806  0.9857593   0.9586614   0.36806898  0.25211783
   0.83489606  0.63106313  0.07027096  0.21983177  0.33492779  0.24392796
   0.79516187  0.57065119  0.8925407   0.14145763  0.50899662  0.49109127
   0.15309028  0.33647842  0.31909081  0.68092057  0.69175738  0.85528106
   0.18287704  0.30571509  0.93993161  0.92479977  0.73288434  0.64912661
   0.54045765  0.25891035  0.68416616  0.22347449  0.63297807  0.85527194
   0.3541727   0.22674837  0.75544624  0.83633197  0.70182793  0.74481763
   0.61440798  0.2999433   0.23839436  0.28532165  0.980644    0.83279075
   0.47960959  0.24197294  0.98690446  0.15730441  0.7183171   0.70022714
   0.98879831  0.25444633  0.13167169  0.20604954  0.58083301  0.14336302
   0.28026702  0.29526315  0.32889923  0.49505788  0.07996352  0.07966562
   0.12127148  0.92100497  0.0549347   0.10397825  0.10270147  0.85369543
  -0.04708779  0.40463641  0.8938684   0.45477373  0.35637319  0.17860577
  -0.03868697  0.75203455  0.20877099  0.11149305  0.23929774  0.68523584
   0.27492185  0.11340597  0.19079586  0.87081411  0.65672487  0.09926919
   0.88216927  0.82183669  0.23949719  0.4338768   0.65170624  0.38110151
   0.33440418  0.09908613  0.08339749  0.99717782  1.06942509  0.75828857
   0.29812398  0.83164954  0.24699473  0.40883833  0.69616477  0.74018518]]