[[ 0.78760746  0.39480039  0.44251151  0.54348981  0.18138721  0.27723305
  -0.10543134  1.1464523   0.57450689  0.03588813 -0.04608018  0.59738375
   0.36821163  0.35479496  0.38962215  0.2582687   0.50564156  0.46955302
   0.9948393   0.89081521  0.25248345  0.45966977  1.0268335   0.74867755
   0.3409724   0.57787318 -0.09086264  0.49367399  0.41364179  1.04376211
   0.96542926  0.78421891  0.48730902  1.0727854   1.10534105  0.5982621
   0.5911397   0.86879446  0.55031109  0.12910788  0.62043608  1.10223862
   0.92158659  0.48346477  0.43927197  0.56169916  1.00761454  0.41646864
   0.44093341  1.14263802  0.63396888  0.96074302  0.30844624  0.95268849
   0.70819393  0.49376518  0.98660866  1.16356513  0.94821146  1.14578799
   0.34396944  0.8328649   0.52288148  0.81992212  0.21242054  0.17956908
   0.9389447   0.82736731  0.56094389  0.44469795  0.38088981  0.4519395
  -0.08051022  0.37135299  0.99595567  0.5175966   0.02970685  0.65779919
   0.60231821  1.09575243  0.1562942   0.40699864  0.6191494   0.67914545]]