[[[-8.12498366e-05  2.17207841e-03 -1.33735039e-02 -3.52362675e-03
   -3.54145967e-04 -4.90158046e-03  3.94869035e-03  9.29826888e-03
    9.85585764e-04  1.62460336e-03  4.47448176e-03  2.67789984e-02
    2.57026726e-04  3.66355271e-02  7.11696560e-05 -1.04870404e-02
    2.67860540e-03 -1.12880472e-03 -2.02087216e-02  1.52253739e-04
   -1.11972744e-02  8.77506417e-04  1.43154195e-02 -3.00434334e-03
    5.63342315e-05  7.05387252e-05  6.26245132e-03  1.85223240e-03
   -1.47699167e-03  5.13237662e-05  1.44229012e-02 -5.74550468e-03
    1.26216558e-04 -1.73376112e-02  7.74196937e-05  1.15997643e-03
   -6.24154171e-04 -5.28292185e-05 -2.95554127e-04 -1.32605722e-02
    5.13704335e-03  3.46706846e-03  1.41734403e-04 -5.03957779e-03
    6.32098402e-03  1.22422192e-04  1.07132911e-02  1.30776526e-02
    8.03066815e-05 -7.57904158e-04 -6.95349110e-05  7.82772478e-03
   -2.12907508e-04  3.56103044e-03  5.53681591e-03  6.00804382e-05
    9.00516211e-03 -1.09776274e-03  1.33999804e-02  1.15131965e-02
    3.13153958e-03 -7.05762454e-05  6.62423694e-05 -4.50631518e-04
   -4.56368372e-03 -8.33898024e-03 -1.13651720e-03  4.75901576e-03
    1.25008400e-03  7.09875054e-05 -2.71861736e-02 -1.51394168e-02
   -1.24204349e-03 -1.47582350e-03 -1.85562746e-02 -1.57180534e-03
   -1.73362538e-03  1.47309368e-02 -1.34530481e-03  3.05083550e-03
   -6.57503998e-04  5.59206949e-05 -1.28279286e-03  8.79909014e-04]]

 [[ 1.54152647e-05  3.20004624e-05  1.04954147e-04  6.84414539e-05
    3.10320956e-05  3.38850861e-05  4.61412961e-05  3.39045863e-05
    5.86162500e-05  1.08897064e-04  6.25677996e-05  3.29082635e-04
    4.95276195e-05  2.17252447e-04  3.11516302e-05  1.10815282e-04
    1.23605992e-04  2.44493526e-05  1.85787038e-04  3.24187836e-05
    1.79829484e-04  2.84803172e-05  8.63281411e-05  5.56356191e-05
    1.54686657e-05  5.19281319e-05  7.72814616e-05  2.80471029e-05
    2.26669169e-05  3.44546735e-05  1.01498032e-04  2.02380178e-05
    2.95902759e-05  1.50712978e-04  3.17023935e-05  8.90907023e-05
    6.55595293e-05  1.98008558e-05  5.06336740e-05  1.12539779e-04
    8.53735470e-05  6.96039289e-05  4.85868165e-05  1.82780222e-04
    3.72901543e-05  2.98470124e-05  1.09845935e-04  1.87268705e-04
    6.53495879e-05  1.31022838e-04  2.23178235e-05  3.65256700e-05
    1.06788493e-05  8.39638064e-05  3.06936738e-05  3.00420258e-05
    1.60569238e-04  1.89855022e-04  7.32840274e-05  1.39396931e-04
    1.17656270e-04  3.26420355e-05  9.39073622e-06  3.82584059e-05
    2.54018166e-05  4.11843239e-05  5.76613466e-05  4.29189201e-05
    1.28086490e-04  3.41384691e-05  2.55405533e-04  5.22272065e-05
    8.30312891e-05  3.37811374e-05  1.25070223e-04  3.02368260e-05
    7.69774066e-05  9.11135635e-05  1.39910883e-05  8.63479841e-05
    4.32598626e-05  3.53434276e-05  2.74972811e-05  5.07572423e-05]]]