[[[[-1.36978357]]

  [[-0.52716829]]

  [[-1.032341  ]]

  [[-0.01660833]]

  [[-2.25601   ]]

  [[ 0.4816035 ]]

  [[-2.80043456]]

  [[-2.34287029]]

  [[-2.84589411]]

  [[-1.78516513]]

  [[-0.60051958]]

  [[ 1.2370004 ]]

  [[ 0.03995104]]

  [[ 1.31562513]]

  [[ 1.09761495]]

  [[-3.38319691]]]


 [[[ 1.64043719]]

  [[ 0.60307689]]

  [[ 0.69148139]]

  [[ 0.62849513]]

  [[ 1.57897137]]

  [[ 1.03435743]]

  [[ 2.03476255]]

  [[ 2.71355844]]

  [[ 2.95416369]]

  [[ 2.41525536]]

  [[ 0.5033516 ]]

  [[ 1.69210235]]

  [[ 0.70810964]]

  [[ 0.86255407]]

  [[ 0.54176807]]

  [[ 2.40298472]]]]