[[[ 2.49801569e-02 -1.26350997e-02  2.39030802e-02 -1.89317246e-02
    4.39354724e-02  2.29433302e-04  2.38303819e-02 -1.85383694e-02
    1.98173128e-02  5.89787149e-04 -6.45761610e-05 -1.06779879e-03
    1.37241208e-02  1.30972580e-03  5.91269424e-05 -3.53349686e-02
   -9.32377858e-03 -2.85326304e-02  5.95257105e-03  3.23796983e-02
   -5.83078517e-03  9.74682462e-03 -2.08680472e-02 -1.40757069e-02
    9.57882467e-03  1.59026823e-02  3.46460122e-02 -4.83163551e-03
   -9.58112063e-03  3.73260292e-02 -3.78329047e-03 -3.56742280e-02
   -4.74037551e-02  1.74663740e-02 -7.21394585e-05  1.49170513e-03
    7.41828683e-04 -1.67010055e-02 -3.95656510e-02 -3.36822277e-02
   -9.73392450e-04 -1.93611681e-02  2.34566032e-02 -5.45703901e-03
    2.56955780e-02 -3.84638050e-03  3.23766783e-02 -2.69975217e-02
    2.86717313e-02  9.61358591e-03 -1.06537669e-02  6.32498952e-04
   -1.47466679e-02  9.46852542e-06  2.22918207e-02 -7.32436028e-03
    2.84156730e-04 -3.57224181e-03 -2.51345225e-03 -1.09463954e-04
    5.45798244e-02 -3.46121047e-03 -1.06803647e-02  1.33553418e-02
   -1.04025176e-03  8.20873577e-05 -5.47901895e-02  3.76176619e-02
   -5.84351743e-03 -4.38883651e-02  2.48034404e-02 -1.25353922e-04
    1.52212933e-02 -3.10850521e-02  2.57166876e-02  3.77305879e-02
   -3.27001600e-03  2.04071968e-05 -1.77759960e-02  3.16103461e-02
   -4.14803942e-02  9.30209969e-03 -1.28375496e-03  1.78855824e-02
    4.25597786e-03 -1.01398381e-02 -1.35407124e-04  4.55823983e-02
   -5.45942226e-02 -1.60462483e-02 -6.61488247e-03 -3.02515073e-04
    1.35409608e-04  1.83092864e-04 -2.65147031e-02  3.23522059e-04
   -2.83388021e-02 -3.97417867e-03  1.18217010e-02  1.63289239e-02
   -3.93666432e-03  2.53829876e-02  3.71022331e-04  4.59386952e-03
    9.88617319e-05  2.71162113e-02  2.00260184e-02  3.20392269e-02
    5.77495343e-03  9.97879663e-05 -7.11490967e-02 -1.20936632e-02
    1.50424620e-04  7.48282077e-04 -2.23294355e-02  1.60402105e-02
    4.53490939e-02  4.92917868e-02  6.59516830e-02 -5.39187412e-02]]

 [[ 4.09676009e-04  2.97559324e-04  3.79561625e-04  6.35725463e-04
    1.31425836e-03  8.05422682e-08  5.40553369e-04  3.39573709e-04
    6.75185556e-04  5.64466514e-04  8.91312547e-06  4.07098513e-04
    3.54843053e-04  6.86801430e-04  4.81392653e-05  3.23517255e-04
    5.24289167e-04  8.48295301e-04  1.08346699e-04  1.87436506e-04
    2.88594860e-04  3.42916301e-04  1.51360591e-03  5.38187662e-04
    1.86800664e-05  3.89837437e-04  3.80733030e-04  3.41265171e-04
    7.36916464e-04  3.15897550e-04  1.50547731e-04  7.95010042e-04
    1.53059043e-03  1.26500993e-04  9.07708561e-06  4.62901648e-05
    7.18061934e-04  1.02942007e-03  4.72814707e-04  4.31697900e-04
    1.94471154e-04  4.63593008e-04  1.40301154e-04  4.83854619e-04
    1.37347324e-04  1.16245248e-03  2.84353579e-04  5.34287793e-04
    1.29110097e-03  3.33149967e-04  1.77456085e-04  7.66301993e-04
    5.88108578e-04  5.37756049e-04  8.42818851e-04  4.62250893e-04
    3.26653049e-04  1.41921619e-05  9.12209239e-05  1.43493884e-05
    5.38118774e-04  2.78955378e-04  4.13616009e-04  3.36050776e-05
    2.75294733e-04  1.93346033e-04  1.27995928e-03  2.20724351e-04
    3.25833124e-04  1.11684478e-03  8.29757383e-04  2.75274093e-04
    2.85026824e-04  5.33267534e-04  4.05178541e-04  2.94693155e-04
    3.33991564e-04  1.48215228e-04  5.28983596e-04  6.08900932e-04
    7.29986076e-04  7.12609634e-05  4.01293170e-04  7.63537375e-04
    3.52865629e-05  4.63216350e-04  3.75396677e-06  4.25084157e-04
    3.44766655e-03  3.84081693e-04  2.51314971e-04  5.61069249e-07
    1.18742402e-07  7.16491776e-08  8.08833048e-04  9.16872633e-05
    1.15228936e-04  3.61355422e-04  2.17568927e-04  3.77640394e-04
    3.80848895e-04  2.16821248e-04  3.37072490e-05  2.17774195e-04
    2.75566162e-05  3.02715224e-04  1.09971332e-04  4.25867399e-04
    6.33317703e-04  1.29773907e-05  1.90775048e-03  1.54331109e-04
    1.37014203e-04  3.48094699e-04  4.14394304e-04  4.17793705e-04
    5.97897912e-04  4.92659797e-04  1.03773398e-03  1.39014185e-03]]]