[[[ 4.23904813e-05  1.06690557e-03  6.90657754e-05  1.91010828e-03
   -3.44871550e-04 -8.73521928e-05 -1.01394063e-04 -1.26144335e-03
   -1.19009035e-03  1.26442809e-03]
  [ 1.04941194e-04 -4.46766666e-05  1.52115734e-04  2.61832472e-03
    1.83030303e-04 -4.80156494e-04  4.15817853e-07  2.81066270e-01
    2.66436587e-05 -2.81906739e-01]
  [ 1.44226190e-04  7.94525676e-04 -2.26917220e-03 -1.34573957e-01
    1.25620389e-03  6.79985567e-02  7.72483908e-05  1.96325989e-01
   -1.22054761e-03 -1.99175384e-01]
  [ 5.25281193e-05 -8.23638814e-07  1.02996029e-04 -3.02359733e-02
   -1.63125815e-04  2.97972953e-02 -5.21670950e-05 -8.60033674e-04
   -3.62145911e-06  8.64264115e-04]
  [ 1.58675569e-04  2.50350462e-03 -8.40271430e-05  3.42352169e-03
   -5.47437548e-04 -2.81343694e-04 -8.48001139e-05  1.02091933e-01
   -3.01389406e-03 -1.02121460e-01]
  [ 2.05512729e-04  5.23728647e-04  3.92858094e-05  4.18150399e-05
    6.67837571e-04  1.78005496e-03  3.15153453e-06  5.69568350e-02
   -5.56649751e-04 -5.90462550e-02]
  [ 8.14447880e-06  8.27059857e-04  1.23358063e-04 -5.78499449e-02
   -2.13457050e-04  5.66533503e-02 -4.62026738e-06  4.16005424e-01
   -1.25860487e-03 -4.16340627e-01]
  [ 4.47579972e-05 -3.23020068e-06  7.96688308e-05 -6.74142152e-03
    3.95114606e-05  7.83331660e-03  1.13068090e-07  7.10130522e-03
   -2.68415453e-04 -7.23644078e-03]
  [ 5.07637528e-05 -3.60721158e-05  6.32516168e-05  1.63719779e-03
    5.05695193e-04 -3.30948070e-04  8.21229852e-07  2.36294897e-01
    2.68027551e-05 -2.38002950e-01]
  [-9.85789433e-04  1.65307078e-03  1.23412650e-05 -1.45839287e-01
    7.37104854e-05  1.00746725e-01 -9.13801689e-05  3.69835842e-01
   -2.18167215e-03 -3.71024975e-01]
  [ 4.07305046e-05  1.15981188e-03  8.36392706e-05 -5.25869971e-02
   -1.06573750e-04  5.16655392e-02 -1.58274359e-05  3.94876517e-01
   -1.57673039e-03 -3.95654940e-01]
  [-5.46226450e-03  2.12934779e-04 -1.87614311e-03 -4.70959615e-02
   -2.04418236e-04  2.59707471e-02 -3.16867248e-04  3.98534934e-02
    4.27394465e-04 -3.97988777e-02]
  [ 3.88094972e-05  1.38632749e-03 -1.20945172e-04  1.28221077e-03
   -5.75075038e-04 -1.62290446e-04 -1.18306305e-04 -1.68810248e-03
   -1.73534903e-03  1.70460613e-03]
  [ 8.12443596e-05  8.28291519e-04 -1.27239728e-02 -4.17956070e-02
   -3.33901149e-04 -8.29780053e-04  5.58819330e-05  1.38002109e-02
   -7.24131162e-04 -1.36621305e-02]
  [ 1.13378240e-04 -1.01558789e-05  1.65507739e-04  2.87269270e-03
   -1.21441372e-04 -3.81357704e-04 -1.60313906e-06 -1.45424854e-03
   -7.29564956e-06  1.45899262e-03]
  [ 1.47402157e-04  1.19182330e-03 -9.29848938e-04 -1.18200062e-01
   -2.10033656e-04  8.45320543e-03  1.12809741e-04 -9.95881985e-04
   -1.00778005e-03  1.24687850e-03]
  [-3.97349508e-04 -1.33822932e-05 -1.76470123e-03  1.17888498e-03
    8.55330492e-05 -4.93949397e-05 -2.84936747e-04 -4.71018684e-03
   -2.35408797e-04  4.48659734e-03]
  [ 4.79538628e-05  1.64233307e-04 -5.08311624e-03  9.24757253e-04
   -6.43355670e-05 -5.97682930e-04 -3.27074682e-05 -4.08685206e-03
   -1.63550996e-04  4.10656246e-03]
  [-3.30606018e-03  1.52856485e-03 -3.43242981e-03 -1.80620334e-01
    8.28407943e-04  9.04588690e-02 -2.53656169e-05  9.23322700e-02
   -2.44423611e-03 -9.44897150e-02]
  [ 4.60753597e-05 -7.70120246e-06  5.32203092e-05  1.29459732e-03
   -2.38791120e-04  7.44714664e-06 -2.51493457e-04 -2.00520917e-03
   -6.84359068e-07  2.00988466e-03]
  [ 1.36947681e-04  1.07162969e-03 -1.57815530e-04 -1.37627645e-01
   -1.01574655e-04  2.72000023e-02  1.27231109e-04  7.40017704e-05
   -9.77235857e-04 -3.43705279e-04]
  [ 9.66836991e-05 -6.40164873e-06  7.44867348e-05  1.91256722e-03
    7.39997698e-04 -3.69796144e-04  1.77947185e-06  2.03867598e-01
   -7.71066837e-06 -2.05718594e-01]
  [ 1.12657385e-04 -8.08638476e-06  1.36306429e-04  2.22282764e-03
   -3.27759035e-05 -1.77979540e-04 -6.99177989e-07  2.86791564e-02
   -1.27918033e-05 -2.87960262e-02]
  [ 6.78327790e-05  6.65776921e-04  5.64593293e-05 -3.20375373e-02
    3.75306486e-04  3.18241322e-02  3.02803055e-06  2.31310501e-01
   -6.75480096e-04 -2.33126327e-01]
  [ 1.20141886e-04 -1.02325742e-05  1.51132518e-04  2.76495816e-03
   -6.52367483e-05 -3.80903400e-04 -1.70638101e-06 -8.51031713e-04
   -7.65563148e-06  8.55543973e-04]
  [ 6.18449970e-05 -7.51328343e-06  1.39048191e-05  1.65173505e-03
   -1.18704058e-04 -2.73121959e-04 -1.52302342e-04 -1.95504404e-03
   -5.32117784e-05  1.96187791e-03]
  [-1.20140794e-02  1.30342129e-03 -4.96584306e-03 -2.87782538e-01
    5.38612490e-04  1.22352112e-01 -3.07181259e-04  4.29940223e-01
    4.73747333e-04 -4.30807011e-01]
  [ 8.48027958e-05 -8.24119960e-06  8.94149145e-05  1.92712902e-03
    4.76033293e-04 -3.40922659e-04  1.12758811e-06  2.17627389e-01
   -3.49971533e-06 -2.18860517e-01]
  [ 1.33078235e-04 -6.38483810e-06 -2.44822907e-04  2.10797381e-03
    2.05505203e-04 -7.96326463e-04  2.67620616e-06 -1.24303582e-03
   -8.34245255e-06  4.74038584e-04]
  [ 3.24806538e-05 -9.50891270e-06  5.20946209e-05  1.74293420e-03
   -2.34771512e-04 -2.43045889e-04 -1.55089962e-04 -2.15253656e-03
    5.36064395e-06  2.15315926e-03]
  [ 1.00095787e-04 -8.48604886e-06  1.39278956e-04  1.95876828e-03
   -3.55285436e-05 -9.20178783e-05 -7.52897896e-07  4.50216116e-02
   -1.04636024e-05 -4.50507203e-02]
  [ 1.06895329e-04 -4.84536636e-06  4.10135928e-06  1.06583776e-03
    8.14099014e-04 -2.02270964e-04  2.01926388e-06  5.85246666e-02
   -9.36431317e-06 -6.04564359e-02]
  [ 6.71538532e-05 -9.50175363e-06  4.66516244e-05  1.96987056e-03
   -9.77608582e-05 -4.09282323e-04 -1.15324715e-04 -2.39265188e-03
   -3.73404769e-06  2.40136714e-03]
  [-1.30187877e-03  1.57090248e-03 -3.22051061e-03 -1.05202248e-01
    6.48210782e-04  6.93848721e-02 -6.19635221e-06  8.25330798e-02
   -2.95150056e-03 -8.46007324e-02]
  [ 5.77376870e-05 -9.30294152e-06  6.12373265e-05  1.92565807e-03
   -1.88991959e-04 -2.82618905e-04 -5.54406817e-05 -2.10009383e-03
    6.58876911e-07  2.09940654e-03]
  [ 2.26947404e-05 -1.76556185e-06 -1.83845070e-03  1.11671083e-03
    7.76403562e-04 -3.85265714e-04  6.52374448e-06  3.35079145e-01
   -2.72681208e-05 -3.37592002e-01]
  [ 6.68291290e-05 -2.94359563e-06  3.90623662e-05  1.12470330e-03
    4.92042413e-04 -8.16684583e-05  1.61784452e-06  6.83077222e-02
   -6.55113734e-06 -7.00042692e-02]
  [ 6.70678700e-05  1.10397166e-03  4.88058414e-05  1.93185397e-03
   -3.47181371e-04 -8.20667561e-05 -1.19288784e-04 -1.56100301e-03
   -1.29177834e-03  1.56129931e-03]
  [ 2.74018733e-05 -1.71581743e-06  4.75082796e-05 -1.49058024e-03
    3.11060927e-04  2.02436233e-03  1.40993965e-06  3.34087227e-01
    1.93829633e-06 -3.35514451e-01]
  [ 4.13923677e-05  1.75643198e-04  5.68657290e-05  7.86148026e-04
    9.95809192e-04 -8.30303217e-05  2.67499552e-06  1.78578510e-01
   -2.45009944e-04 -1.81287404e-01]
  [-2.42758207e-03  4.71285119e-05 -1.20581633e-02 -3.60315026e-02
    3.07873308e-04 -9.97481271e-04  5.47385546e-05 -1.13708474e-03
    4.18409914e-04  6.26997168e-04]
  [ 1.05737607e-04 -7.62510337e-06  1.17518397e-04  2.23111968e-03
    8.84174112e-05 -1.68726820e-04 -4.78773140e-07  1.08009113e-03
   -6.30187650e-05 -1.46594773e-03]
  [ 4.04791345e-05 -8.31530349e-06  5.95206136e-05  1.23787328e-03
   -2.73226673e-04  8.24906013e-05 -2.88558532e-04 -2.44973988e-03
   -2.55989321e-07  2.45279819e-03]
  [ 2.87890452e-05  1.92650955e-04  5.03572840e-05 -3.38681134e-02
    1.68711244e-04  3.31454513e-02 -7.61400209e-05 -9.66752947e-04
   -3.98678421e-04  2.26117107e-04]
  [ 2.39934847e-05 -2.68350643e-06  3.39823418e-05 -1.15101127e-02
   -9.16071170e-05  1.14267290e-02 -2.48893647e-04 -2.22734945e-03
    8.34211104e-07  2.23807493e-03]
  [ 5.47337383e-05 -7.05426734e-06  4.82670150e-05  1.09273535e-03
   -1.87899223e-04 -1.32711526e-05 -2.51015946e-04 -2.42199121e-03
   -3.76439133e-07  2.42904975e-03]
  [-2.37055432e-03  1.32521064e-04 -2.62722862e-03 -9.26549216e-02
    2.38605936e-04  7.29559966e-02 -4.67274530e-04 -8.06942253e-04
   -9.53732043e-05  2.60202266e-04]
  [-1.22846166e-03  1.51690248e-03 -1.34002086e-04 -1.85799686e-03
   -4.68935832e-04  3.02062136e-03 -3.12548778e-04 -7.50214728e-04
   -1.82545439e-03  7.80524809e-04]
  [ 9.94925916e-05 -9.87363504e-06  1.42363256e-04  2.71345732e-03
   -1.31332704e-04 -3.86019045e-04 -1.20051901e-06 -1.04207413e-03
   -6.41714251e-06  1.04450009e-03]
  [-7.30310608e-03  1.89530397e-06 -6.31257429e-03  3.28043379e-04
    5.33557132e-04 -3.36391384e-04 -1.23198112e-04 -3.12116644e-03
    8.28864165e-04  1.95002198e-03]
  [ 4.28185917e-05  6.57509894e-04  4.76621513e-05  1.75384893e-03
   -2.45127955e-04 -1.20753159e-04 -1.43529732e-04 -2.03231117e-03
   -6.78335706e-04  2.03268036e-03]
  [ 5.32083608e-05 -1.25071958e-05  1.16107168e-04  1.56817463e-03
    1.80908720e-05 -1.20846860e-04 -9.45099612e-07  3.37304264e-03
    5.71605390e-06 -3.44855767e-03]
  [ 1.76625272e-04 -6.18748961e-06  2.84169999e-05  1.71308516e-03
    1.14139854e-03 -2.36893711e-04  2.69201141e-06 -6.23421720e-04
   -1.87737756e-05 -2.04319321e-03]
  [ 2.37948854e-05 -1.89007552e-05  3.93865984e-05 -4.33371782e-03
   -3.55704963e-04  5.26526226e-03 -3.25075164e-04 -2.12724740e-03
   -8.09558125e-05  2.13165306e-03]
  [ 1.11541109e-04  1.30771679e-04 -1.28851064e-03  1.68129424e-03
    1.90160087e-04 -4.18238147e-04 -1.23842457e-05  1.11373540e-02
   -1.43612905e-04 -1.25941160e-02]
  [ 5.71153135e-05 -7.37760658e-06  8.08904988e-05  1.51755704e-03
    7.27508859e-04 -1.73898064e-04  1.24903316e-06  1.81182600e-01
    6.78832453e-07 -1.82985725e-01]
  [ 3.39911230e-05  7.36661030e-05  7.23600080e-05 -1.36323328e-02
   -9.11348682e-05  1.46599318e-02  2.11041649e-07  3.80525888e-02
   -5.33902571e-04 -3.82835971e-02]
  [-8.27383392e-03  3.64363134e-06 -7.00698723e-03  1.86684149e-04
    8.10312011e-04 -4.12065703e-04 -1.55061902e-04 -3.55558176e-03
    1.05692187e-03  1.74837710e-03]
  [ 1.22132488e-04 -7.55324148e-06  1.43690182e-04  2.34440357e-03
   -7.34182543e-05 -2.17169107e-04 -4.94972776e-07  2.21233084e-02
   -1.49092812e-05 -2.21294752e-02]
  [ 5.96853472e-05  9.21961253e-05 -7.30950862e-04 -2.81328128e-02
    1.20033883e-03  2.74116757e-02 -6.77900775e-05  3.16296795e-02
   -5.45997298e-04 -3.44324558e-02]
  [-1.79818866e-03  2.90729248e-03 -1.04573045e-02 -4.98144723e-02
   -6.39163801e-04  1.53936528e-02 -1.21971717e-04  5.69492179e-02
   -3.48889326e-03 -5.68459885e-02]
  [ 3.57425130e-05 -8.25890746e-06  3.26300760e-05  9.72795851e-04
   -1.04231206e-04 -1.14351395e-04 -2.32653028e-04 -2.26914651e-03
    3.88228252e-06  2.27038731e-03]
  [ 7.38173405e-05 -9.71115401e-06  4.69689317e-05  1.62844539e-03
   -1.71819257e-05 -4.44299428e-04 -7.72080359e-05 -1.94229146e-03
    1.60674294e-06  1.94415818e-03]
  [ 1.52365268e-05  2.90198978e-04  1.87931705e-05  8.96747221e-04
    3.48002016e-04 -2.49146492e-05 -2.35050872e-05 -1.22370645e-03
   -6.31701302e-04  3.03587997e-05]
  [ 6.78022762e-05  3.90335568e-05  1.30705082e-04 -4.67625358e-02
    4.56341551e-05 -2.10732187e-05  5.36959987e-05 -1.83258326e-03
    6.70842400e-05  1.94656820e-03]
  [ 1.08431365e-04 -4.82653445e-06  7.25091065e-05  1.85609766e-03
    9.24747910e-04 -4.05573298e-04  2.66872891e-06  1.04883853e-01
   -7.19935050e-06 -1.07275704e-01]
  [ 1.88686080e-05  4.23906478e-04 -3.94666059e-03  1.06455293e-03
    2.97644818e-04 -2.68092125e-04  8.11942420e-06 -2.29935323e-03
   -1.35136108e-03  1.42147949e-03]
  [ 8.65006270e-05 -6.18418625e-07  8.50512630e-05 -2.91922301e-02
    8.08032976e-04  2.93539881e-02  1.75047407e-06  1.66377652e-01
   -2.86611519e-05 -1.68316515e-01]
  [ 3.27950960e-05  4.91267388e-04 -8.43617137e-03  7.07491312e-04
    1.24791038e-04 -8.60367281e-04 -4.81296078e-05  6.87722705e-04
   -5.59260177e-04 -9.38932367e-04]
  [ 1.00858944e-04 -1.03257936e-05  1.57107053e-04  2.73748018e-03
   -1.11127325e-04 -3.76607836e-04 -1.60987865e-06 -1.14405879e-03
   -4.95798130e-06  1.14727540e-03]
  [ 6.27771206e-05  1.87882276e-04  2.28840088e-05  1.45341198e-03
    1.29610451e-03 -4.31587097e-04  3.45923894e-06  1.01864102e-01
   -2.07769019e-04 -1.05425836e-01]
  [ 1.02831884e-05  2.30780605e-07  5.29533249e-05 -9.51968770e-03
    2.84377550e-07  3.53368521e-03 -2.43159384e-04 -1.97721468e-03
    1.68383761e-05  2.00714010e-03]
  [-2.87790049e-02  5.47456361e-04 -1.26486954e-02 -4.49737083e-01
    2.64401919e-04  9.65975947e-02 -1.10436236e-04  3.82070851e-01
    4.73365768e-03 -3.81409210e-01]
  [ 8.11351128e-05  3.32678251e-05 -7.12863606e-04  1.69415564e-03
    1.20099955e-03 -6.83566677e-04  3.90382285e-06 -3.10414633e-04
   -3.70362350e-05 -2.75664605e-03]
  [-1.38539966e-03  1.28072519e-03 -3.28917737e-03 -1.01041408e-01
    7.07546879e-04  5.58449320e-02  1.58129418e-05  5.88027415e-02
   -2.46716182e-03 -6.08682409e-02]
  [ 4.03595725e-05 -5.51983956e-06 -3.55390658e-03  1.72414496e-03
   -1.85607735e-08 -1.18872604e-03  6.02365973e-06 -2.54640948e-03
   -2.63701623e-07  2.55696912e-03]
  [ 4.42212461e-05  1.84798313e-04  7.85880724e-05 -7.79307977e-02
    5.43012512e-04  7.17999184e-02 -1.34445192e-04  2.03799747e-01
   -1.72015697e-04 -2.05112930e-01]
  [ 3.80554837e-05 -6.93066067e-06  8.82950367e-06 -2.80041099e-03
   -8.93367362e-06  3.81951748e-03 -2.31611236e-04 -2.10442150e-03
    3.74598474e-07  2.10766025e-03]
  [ 5.03299128e-05 -1.11988150e-05 -5.01831659e-03  1.42259135e-03
   -5.69886885e-06 -8.61793880e-04  7.04201165e-06 -2.44313919e-03
    1.62423153e-05  2.45555525e-03]
  [-9.63911363e-03  4.51239694e-05 -7.68459966e-03 -3.80028745e-02
    8.23826766e-04 -2.13640406e-04 -1.31269181e-04 -3.03516985e-03
    1.35186766e-03  1.38433767e-03]
  [ 9.32833051e-05 -8.34330489e-06  7.85479253e-05  2.37541889e-03
    1.06081837e-03 -8.49038523e-04  2.60155794e-06 -5.87655172e-04
    1.70948476e-06 -1.97797926e-03]
  [ 8.04793353e-05 -1.02203775e-05  5.32083814e-05  1.94575405e-03
   -1.61323791e-05 -3.76212934e-04 -1.96762141e-04 -3.46647171e-03
   -2.70071185e-06  3.47660773e-03]
  [ 9.17314597e-05 -3.80935748e-06 -7.48399050e-03  1.73375578e-03
    5.55785887e-04 -1.11883707e-03  1.16012790e-05 -2.01842053e-03
    1.63294875e-05  5.77591969e-04]
  [ 2.41004766e-05 -1.19627464e-05  2.61532238e-05  1.62222012e-03
   -1.20104494e-04 -3.58757989e-04 -2.18747293e-04 -2.68366947e-03
    1.03140315e-05  2.65171736e-03]]

 [[ 1.33338896e-07  3.82724393e-03  6.93218167e-06  1.08927397e-04
    1.09837772e-03  4.18033761e-05  4.97143673e-04  1.44152485e-06
    3.35031629e-03  7.71224530e-04]
  [ 6.55150752e-07  1.09768956e-04  1.66482349e-07  4.11188996e-06
    2.31230732e-03  7.15568158e-05  7.08162216e-06  1.19961736e-02
    9.99762578e-06  1.27755606e-02]
  [ 1.50468076e-05  8.18706483e-04  2.36895362e-04  9.92906583e-03
    3.32577558e-03  7.18319140e-03  1.55941432e-05  5.98850261e-03
    1.65829575e-03  9.78882154e-03]
  [ 2.45405986e-07  4.91823966e-05  1.33790233e-07  3.38690668e-04
    2.59099141e-04  3.33303363e-04  2.38809883e-05  1.19462560e-04
    1.70848481e-07  3.03801990e-05]
  [ 9.61872908e-07  1.46307337e-02  5.54312414e-04  2.09077403e-03
    2.86739490e-03  4.50120834e-04  5.40207578e-04  1.76051972e-03
    1.37116651e-02  4.22102952e-03]
  [ 7.34077074e-07  5.20625465e-04  5.67508465e-06  1.78473299e-03
    1.97417731e-03  9.55300228e-04  1.82593175e-06  1.43626812e-03
    5.64831374e-04  2.08651505e-03]
  [ 1.47026898e-04  1.69872421e-03  8.24352501e-05  4.12461659e-03
    5.07183377e-03  4.82640422e-03  3.61370774e-05  3.12860819e-02
    2.69407476e-03  3.28173476e-02]
  [ 2.21700738e-07  1.28447755e-07  5.10271384e-07  3.04313259e-05
    1.45851939e-04  6.69727725e-04  5.68753136e-05  4.12516422e-05
    1.30442136e-05  1.39263960e-04]
  [ 2.14583784e-07  6.54330688e-05  4.09394367e-06  5.30229969e-05
    2.62313967e-03  9.33951977e-05  1.97070173e-05  8.88417764e-03
    2.22070553e-05  9.81662827e-03]
  [ 3.25799825e-04  5.27681706e-03  6.54205059e-04  1.75394482e-02
    4.79758999e-03  7.41077615e-03  3.59454554e-04  2.61754890e-02
    8.51843267e-03  2.71820568e-02]
  [ 3.51804006e-05  2.98892569e-03  3.01655169e-04  5.86593695e-03
    4.44169533e-03  3.93419029e-03  2.65839969e-05  2.95846491e-02
    3.68223732e-03  2.96438000e-02]
  [ 6.21321399e-04  2.77520704e-04  4.71762669e-05  8.19185567e-04
    1.47402244e-03  7.75591686e-04  2.04460099e-03  2.96172591e-04
    3.67421430e-04  1.33258460e-03]
  [ 3.88563109e-07  5.72430021e-03  4.69110008e-05  2.32073834e-04
    1.56637079e-03  1.30751887e-04  9.42584707e-04  2.72722694e-06
    4.55934329e-03  6.15249087e-04]
  [ 3.63000827e-07  1.55540439e-03  3.54295050e-03  3.87866925e-03
    5.42624495e-04  6.85238897e-06  2.64649784e-04  4.38022170e-03
    1.36213078e-03  3.20653004e-04]
  [ 8.74168859e-07  3.06662797e-07  3.31998340e-07  2.02723120e-06
    9.13441095e-05  2.51288350e-05  1.01668339e-06  3.98337280e-05
    8.35917688e-07  1.29534126e-05]
  [ 2.32274298e-07  2.56629338e-03  1.05267074e-03  3.85466260e-03
    4.31710401e-04  1.10675491e-04  8.09555507e-05  6.63667008e-04
    2.26342119e-03  1.21616252e-04]
  [ 7.12909654e-04  5.38352762e-05  8.36749617e-06  1.83472802e-06
    5.37602433e-04  5.81968016e-04  2.79163597e-03  4.38314286e-06
    9.89895942e-05  1.66900262e-05]
  [ 7.70886283e-08  1.12605139e-04  1.03933102e-04  1.12243030e-05
    6.99961094e-05  5.70548333e-06  9.34299801e-05  4.67927512e-06
    7.46513420e-05  2.79773068e-06]
  [ 1.85763774e-04  3.76454021e-03  7.37183734e-04  1.65400089e-02
    5.21556130e-03  8.47640548e-03  3.33254645e-04  1.40199066e-03
    1.03837203e-02  9.39522814e-03]
  [ 7.12545050e-05  7.93882971e-05  3.69100177e-07  9.31742942e-06
    2.90134264e-04  3.63250130e-04  8.01115487e-04  1.36981781e-06
    7.57349281e-06  4.91068077e-06]
  [ 3.43709821e-07  2.00354441e-03  9.16412075e-04  7.34676198e-03
    1.69715964e-03  4.00469123e-04  8.77402410e-06  2.60744727e-03
    1.84592971e-03  9.06661377e-04]
  [ 2.71379437e-07  6.15481543e-07  7.82603185e-07  1.81095017e-05
    1.67366621e-03  2.35616815e-04  7.15585099e-06  6.44722475e-03
    4.68489809e-06  7.24308156e-03]
  [ 7.10364362e-07  1.19555634e-07  2.22967755e-07  1.11035195e-06
    3.74643445e-04  1.89867058e-04  3.77467414e-05  3.05637257e-04
    1.50763978e-06  3.12139752e-04]
  [ 2.04839044e-07  9.17057472e-04  4.45995839e-05  2.26920305e-03
    4.51043353e-03  2.46454888e-03  5.23220908e-06  8.88616093e-03
    8.62083725e-04  1.11141087e-02]
  [ 8.14325720e-07  1.23068255e-07  3.10856125e-07  1.90353097e-06
    4.60053230e-05  1.32599521e-05  8.86694610e-07  3.22042571e-05
    8.40224250e-07  2.25554170e-06]
  [ 6.72239532e-06  1.02314565e-04  1.54957850e-07  9.74403802e-07
    1.12153431e-04  1.37762552e-04  3.27277424e-04  1.01141609e-06
    4.97914833e-05  4.34448768e-06]
  [ 1.06756666e-02  2.97615879e-03  1.00519293e-03  2.84842656e-02
    1.13947892e-03  1.10562351e-02  3.54444231e-03  3.43304598e-02
    9.40460310e-03  3.09865384e-02]
  [ 2.59769102e-07  4.27443104e-07  2.01187015e-07  4.23659700e-06
    1.17602005e-03  1.25782248e-04  1.68547449e-06  7.55260092e-03
    2.54836276e-06  7.76331966e-03]
  [ 5.78124679e-07  1.57844231e-07  2.19209941e-05  1.47682620e-04
    4.79178593e-04  5.11860889e-06  4.00012911e-05  3.39108281e-04
    8.13314984e-07  1.43684678e-04]
  [ 6.36378380e-06  2.90480733e-05  1.10166924e-06  1.48318060e-06
    4.06969611e-04  1.68939344e-04  3.83470952e-04  1.04892447e-05
    3.67972137e-06  5.77843275e-05]
  [ 6.50722646e-07  1.07406769e-07  2.33473596e-07  9.28260166e-07
    3.46020080e-04  3.85702065e-04  3.27590604e-05  4.61543858e-04
    2.21070279e-06  4.81627678e-04]
  [ 4.89911401e-07  9.49005356e-08  8.65884259e-08  9.94336500e-06
    4.00628842e-04  3.35404787e-04  7.25123829e-07  4.61715966e-04
    2.55770586e-05  9.79080283e-04]
  [ 1.32981401e-05  7.41297382e-05  2.12057371e-07  1.47266471e-06
    6.54720639e-05  8.62049197e-05  2.44954716e-04  1.43200248e-06
    1.64281286e-05  1.05732287e-06]
  [ 3.31306938e-05  4.31327889e-03  5.04682517e-04  1.09509564e-02
    5.33285161e-03  7.01968521e-03  2.68802470e-04  1.10814937e-03
    9.80405060e-03  9.18711891e-03]
  [ 2.34955496e-07  2.58744331e-07  5.12833860e-07  1.42700477e-06
    2.69353212e-04  6.93997557e-05  1.22674628e-04  1.38405351e-05
    6.67377205e-07  3.98970298e-05]
  [ 2.49734746e-05  5.67040377e-05  4.09873765e-04  1.69542047e-03
    5.14309070e-03  4.09310786e-04  3.32777631e-05  2.52626972e-02
    1.06001330e-04  2.24099253e-02]
  [ 2.05447051e-07  1.78898866e-07  9.64192225e-06  3.94491332e-05
    3.04746108e-03  4.45710208e-05  7.24471381e-05  1.02076083e-03
    2.64508491e-06  2.91235463e-03]
  [ 2.21510733e-07  4.11417283e-03  1.01506933e-05  1.23109914e-04
    8.17122288e-04  3.12534519e-05  5.10606190e-04  1.43429290e-06
    3.67150982e-03  5.31517173e-04]
  [ 8.48009592e-08  3.35810435e-05  4.60792584e-05  7.68325600e-04
    4.75425627e-03  1.17405234e-03  1.89169184e-05  1.88992093e-02
    1.09097867e-05  2.01417373e-02]
  [ 8.24604210e-08  5.65495930e-05  5.06526669e-06  2.19049906e-04
    4.90436911e-03  6.71088844e-04  6.14985577e-06  4.32019036e-03
    1.31725371e-04  9.18435792e-03]
  [ 1.74591330e-03  1.76695177e-05  1.16880476e-03  3.02716584e-04
    2.75686852e-05  4.17993220e-04  1.87939427e-04  5.60949747e-04
    2.52324357e-04  1.47086725e-04]
  [ 5.81070874e-07  1.32565616e-07  2.49103285e-07  1.05546735e-06
    4.52592937e-04  2.17136664e-04  6.38037608e-05  1.15170979e-04
    4.10069963e-06  2.31222658e-04]
  [ 1.07773652e-04  9.90111615e-05  1.37430936e-06  2.13707752e-05
    4.43953444e-04  4.79586479e-04  1.16467848e-03  1.87651607e-06
    1.98667262e-05  9.01416397e-06]
  [ 6.42745427e-08  1.25655541e-04  1.23445895e-05  7.85644101e-04
    2.85025211e-04  4.26723083e-04  9.60305303e-05  8.43168722e-05
    8.16449879e-05  1.00851172e-04]
  [ 1.71512026e-04  4.90025745e-05  2.36651894e-07  1.59545249e-04
    7.77906762e-05  5.73908157e-04  7.22101049e-04  1.41981645e-06
    6.83598528e-06  1.05611342e-06]
  [ 8.44422644e-05  6.15720269e-05  2.53657165e-07  1.09979661e-05
    1.93025428e-04  4.47905343e-04  7.88160193e-04  1.61064112e-06
    2.19283078e-06  2.07775010e-06]
  [ 1.60491731e-03  1.36749937e-04  2.21332136e-06  3.39201516e-03
    2.46794459e-04  3.32260945e-03  2.83738784e-03  6.28850647e-07
    5.46383606e-04  1.92294099e-05]
  [ 1.93110204e-04  7.03303010e-03  1.90152577e-04  5.98956053e-04
    1.31765542e-03  6.07253691e-04  2.06146096e-03  2.91911480e-05
    5.75638588e-03  3.53400447e-04]
  [ 7.73028984e-07  2.34302352e-07  2.50445269e-07  1.70471198e-06
    1.16066669e-04  1.61885621e-05  3.58114345e-06  4.00560348e-05
    6.61544048e-07  1.94627367e-05]
  [ 4.19653848e-03  3.22873548e-06  2.62784469e-05  1.47454585e-04
    2.34540649e-04  1.54579357e-03  1.62538387e-03  1.87585429e-06
    8.11585206e-04  2.94007482e-05]
  [ 8.22309009e-08  2.34059878e-03  4.36577915e-06  3.17433826e-05
    3.93550502e-04  5.60393058e-05  5.41707363e-04  1.49152473e-06
    2.07493615e-03  2.66277737e-04]
  [ 3.13753230e-07  4.18123230e-07  1.76671775e-07  7.68937726e-07
    1.33940776e-04  1.65545063e-05  1.10822046e-05  1.09761420e-04
    5.11217500e-07  3.71151795e-05]
  [ 3.17849258e-07  1.47098011e-07  2.28938176e-07  1.10175015e-05
    4.57594231e-04  4.32342827e-05  6.89575989e-06  2.53478119e-04
    9.77654325e-06  2.01532193e-04]
  [ 1.79998028e-04  1.90622472e-04  3.19879550e-06  8.42518423e-05
    6.86733699e-04  5.52997646e-04  1.54905952e-03  2.63457639e-06
    8.13555129e-05  4.39427322e-05]
  [ 2.96067053e-07  5.24827391e-05  4.14696616e-05  2.11188561e-04
    2.37415228e-03  2.78057106e-05  1.48538097e-04  7.83043221e-04
    4.57404562e-05  1.34866277e-03]
  [ 2.09374341e-07  3.66775938e-07  6.26654108e-07  2.24171988e-05
    1.55211247e-03  3.25931644e-04  1.01939617e-05  5.08828887e-03
    5.64184666e-06  5.79935307e-03]
  [ 1.40213592e-07  2.53295246e-05  1.33267309e-06  1.51438912e-04
    1.00683516e-03  9.92863452e-04  7.52210641e-05  3.64589740e-04
    7.82680903e-05  1.25134208e-03]
  [ 5.49899677e-03  9.38083199e-06  3.70047560e-05  6.27770060e-05
    3.73669659e-04  1.65874459e-03  2.37866657e-03  2.40268920e-06
    6.85254042e-04  9.67136755e-05]
  [ 8.58078532e-07  1.62853531e-07  1.89295408e-07  1.13523570e-06
    2.01012959e-04  1.01934440e-04  1.89440364e-05  1.91507526e-04
    1.11323793e-06  1.87617221e-04]
  [ 1.30223816e-03  1.59037985e-04  2.07230765e-06  6.52483717e-04
    1.49419662e-04  3.53287470e-03  4.23357652e-04  1.72924191e-04
    1.20388950e-03  1.30042086e-03]
  [ 3.09952300e-05  1.96200553e-02  4.73229271e-03  1.14042720e-02
    2.65666650e-03  1.61936642e-03  1.68925337e-03  2.21980337e-03
    2.02058187e-02  3.00898839e-03]
  [ 1.25474424e-04  4.84937386e-05  1.90099030e-07  1.01996602e-06
    1.73780919e-04  2.39597459e-04  7.83965139e-04  1.32071242e-06
    1.80260584e-05  3.69671158e-06]
  [ 1.39390826e-05  1.19145742e-06  1.61930928e-07  1.29715014e-06
    3.42997903e-05  3.27078644e-05  1.29961966e-04  1.03108111e-06
    6.56177538e-07  8.78790123e-07]
  [ 5.81169022e-08  3.62728416e-04  1.06809296e-05  1.23539370e-04
    4.33318040e-04  5.46833711e-06  2.37010145e-05  5.33077584e-05
    5.31328003e-04  5.39474903e-04]
  [ 2.02205056e-07  9.65403324e-06  3.71849879e-05  2.33730718e-04
    5.02959421e-06  1.99385226e-05  6.86413833e-07  1.42599423e-05
    3.52097959e-06  9.89558296e-07]
  [ 2.96865666e-07  1.09843123e-07  7.29902685e-07  1.09595454e-05
    3.44126505e-03  3.41481954e-05  2.44866994e-07  1.65347320e-03
    7.58240532e-06  4.21485215e-03]
  [ 1.40464005e-07  2.94169147e-04  5.02974397e-05  2.29121351e-04
    8.53984206e-04  2.38618807e-04  1.19746328e-04  1.16916859e-06
    7.26215414e-04  1.02400122e-03]
  [ 2.21519187e-07  1.34380429e-06  9.73940139e-08  3.98082487e-04
    8.84389893e-04  2.30505251e-03  3.98796714e-06  4.03932019e-03
    1.89953645e-05  4.72009208e-03]
  [ 1.08171922e-03  6.66622468e-04  1.06456584e-03  3.31071336e-04
    1.28801964e-05  7.21005508e-04  2.82609868e-04  2.52581966e-04
    8.29136657e-04  1.46501264e-04]
  [ 7.79579574e-07  4.03978393e-07  3.18950236e-07  1.90723383e-06
    7.38917413e-05  1.81444196e-05  7.90667520e-07  3.44268863e-05
    7.81756747e-07  5.19443751e-06]
  [ 1.10290674e-07  7.84041410e-05  1.30915677e-05  7.15048208e-05
    4.84030707e-03  1.05852982e-04  2.48624380e-05  1.62612229e-03
    1.17406430e-04  5.88180692e-03]
  [ 1.45226492e-04  2.68981752e-05  1.40228198e-07  1.62544165e-05
    1.70749220e-05  2.86639501e-04  6.10806086e-04  9.54561637e-07
    7.62199398e-07  9.83102088e-07]
  [ 1.71649485e-02  1.78453802e-04  4.59597705e-03  4.36119253e-02
    1.17669892e-03  1.02407269e-02  8.53559119e-03  3.66034201e-02
    8.75032995e-03  2.40107530e-02]
  [ 1.13542016e-07  3.21075832e-06  1.29739143e-05  3.13350346e-06
    1.46446365e-03  5.12018862e-06  1.88265908e-05  2.25858579e-04
    3.67547617e-06  1.28717725e-03]
  [ 1.32310097e-05  2.84067758e-03  4.16098976e-04  7.66167603e-03
    4.78855001e-03  5.10521656e-03  2.31570263e-04  6.02745769e-04
    6.82789661e-03  7.61766021e-03]
  [ 1.92307600e-04  7.27097283e-06  6.64747538e-05  1.17914645e-06
    1.18415236e-06  1.44967231e-05  7.31955834e-06  1.32756400e-06
    3.06000740e-06  1.24570457e-06]
  [ 2.87748556e-04  1.32519470e-04  1.26774426e-06  3.02576839e-03
    3.82976970e-04  2.59016145e-03  1.91703618e-04  7.16790750e-03
    2.80300823e-04  6.97607073e-03]
  [ 1.63012668e-04  1.05948844e-06  4.46796912e-07  3.79092777e-05
    9.86111655e-05  4.86794769e-04  7.02813335e-04  1.09395577e-06
    2.79797052e-06  8.91391665e-07]
  [ 1.52392166e-06  1.49954548e-05  1.45085130e-04  7.76642349e-07
    6.49817352e-06  7.80993216e-07  1.40891964e-05  9.36684178e-07
    5.16878033e-07  1.07580565e-06]
  [ 5.60458671e-03  4.49558064e-07  4.74775222e-05  3.91138077e-04
    3.43740060e-04  2.00070943e-03  2.34306775e-03  1.68444642e-06
    8.35658867e-04  9.61449607e-05]
  [ 2.13759458e-07  1.52702492e-07  2.01785869e-06  1.99613608e-06
    6.30233164e-04  2.59680746e-06  4.56604031e-07  1.12010322e-04
    8.00031254e-07  5.44467631e-04]
  [ 1.12887868e-04  3.97155101e-05  4.16913327e-07  2.03318472e-06
    7.44721650e-05  1.16008902e-04  6.53923463e-04  3.01871015e-06
    1.39815720e-05  2.22110089e-06]
  [ 2.24338828e-07  3.28808268e-07  1.12355557e-04  9.20783273e-05
    9.63093910e-04  1.37436598e-06  3.02126796e-04  3.11062795e-04
    1.89613762e-05  5.42462423e-04]
  [ 2.06764353e-04  4.28777502e-05  3.42412779e-06  1.79551026e-06
    5.28042558e-04  2.63946340e-04  1.50677738e-03  5.11124238e-06
    1.16740518e-05  6.74006412e-05]]]