[[[[[ 2.33751615e-01  1.58668296e-01  1.47278594e-01  1.05046217e-01
     -1.27161980e+00]
    [-6.92589021e-03 -1.10492211e-01 -1.21773275e-01 -2.12433948e-01
     -2.69592859e+00]
    [-2.26340528e-01 -3.62542138e-01 -3.84667257e-01 -2.25602193e+00
     -6.03107677e+00]
    [-3.50988073e-01 -4.84142780e-01 -4.70452657e-01 -5.04100449e+00
     -9.81615455e+00]
    [-2.49119208e-01 -3.60997521e-01 -8.21127585e-01 -5.95227087e+00
     -1.12100699e+01]]]


  [[[ 2.25342069e-01  1.56127297e-01  1.43633961e-01  1.33255578e-01
     -1.05563061e+00]
    [-1.08483720e-02 -1.13585012e-01 -1.30143768e-01 -1.39654161e-01
     -2.20148904e+00]
    [-2.21959686e-01 -3.59892104e-01 -3.88871483e-01 -2.04108276e+00
     -5.18568508e+00]
    [-3.36864662e-01 -4.73157237e-01 -4.68607921e-01 -4.65847108e+00
     -8.55064901e+00]
    [-2.26857441e-01 -3.40166316e-01 -7.79460219e-01 -5.34727909e+00
     -9.46487401e+00]]]


  [[[ 1.13284897e+01  7.47514858e+00  4.93623510e+00  8.38462168e-04
     -9.23200035e-02]
    [ 2.75398484e+00  6.07239615e-01 -7.61043821e-01 -4.73227746e+00
     -3.86594851e+00]
    [ 4.26262108e-01  3.58377059e-02 -2.38904731e+00 -6.36630238e+00
     -6.56510289e+00]
    [ 4.40750557e-01 -7.87136818e-01 -3.24684625e+00 -7.01440843e+00
     -8.30453525e+00]
    [ 1.65377653e-01 -1.97131885e+00 -4.14040036e+00 -4.96489133e+00
     -5.40647273e+00]]]


  [[[ 3.18216037e+01  2.45275962e+01  1.86690985e+01  1.14767065e+01
      1.51963079e+01]
    [ 1.21439064e+01  6.64663494e+00  2.19530717e+00 -2.44048661e+00
      5.60304607e+00]
    [ 4.94428175e+00  1.49849797e+00 -1.57496017e+00 -1.88451448e+00
      5.50299679e+00]
    [ 3.68132604e+00 -1.43158555e-01 -5.98569103e-01  5.61277963e-01
      7.22570798e+00]
    [ 4.11961520e+00  1.47050710e+00  3.45124812e+00  8.52146729e+00
      1.55528844e+01]]]


  [[[ 1.10899802e+01  6.34929921e+00  3.23444734e+00 -2.72333365e+00
     -4.90019699e+00]
    [ 3.25410823e+00 -4.00111359e-01 -3.07384484e+00 -9.07772220e+00
     -1.07626775e+01]
    [ 5.27227854e-01 -8.16049214e-01 -4.62469046e+00 -1.06913135e+01
     -1.23796781e+01]
    [ 9.59227388e-02 -4.18549413e-01 -3.18897285e+00 -9.25333112e+00
     -1.09950704e+01]
    [ 3.10168345e-01  5.64238581e-02 -1.45537081e+00 -3.89845953e+00
     -3.30709771e+00]]]


  [[[ 4.93044770e+00  1.45440313e-01 -8.77853171e-01 -1.35638501e+00
      3.72209183e+00]
    [ 4.14311065e+00 -7.67430335e-01 -6.43600289e-01 -6.59041088e-01
      3.87377315e+00]
    [ 3.68816044e+00 -7.81132714e-01 -8.59361213e-01 -8.74774174e-01
      3.59276545e+00]
    [ 3.60622942e+00 -8.50747119e-01 -9.39466591e-01 -9.32487586e-01
      1.44971827e+00]
    [ 4.49283516e+00  2.59125001e+00  4.52976105e+00  4.17158634e+00
      3.28148033e+00]]]]



 [[[[ 1.08365392e-01  1.06871968e-01  1.01139868e-01  1.12329761e-01
      6.01611285e-01]
    [ 5.63291430e-02  5.80699056e-02  5.96750020e-02  1.49794906e-01
      2.31957439e+00]
    [ 4.16402836e-02  5.11570497e-02  6.49201841e-02  1.14953512e+00
      8.38778685e+00]
    [ 5.76991127e-02  6.89159244e-02  9.21444063e-02  4.45645933e+00
      1.86799013e+01]
    [ 5.77784155e-02  6.03069999e-02  1.50286847e-01  6.12492488e+00
      2.32173900e+01]]]


  [[[ 1.02567090e-01  1.01505604e-01  9.48450620e-02  1.02405912e-01
      4.46625490e-01]
    [ 5.09025845e-02  5.21385215e-02  5.15598698e-02  1.09870055e-01
      1.67601228e+00]
    [ 3.82907596e-02  4.69039866e-02  5.81056514e-02  9.39771846e-01
      6.26615900e+00]
    [ 5.60871008e-02  6.65036759e-02  8.42543719e-02  3.90927735e+00
      1.42289347e+01]
    [ 5.81743376e-02  6.02468055e-02  1.33916256e-01  4.93242801e+00
      1.65524710e+01]]]


  [[[ 3.20763651e+01  9.92054470e+00  4.58355308e+00  4.96991524e+00
      2.12925295e+01]
    [ 4.36715271e+00  4.65119161e-01  1.60541309e+00  1.16939140e+01
      3.29162674e+01]
    [ 1.80311360e+00  7.92211202e-01  5.02643323e+00  2.39295428e+01
      5.87357581e+01]
    [ 1.29273797e+00  1.51503197e+00  1.03026747e+01  4.40769427e+01
      9.41008669e+01]
    [ 1.83951823e+00  5.84955874e+00  2.88435390e+01  7.76676431e+01
      1.35733511e+02]]]


  [[[ 3.73092210e+02  1.78945867e+02  7.21129964e+01  3.90419583e+01
      9.90602128e+01]
    [ 1.24151386e+02  3.28631918e+01  5.80142342e+00  1.23473788e+01
      6.47254412e+01]
    [ 3.81941218e+01  5.36029028e+00  7.26389273e+00  2.27982671e+01
      7.34492831e+01]
    [ 1.68307684e+01  2.48200279e+00  1.27435481e+01  4.76883665e+01
      1.02686330e+02]
    [ 2.73506127e+01  1.65532515e+01  4.13724176e+01  1.01761379e+02
      1.75863219e+02]]]


  [[[ 2.47636327e+01  6.57905875e+00  1.91288272e+00  1.69323244e+00
      9.53024830e+00]
    [ 2.92981672e+00  2.66820260e-01  2.06300091e+00  1.35694199e+01
      2.83662605e+01]
    [ 8.72454865e-01  1.09742281e+00  6.27684826e+00  2.54578896e+01
      4.48375286e+01]
    [ 7.88081028e-01  1.96595412e+00  7.39209441e+00  2.84368110e+01
      4.70275570e+01]
    [ 5.21071168e-01  5.26660867e-01  2.78076561e+00  1.50305166e+01
      2.97733704e+01]]]


  [[[ 1.69190562e+01  4.40071555e+00  3.13260505e+00  3.49030006e+00
      1.08848438e+01]
    [ 6.01964455e+00  3.04157602e-01  1.24601059e-01  1.30044607e-01
      7.29550364e+00]
    [ 3.83112564e+00  1.69379297e-01  1.56937446e-01  1.74693986e-01
      6.06843162e+00]
    [ 4.62076192e+00  1.92443864e-01  1.80248889e-01  1.87264049e-01
      4.57818706e+00]
    [ 1.83406923e+01  4.50346275e+00  4.67126419e+00  4.14021631e+00
      1.08785351e+01]]]]]