[[[[[ 5.23976280e-02  7.01603050e-02  5.47298849e-02  3.34689958e-02
      1.64414925e-02]
    [ 5.29955366e-02  6.26353944e-02  3.94352621e-02  1.69797177e-02
      2.68400294e-03]
    [ 5.35196876e-02  4.58115226e-02  2.00416406e-02 -7.24504358e-04
     -9.60413191e-03]
    [ 4.84143878e-02  3.10829927e-02  8.61900886e-03 -1.26309103e-02
     -1.15072295e-02]
    [ 4.27024936e-02  2.92777617e-02  1.03977765e-02 -7.97409355e-03
     -7.87014677e-04]]

   [[ 5.18504654e-02  6.74003845e-02  5.08479008e-02  3.04490275e-02
      1.39382573e-02]
    [ 5.25244871e-02  5.93480996e-02  3.66576916e-02  1.55856347e-02
      1.49247130e-03]
    [ 5.15391730e-02  4.17694482e-02  1.75448204e-02 -1.40446977e-03
     -9.22793790e-03]
    [ 4.52090156e-02  2.68454497e-02  5.48871179e-03 -1.35964767e-02
     -1.06332579e-02]
    [ 3.92225740e-02  2.55822982e-02  6.77956355e-03 -9.14430774e-03
     -7.62202477e-05]]

   [[-5.78858440e-02  1.14303351e-01  1.22857515e-01  7.88174623e-02
      2.94371401e-02]
    [-1.14724370e-02  1.55201177e-01  1.46098519e-01  4.15580456e-02
     -1.70280848e-02]
    [ 2.32709033e-02  1.11204190e-01  9.82267142e-02 -1.33978536e-02
     -3.86988962e-02]
    [ 1.08382659e-02  6.57628498e-02  4.03785084e-02 -7.45458114e-02
     -3.97505291e-02]
    [ 1.56453791e-03  2.49470713e-02 -2.71054891e-02 -8.90452749e-02
     -3.19592847e-03]]

   [[-3.62486535e-02  2.26723600e-01  1.70482965e-01  3.19855998e-02
     -6.31810366e-02]
    [ 8.44421630e-02  2.84385072e-01  1.59851793e-01 -6.40617779e-02
     -1.70048635e-01]
    [ 9.94448012e-02  1.43955514e-01  2.11248064e-02 -1.75889908e-01
     -2.37501288e-01]
    [ 3.78958621e-02  3.76729571e-02 -1.01913666e-01 -2.85013963e-01
     -2.38496679e-01]
    [ 1.71177405e-02 -1.73284809e-02 -1.84973548e-01 -3.18614442e-01
     -1.79507239e-01]]

   [[ 2.23451579e-02  6.96567634e-02  5.86884642e-02  4.01349510e-02
      1.69679577e-02]
    [ 3.92577624e-02  9.09866785e-02  6.10474225e-02  1.04782340e-02
     -1.19321732e-02]
    [ 4.45301261e-02  8.19282768e-02  5.20757506e-02 -5.08988983e-03
     -2.07597216e-02]
    [ 4.26463980e-02  6.43889031e-02  3.50451076e-02 -2.65208461e-02
     -1.85547235e-02]
    [ 2.84120271e-02  3.73957878e-02  7.57671477e-03 -2.88133023e-02
     -3.45843051e-03]]

   [[ 1.81285598e-01  1.89066178e-01  1.26942122e-01  4.42044033e-02
     -2.32325680e-02]
    [ 1.86547662e-01  1.52827038e-01  4.76580336e-02 -3.84054405e-02
     -7.68261939e-02]
    [ 1.59494142e-01  9.13541357e-02 -2.76796361e-02 -1.03603510e-01
     -1.21733268e-01]
    [ 1.37464580e-01  6.35316096e-02 -4.42711825e-02 -1.08341024e-01
     -1.22882683e-01]
    [ 1.31571913e-01  6.58093428e-02 -2.38522916e-02 -7.27755918e-02
     -8.98302782e-02]]]


  [[[ 2.90964139e-02  3.49748762e-02  2.49910240e-02  8.50850567e-03
     -1.52984201e-03]
    [ 4.05887675e-02  4.20377620e-02  2.52299964e-02  1.27151012e-02
      6.32397121e-03]
    [ 4.60537548e-02  4.01233707e-02  2.41310789e-02  1.72989283e-02
      1.28910858e-02]
    [ 4.48281386e-02  3.34746343e-02  2.22006434e-02  1.81135999e-02
      1.72667811e-02]
    [ 3.97205982e-02  3.18166951e-02  2.58864597e-02  2.46678286e-02
      2.71190242e-02]]

   [[ 2.86293392e-02  3.37874449e-02  2.27355711e-02  6.72859299e-03
     -2.69555662e-03]
    [ 3.99204274e-02  4.03203020e-02  2.31823821e-02  1.16351488e-02
      5.00462214e-03]
    [ 4.46632808e-02  3.76535889e-02  2.23408290e-02  1.65419495e-02
      1.18491735e-02]
    [ 4.23267171e-02  3.07402586e-02  2.03446646e-02  1.70724358e-02
      1.62121965e-02]
    [ 3.70454780e-02  2.94871101e-02  2.37643502e-02  2.29906271e-02
      2.58314119e-02]]

   [[ 1.71251271e-02  1.53451622e-01  1.13942015e-01  3.68766722e-02
      1.10353309e-02]
    [ 6.41510795e-02  1.62833480e-01  9.09454839e-02  1.41929894e-02
      2.55599905e-03]
    [ 9.23216221e-02  1.41058882e-01  8.86133583e-02  1.89477365e-02
      9.24603462e-03]
    [ 6.13568891e-02  8.13047464e-02  6.00887207e-02 -6.15670538e-05
     -1.46005053e-04]
    [ 4.88331596e-02  4.08085632e-02  8.63089959e-03 -2.57180174e-02
      1.54668319e-02]]

   [[ 8.93356242e-02  2.63923557e-01  1.68870746e-01  3.31359132e-02
     -1.28113952e-02]
    [ 1.98149967e-01  2.92572823e-01  1.39945412e-01  1.35344758e-02
     -7.46628587e-03]
    [ 2.36495001e-01  2.47307776e-01  1.16144644e-01  1.97583222e-02
      6.01302968e-03]
    [ 1.75994084e-01  1.40038730e-01  6.05790220e-02 -1.60357592e-02
     -6.55654283e-03]
    [ 1.30216703e-01  7.21884389e-02  7.46827563e-04 -4.02633573e-02
      3.38823294e-02]]

   [[ 3.94807121e-02  8.12628572e-02  6.09246090e-02  2.32987239e-02
      6.96432735e-03]
    [ 4.79835340e-02  8.11806538e-02  4.77832682e-02  8.68446905e-03
      3.60202616e-03]
    [ 7.07634677e-02  8.21781017e-02  5.39661594e-02  1.61650198e-02
      1.15130035e-02]
    [ 6.38913149e-02  6.19974169e-02  4.49378908e-02  1.32212247e-02
      1.29324951e-02]
    [ 3.99841748e-02  3.71936388e-02  2.41505878e-02  1.03962719e-02
      2.16315734e-02]]

   [[ 1.13633247e-01  9.20221115e-02  4.96554769e-02  1.47614777e-02
     -2.00917870e-02]
    [ 1.45662535e-01  1.03608312e-01  4.94460566e-02  2.95139125e-02
      1.18389244e-02]
    [ 1.50717092e-01  9.66700995e-02  4.12568854e-02  3.03521197e-02
      2.12053858e-02]
    [ 1.44245092e-01  9.50842870e-02  5.20160027e-02  4.80119892e-02
      4.45803132e-02]
    [ 1.28967123e-01  9.45609043e-02  7.70383189e-02  8.74473893e-02
      8.28471608e-02]]]


  [[[ 2.61940418e-02  3.42051547e-02  3.55453871e-02  3.06039810e-02
      2.06129913e-02]
    [ 2.82282924e-02  3.85360155e-02  3.94920736e-02  3.85085568e-02
      2.91376264e-02]
    [ 3.25673761e-02  3.65760496e-02  3.69970689e-02  3.86320945e-02
      3.02544368e-02]
    [ 3.33101360e-02  3.19528074e-02  3.31994459e-02  3.13159716e-02
      2.65742827e-02]
    [ 3.07511675e-02  3.17765562e-02  3.55628529e-02  3.24879418e-02
      3.05142588e-02]]

   [[ 2.54848835e-02  3.30910814e-02  3.34521798e-02  2.79860093e-02
      1.79069316e-02]
    [ 2.79926995e-02  3.74768398e-02  3.77564825e-02  3.63632098e-02
      2.62073246e-02]
    [ 3.18603769e-02  3.50905394e-02  3.55720626e-02  3.69139995e-02
      2.80038618e-02]
    [ 3.13800768e-02  2.98818787e-02  3.15654275e-02  2.95609683e-02
      2.48669752e-02]
    [ 2.82763369e-02  2.96636680e-02  3.30978218e-02  3.00902064e-02
      2.87700911e-02]]

   [[-3.20116063e-02  7.66091177e-02  7.68224137e-02  4.08855391e-02
      2.57910986e-02]
    [-3.45295262e-02  5.81714896e-02  5.71589678e-02  3.57259798e-02
      2.30604430e-02]
    [ 1.44530738e-02  7.09611604e-02  7.33841547e-02  3.46656649e-02
      2.36211966e-02]
    [ 7.96006819e-03  5.58118271e-02  7.21542321e-02  7.18996804e-03
      3.81590469e-03]
    [-3.95305761e-03  1.38928441e-02  1.03926155e-02 -2.96311343e-02
      8.52648768e-03]]

   [[-3.39855724e-02  1.25413392e-01  1.16659998e-01  6.33543532e-02
      3.49926639e-02]
    [ 5.02894622e-03  1.23831565e-01  1.00723999e-01  6.07089073e-02
      2.75799609e-02]
    [ 6.58961520e-02  1.17419114e-01  9.29050344e-02  4.43801258e-02
      1.54973278e-02]
    [ 4.20253862e-02  7.38137873e-02  7.03724025e-02 -1.05143309e-02
     -2.06723095e-02]
    [-9.92242220e-04  8.08467369e-04 -7.23398767e-03 -6.40906767e-02
     -1.62535447e-02]]

   [[ 2.12671194e-02  5.61135095e-02  5.35222072e-02  3.48237033e-02
      2.56058811e-02]
    [ 2.79108085e-03  4.05517041e-02  4.23958250e-02  2.93080959e-02
      2.30242448e-02]
    [ 2.80436318e-02  4.58464430e-02  4.55227550e-02  3.18051571e-02
      2.47580533e-02]
    [ 4.07589178e-02  5.33963130e-02  4.94610246e-02  2.17673939e-02
      1.82486359e-02]
    [ 1.60763626e-02  3.23265049e-02  3.11626398e-02  1.48717774e-02
      2.17988008e-02]]

   [[ 8.72834704e-02  9.90988865e-02  9.97676006e-02  9.14003297e-02
      5.34855403e-02]
    [ 1.04520766e-01  1.07581927e-01  9.75183233e-02  9.80365358e-02
      7.57407044e-02]
    [ 1.03086649e-01  9.05872155e-02  7.25984973e-02  7.58236763e-02
      6.06640863e-02]
    [ 1.02304330e-01  8.62228528e-02  6.89434698e-02  7.00502359e-02
      5.84055187e-02]
    [ 9.83216428e-02  8.97391045e-02  8.68972769e-02  9.43817706e-02
      7.70887693e-02]]]


  [[[ 1.57276375e-02  2.30696817e-02  1.95801431e-02  8.73220407e-03
     -8.73349645e-04]
    [ 2.57519408e-02  3.16585110e-02  2.14384270e-02  1.24461108e-02
      5.50582466e-03]
    [ 3.10761438e-02  2.85037838e-02  1.74129646e-02  1.34571249e-02
      7.77770387e-03]
    [ 2.84315853e-02  1.80822205e-02  1.01058987e-02  8.18804587e-03
      6.45371816e-03]
    [ 2.21711751e-02  1.44393907e-02  1.28278032e-02  1.25073963e-02
      1.33889234e-02]]

   [[ 1.57631322e-02  2.25218030e-02  1.79547868e-02  7.18773415e-03
     -1.95924301e-03]
    [ 2.57788686e-02  3.06998390e-02  1.99364214e-02  1.13660024e-02
      4.13898720e-03]
    [ 3.05885317e-02  2.71121888e-02  1.64179471e-02  1.29781512e-02
      6.84931483e-03]
    [ 2.69483144e-02  1.65113991e-02  9.26964007e-03  7.81260859e-03
      5.94824261e-03]
    [ 2.01429475e-02  1.29508764e-02  1.14973126e-02  1.14237599e-02
      1.28159257e-02]]

   [[-1.66449861e-02  1.08523755e-01  9.32461447e-02  3.53421694e-02
      1.32907999e-02]
    [ 8.26099503e-03  1.22336599e-01  8.35031959e-02  1.67870593e-02
      4.95148528e-03]
    [ 6.60708875e-02  1.31930487e-01  9.22962579e-02  1.60893798e-02
      5.87397002e-03]
    [ 7.18475058e-02  9.08440493e-02  6.11891695e-02 -1.05524852e-02
     -1.14727585e-02]
    [ 4.62050284e-02  2.29621382e-02 -9.01869158e-03 -4.34138746e-02
      2.33871287e-03]]

   [[ 5.28595831e-02  2.24271533e-01  1.75437422e-01  7.56300617e-02
      3.52675461e-02]
    [ 1.26787411e-01  2.55153609e-01  1.52769521e-01  4.08833606e-02
      2.04540904e-02]
    [ 2.00748693e-01  2.43273306e-01  1.35556200e-01  3.05882292e-02
      1.69836983e-02]
    [ 1.96128964e-01  1.60047293e-01  7.53684989e-02 -1.09425479e-02
     -7.27554428e-03]
    [ 1.25223977e-01  4.51099676e-02 -1.30859417e-02 -4.74729872e-02
      2.12187076e-02]]

   [[ 2.11369803e-02  5.91569506e-02  4.97056675e-02  2.26325816e-02
      8.76487088e-03]
    [ 1.91748047e-02  6.07116302e-02  4.00583342e-02  8.01064319e-03
      3.60033037e-03]
    [ 4.56889209e-02  6.68558701e-02  4.43090890e-02  1.07509743e-02
      6.08871003e-03]
    [ 5.71657947e-02  5.57042988e-02  3.46680065e-02  2.83688360e-03
      1.86762299e-03]
    [ 3.28314896e-02  2.67303525e-02  1.39330648e-02 -3.83594226e-04
      1.01699551e-02]]

   [[ 9.66948818e-02  9.18866224e-02  6.71476346e-02  4.13078124e-02
      7.65992602e-03]
    [ 1.21959492e-01  9.68449483e-02  5.63152758e-02  4.06072388e-02
      2.36259250e-02]
    [ 1.18372608e-01  7.21549244e-02  2.71689458e-02  2.20801216e-02
      1.40316055e-02]
    [ 1.05707849e-01  5.70312531e-02  2.15832773e-02  2.44649872e-02
      2.32997823e-02]
    [ 8.53816025e-02  5.46979384e-02  4.59440201e-02  6.23159314e-02
      5.61291167e-02]]]


  [[[ 4.07119749e-02  5.91982145e-02  6.90217271e-02  6.83791503e-02
      5.13001785e-02]
    [ 2.83526049e-02  4.98465476e-02  5.72218586e-02  4.56843965e-02
      2.94327510e-02]
    [ 2.06887571e-02  3.32391343e-02  3.31024826e-02  1.82463210e-02
      1.48773399e-02]
    [ 1.93760356e-02  2.99123825e-02  2.07302170e-02  1.68618278e-03
      1.18635393e-02]
    [ 2.88822184e-02  3.51273216e-02  2.08033655e-02  6.32261688e-03
      2.64888002e-02]]

   [[ 4.00747616e-02  5.79241424e-02  6.67593791e-02  6.45647372e-02
      4.65822113e-02]
    [ 2.85203311e-02  4.82988331e-02  5.58480482e-02  4.39851009e-02
      2.70201188e-02]
    [ 2.02648966e-02  3.11074577e-02  3.10483209e-02  1.70216585e-02
      1.39662048e-02]
    [ 1.81012841e-02  2.66125193e-02  1.66596312e-02 -6.98609826e-05
      1.10272537e-02]
    [ 2.75256746e-02  3.16782934e-02  1.62098905e-02  4.65115850e-03
      2.60583269e-02]]

   [[-8.43655068e-02  4.38690572e-02  1.05298972e-01  1.02456513e-01
      5.06470823e-02]
    [-5.05241570e-02  1.00527397e-01  1.55939780e-01  5.11919960e-02
     -2.47915551e-02]
    [-6.32381328e-02  1.66411788e-02  6.53415848e-02 -2.18107810e-02
     -9.20762023e-02]
    [-1.11484231e-01 -3.26782667e-02 -1.94621007e-02 -9.35324534e-02
     -1.39867819e-01]
    [-3.77187643e-02  4.03587210e-03 -6.70401134e-02 -1.27975050e-01
     -1.05607568e-01]]

   [[-2.05730699e-01  3.21748023e-02  1.43247670e-01  1.13193752e-01
      1.66739684e-02]
    [-9.51079490e-02  1.45142859e-01  2.12990875e-01  4.57829693e-02
     -1.06389338e-01]
    [-1.78145694e-01 -7.31694459e-02 -2.31882312e-02 -1.60585421e-01
     -2.97150660e-01]
    [-3.11223897e-01 -2.05054238e-01 -2.32950239e-01 -3.65152439e-01
     -4.11872950e-01]
    [-1.97451578e-01 -1.26416411e-01 -2.75146241e-01 -4.12030694e-01
     -3.28140311e-01]]

   [[-3.85194407e-03  2.96117919e-02  5.04313976e-02  6.79694004e-02
      4.85194934e-02]
    [ 3.91986643e-03  6.87900690e-02  7.64375030e-02  2.71496542e-02
      2.24656129e-03]
    [ 7.25448617e-04  4.89984635e-02  5.60163475e-02  2.78937274e-03
     -1.69406306e-02]
    [-2.01871319e-02  2.73284155e-02  2.58048137e-02 -2.09134916e-02
     -3.02441820e-02]
    [-8.23734332e-03  8.81684027e-03 -1.46068617e-02 -3.76490583e-02
     -2.34087160e-02]]

   [[ 8.08070429e-02  1.32487411e-01  1.52480566e-01  1.38935830e-01
      9.60487252e-02]
    [ 6.14078688e-02  9.84247463e-02  8.55275906e-02  6.10056704e-02
      4.38697873e-02]
    [ 1.91030496e-03  1.97219391e-02 -1.39441316e-02 -3.56251646e-02
     -1.02076565e-02]
    [-1.27617596e-02 -9.04587788e-04 -4.19658910e-02 -6.30141754e-02
     -9.98255654e-03]
    [ 2.45858702e-02  1.73830134e-02 -2.62747914e-02 -3.44530541e-02
      2.93843048e-02]]]


  [[[-4.03904377e-04  3.70391915e-04 -1.13803509e-02 -1.89410479e-02
     -2.03008013e-02]
    [ 1.62970832e-03 -8.04787430e-03 -2.52469154e-02 -2.78937903e-02
     -2.67904197e-02]
    [ 2.27983995e-03 -1.79346978e-02 -3.00923129e-02 -2.58045056e-02
     -2.34694162e-02]
    [-2.99753023e-03 -2.40083598e-02 -2.45514065e-02 -1.81681440e-02
     -1.29535659e-02]
    [-9.94597180e-03 -1.91197134e-02 -1.05204653e-02 -3.92260676e-03
     -1.45731586e-03]]

   [[ 3.41148299e-04  7.23263344e-04 -1.12467633e-02 -1.83600999e-02
     -2.00488796e-02]
    [ 1.88491843e-03 -8.22432507e-03 -2.45939617e-02 -2.64203551e-02
     -2.64042522e-02]
    [ 1.54593791e-03 -1.85484722e-02 -2.89593925e-02 -2.43023718e-02
     -2.27624901e-02]
    [-4.11060944e-03 -2.37685206e-02 -2.31716171e-02 -1.65084337e-02
     -1.15994509e-02]
    [-1.08246784e-02 -1.82493718e-02 -9.50738673e-03 -3.01190753e-03
     -3.38737451e-04]]

   [[ 2.78226902e-02  9.83214453e-02  4.87365514e-02 -1.51407209e-02
     -4.52151338e-02]
    [ 7.48106469e-02  8.81219513e-02  2.83966360e-02 -2.82219214e-02
     -9.09821345e-02]
    [ 9.29805333e-02  2.46719810e-02 -1.06246206e-02 -4.25676206e-02
     -9.19336395e-02]
    [ 4.48868663e-02 -1.80206902e-02 -2.42587448e-02 -6.57224510e-02
     -7.35416428e-02]
    [ 1.02389228e-02 -1.98477615e-02 -2.10540113e-02 -4.30255069e-02
     -7.77793189e-03]]

   [[ 5.13982417e-02  1.45038745e-01  3.66202139e-02 -6.31666111e-02
     -9.18028163e-02]
    [ 1.18982818e-01  9.82092802e-02 -2.55057267e-02 -9.45512185e-02
     -1.57983510e-01]
    [ 1.36220526e-01 -1.36959658e-02 -7.91112873e-02 -9.00751533e-02
     -1.46127193e-01]
    [ 6.00656901e-02 -7.39552026e-02 -8.88368329e-02 -1.10871270e-01
     -9.52053546e-02]
    [ 9.28641134e-03 -4.97125747e-02 -4.10158042e-02 -5.23563951e-02
      2.59323432e-02]]

   [[ 2.28706345e-02  3.21266212e-02  1.55561913e-03 -1.86483094e-02
     -2.41778087e-02]
    [ 3.88657062e-02  3.05497396e-02 -6.12036796e-03 -2.78435172e-02
     -4.29064203e-02]
    [ 4.54263050e-02  7.82836053e-03 -1.53359436e-02 -2.95042422e-02
     -4.32342999e-02]
    [ 2.55895159e-02 -1.78705714e-02 -1.95471251e-02 -3.63618256e-02
     -3.52104985e-02]
    [ 5.59837057e-04 -1.54057417e-02 -1.03441791e-02 -1.99814985e-02
     -9.87836330e-03]]

   [[-8.33409811e-03 -3.00526176e-02 -5.42635647e-02 -6.62819873e-02
     -6.31966132e-02]
    [-1.24980298e-02 -5.91505953e-02 -9.93662690e-02 -9.42634237e-02
     -6.11683905e-02]
    [-1.97315659e-02 -7.75780979e-02 -1.08955967e-01 -8.50076083e-02
     -4.22695681e-02]
    [-2.92047101e-02 -7.59127583e-02 -8.35295912e-02 -4.92691021e-02
     -1.05863567e-02]
    [-2.50321521e-02 -4.19611734e-02 -2.37864663e-02  1.20122910e-02
      3.11952417e-02]]]


  [[[ 4.02485721e-02  5.93768401e-02  7.47161804e-02  7.88066238e-02
      6.52420317e-02]
    [ 3.01389785e-02  5.36533605e-02  6.50496382e-02  5.80871071e-02
      4.63449547e-02]
    [ 2.40452090e-02  3.92880706e-02  4.31940737e-02  3.47388126e-02
      3.40222054e-02]
    [ 2.20083427e-02  3.30669498e-02  2.97380908e-02  2.05283443e-02
      3.06725460e-02]
    [ 2.80375967e-02  3.63044872e-02  2.95060760e-02  2.42812554e-02
      4.28671562e-02]]

   [[ 3.95082400e-02  5.82499558e-02  7.23049374e-02  7.44983934e-02
      6.00477430e-02]
    [ 3.00591376e-02  5.21674744e-02  6.32874911e-02  5.56576291e-02
      4.31271974e-02]
    [ 2.33959836e-02  3.70001382e-02  4.06922585e-02  3.28351163e-02
      3.19704853e-02]
    [ 2.06795377e-02  3.00191940e-02  2.57392563e-02  1.81017969e-02
      2.85116299e-02]
    [ 2.66961175e-02  3.33389054e-02  2.52859549e-02  2.18049473e-02
      4.10355081e-02]]

   [[-9.25958642e-02  2.91355767e-02  8.75538690e-02  8.84794819e-02
      5.26944816e-02]
    [-6.03740366e-02  9.43192352e-02  1.31787508e-01  3.45571689e-02
     -1.38267625e-02]
    [-6.40818922e-02  8.67434285e-03  4.13735045e-02 -2.88660192e-02
     -7.99142427e-02]
    [-1.00858538e-01 -5.05480937e-02 -4.55175766e-02 -8.96181200e-02
     -1.32802580e-01]
    [-4.34561011e-02 -2.10826566e-02 -8.70444184e-02 -1.26496754e-01
     -1.02258395e-01]]

   [[-2.53589846e-01 -2.08206782e-02  9.84687539e-02  8.82441792e-02
      2.01510973e-02]
    [-1.47684836e-01  1.03503582e-01  1.60436361e-01  2.00550360e-02
     -8.73914501e-02]
    [-2.15614803e-01 -1.11015608e-01 -6.79339844e-02 -1.67627128e-01
     -2.69213171e-01]
    [-3.33255935e-01 -2.56877056e-01 -2.76431341e-01 -3.52107197e-01
     -3.90748127e-01]
    [-2.49909594e-01 -1.95996853e-01 -3.13950256e-01 -4.00787598e-01
     -3.15556405e-01]]

   [[-8.77111936e-03  2.11056995e-02  4.76883669e-02  7.18307804e-02
      5.86015710e-02]
    [ 7.28922729e-04  6.77141379e-02  7.38596156e-02  3.17035571e-02
      1.72318298e-02]
    [-3.33817472e-03  4.67815370e-02  5.28075672e-02  1.10713461e-02
     -9.29846376e-04]
    [-1.94743417e-02  1.73491721e-02  1.81022664e-02 -8.08026973e-03
     -1.56347506e-02]
    [-9.86644618e-03 -2.57512700e-04 -1.82898169e-02 -2.62374897e-02
     -1.15159753e-02]]

   [[ 5.80628784e-02  1.20822354e-01  1.59642331e-01  1.64307836e-01
      1.31157703e-01]
    [ 4.47061751e-02  9.28073149e-02  1.02321245e-01  9.88187072e-02
      8.77052070e-02]
    [-8.17010369e-03  2.10823939e-02  1.18705738e-02  1.11786980e-02
      3.81038610e-02]
    [-3.05604804e-02 -5.44022786e-03 -1.52402446e-02 -1.29368074e-02
      3.85171685e-02]
    [-8.25131177e-03  4.55878338e-03 -1.44724490e-03  1.69329104e-02
      7.72157624e-02]]]


  [[[ 5.29632712e-02  7.10454008e-02  6.17293758e-02  4.83780497e-02
      4.23054505e-02]
    [ 5.42579190e-02  6.74772824e-02  5.27518696e-02  4.51135516e-02
      3.87837049e-02]
    [ 5.89637464e-02  5.77543263e-02  4.35028991e-02  3.87392934e-02
      2.86312602e-02]
    [ 5.26940679e-02  4.38479912e-02  3.81634267e-02  2.93320665e-02
      1.82195717e-02]
    [ 4.61429320e-02  4.27275110e-02  3.84978614e-02  2.47722491e-02
      1.86639173e-02]]

   [[ 5.17193185e-02  6.83260847e-02  5.74196339e-02  4.46167450e-02
      3.88640074e-02]
    [ 5.33449600e-02  6.41642160e-02  4.89688903e-02  4.21295410e-02
      3.54431351e-02]
    [ 5.70720704e-02  5.36577846e-02  4.02744513e-02  3.64348536e-02
      2.61490366e-02]
    [ 4.95141549e-02  4.02540554e-02  3.55778435e-02  2.69126209e-02
      1.64299652e-02]
    [ 4.25528251e-02  3.98097002e-02  3.54433349e-02  2.19575696e-02
      1.72890027e-02]]

   [[-6.75032703e-02  7.90926754e-02  6.35016922e-02  2.82583458e-03
      8.95002816e-03]
    [-6.59823283e-02  7.82719942e-02  2.58413519e-02 -2.18030781e-02
      7.02402156e-03]
    [-1.15033499e-02  6.46842992e-02  2.98710380e-02 -1.41247640e-02
      7.65505702e-03]
    [-2.00386528e-02  3.39908677e-02  5.37407487e-02 -6.25107488e-03
     -8.09143367e-03]
    [-4.42200567e-02 -3.84274023e-03  4.57255743e-03 -2.83595803e-02
      1.09214373e-02]]

   [[-1.20397075e-01  1.25476470e-01  6.02963773e-02 -6.84702400e-02
     -6.26706205e-02]
    [-7.60839111e-02  1.11230368e-01 -3.93799289e-02 -1.43255232e-01
     -1.19662170e-01]
    [-1.80772939e-02  2.71973767e-02 -9.57099966e-02 -1.63771181e-01
     -1.63732679e-01]
    [-5.29171809e-02 -4.03182325e-02 -7.86370680e-02 -1.62958890e-01
     -1.92955672e-01]
    [-1.03586031e-01 -1.01942183e-01 -1.32223490e-01 -2.08356592e-01
     -1.78098677e-01]]

   [[ 2.85858088e-02  6.90581617e-02  5.00888840e-02  2.89353662e-02
      3.13679936e-02]
    [ 1.60438421e-02  7.03666636e-02  3.70928991e-02  1.48244817e-02
      2.32548965e-02]
    [ 2.69803489e-02  5.97783188e-02  2.95959447e-02  1.36314709e-02
      1.56718872e-02]
    [ 3.78711318e-02  5.59913990e-02  4.18729443e-02  1.65107314e-02
      7.48959075e-03]
    [ 1.38815092e-02  3.53497624e-02  2.77293365e-02  8.46809126e-03
      1.18687859e-02]]

   [[ 1.46326213e-01  1.73293046e-01  1.52637887e-01  1.14116866e-01
      6.42534948e-02]
    [ 1.57808868e-01  1.50433774e-01  9.84676933e-02  6.12011701e-02
      2.10650723e-02]
    [ 1.44504387e-01  1.12610699e-01  4.99585851e-02  8.33882203e-03
     -3.44757345e-02]
    [ 1.27985273e-01  9.52897532e-02  3.84453718e-02 -8.04097414e-03
     -5.48376469e-02]
    [ 1.21806176e-01  9.16219690e-02  4.15852944e-02  8.58232572e-04
     -4.67292542e-02]]]


  [[[ 2.70740044e-02  4.45173863e-02  4.77466133e-02  4.63767615e-02
      4.65239087e-02]
    [ 4.15493521e-02  5.23590493e-02  4.55131834e-02  4.15535218e-02
      4.16020254e-02]
    [ 5.11927667e-02  4.79234422e-02  3.53166440e-02  3.22688235e-02
      3.18247276e-02]
    [ 4.80057487e-02  3.62718210e-02  2.26677179e-02  1.85956103e-02
      1.74045511e-02]
    [ 3.76975096e-02  2.60473652e-02  1.64059131e-02  1.37350214e-02
      1.85643500e-02]]

   [[ 2.66802287e-02  4.31697117e-02  4.52716722e-02  4.35125264e-02
      4.35432307e-02]
    [ 4.04410938e-02  4.95903538e-02  4.30018266e-02  3.94324138e-02
      3.89254231e-02]
    [ 4.92525693e-02  4.46395120e-02  3.28835212e-02  3.06935525e-02
      2.92344473e-02]
    [ 4.54097902e-02  3.32162580e-02  2.04961992e-02  1.73003557e-02
      1.51914376e-02]
    [ 3.47883141e-02  2.31973055e-02  1.41312005e-02  1.18375065e-02
      1.68188763e-02]]

   [[-9.54351193e-02 -1.68904382e-02  7.49943675e-03  1.47130736e-02
      1.53959628e-02]
    [-4.23795661e-02  4.36704732e-02  3.23732474e-02 -7.99574940e-03
      1.74910191e-03]
    [ 2.91771526e-02  6.80258389e-02  4.34217303e-02 -5.43709121e-03
     -4.07175436e-02]
    [ 3.87992834e-02  4.90340849e-02  1.82152218e-02 -2.08326384e-02
     -1.22313834e-01]
    [ 1.68064422e-02 -7.54705657e-03 -5.19230421e-02 -8.93166769e-02
     -1.37467459e-01]]

   [[-2.87055916e-01 -1.06701627e-01 -7.03560795e-02 -9.23771994e-02
     -9.02637152e-02]
    [-1.60392672e-01  6.81656437e-04 -3.61619233e-02 -1.20741961e-01
     -1.14780005e-01]
    [-5.37242852e-02 -1.66106059e-02 -8.56297848e-02 -1.65948750e-01
     -2.25262397e-01]
    [-4.60592355e-02 -7.60941831e-02 -1.74389838e-01 -2.38014671e-01
     -3.83188287e-01]
    [-1.17993718e-01 -1.91917887e-01 -2.93998923e-01 -3.50118542e-01
     -4.13360924e-01]]

   [[-1.36850556e-02 -8.44669198e-05  1.32456501e-02  3.31258213e-02
      3.66710695e-02]
    [ 9.29844380e-03  4.37835364e-02  2.86949381e-02  1.44474662e-02
      2.22907137e-02]
    [ 3.59861933e-02  4.76697782e-02  2.44208518e-02  8.38276419e-03
      4.54101332e-03]
    [ 4.72180848e-02  4.41920983e-02  1.89224088e-02  2.17365459e-03
     -2.71014214e-02]
    [ 2.67538647e-02  1.44104902e-02 -7.37115056e-03 -1.87477275e-02
     -3.33897296e-02]]

   [[ 7.51091196e-03  6.78775055e-02  8.70693307e-02  7.12541763e-02
      5.24954485e-02]
    [ 5.23568966e-02  7.93468194e-02  6.43221120e-02  4.34594701e-02
      3.25011051e-02]
    [ 6.05421613e-02  4.35439936e-02  3.92112823e-03 -2.05770705e-02
     -1.82572308e-02]
    [ 3.83600400e-02  3.04011994e-04 -4.70123623e-02 -6.73746674e-02
     -3.84306349e-02]
    [-8.16982422e-04 -3.51033261e-02 -6.63214967e-02 -6.04673740e-02
     -1.29509543e-02]]]


  [[[ 2.16355007e-02  3.66600265e-02  3.69996470e-02  3.93939967e-02
      4.77937895e-02]
    [ 1.60286989e-02  1.50455610e-02  7.66819461e-03  1.81328694e-02
      2.79545378e-02]
    [ 1.09373679e-02 -2.58679276e-03 -1.12024783e-02  2.19089782e-03
      9.79237798e-03]
    [-2.83098372e-03 -2.51066010e-02 -2.47269186e-02 -1.04008217e-02
     -4.80436875e-03]
    [-1.13794966e-02 -2.90456865e-02 -2.08086928e-02 -9.89904781e-03
     -1.23051885e-02]]

   [[ 2.13613672e-02  3.51320200e-02  3.45830945e-02  3.72722224e-02
      4.51840556e-02]
    [ 1.53007247e-02  1.34610645e-02  5.96596284e-03  1.64580049e-02
      2.51190512e-02]
    [ 9.76009603e-03 -3.48543488e-03 -1.13255483e-02  1.55011903e-03
      7.73837393e-03]
    [-3.78957869e-03 -2.42333952e-02 -2.23576518e-02 -8.46057170e-03
     -4.15675545e-03]
    [-1.27892980e-02 -2.81469945e-02 -1.83667567e-02 -7.97268433e-03
     -1.10999421e-02]]

   [[-5.87548550e-02 -2.79729564e-02 -4.63635679e-02 -6.65160889e-02
     -6.24402009e-02]
    [-4.93936373e-02 -6.89642759e-02 -1.19282243e-01 -1.16870497e-01
     -1.25827751e-01]
    [ 1.50920032e-02 -2.18833237e-02 -8.80088306e-02 -1.34236031e-01
     -1.36690108e-01]
    [ 3.86644650e-02 -2.06418365e-02 -6.57236315e-02 -1.23366516e-01
     -1.20512078e-01]
    [-1.00121138e-02 -8.14917997e-02 -6.69440008e-02 -5.49042521e-02
     -6.28509853e-02]]

   [[-1.55329469e-01 -5.10887573e-02 -8.89070176e-02 -1.21100437e-01
     -9.52059831e-02]
    [-2.20727221e-01 -2.28262554e-01 -3.34869673e-01 -3.36134277e-01
     -3.09911018e-01]
    [-1.53884585e-01 -2.47497008e-01 -3.75625061e-01 -4.09460560e-01
     -3.79386846e-01]
    [-1.28245591e-01 -2.64672755e-01 -3.44658252e-01 -3.69035067e-01
     -3.38590450e-01]
    [-2.19014800e-01 -3.55560101e-01 -3.18080203e-01 -2.59402889e-01
     -2.65832307e-01]]

   [[-2.10576601e-03  7.25846332e-03 -4.02018357e-03  1.85114266e-03
      1.43178306e-02]
    [-7.82959354e-03 -1.90904055e-02 -4.17733061e-02 -2.68303176e-02
     -1.84440903e-02]
    [ 2.22415976e-03 -2.59466442e-02 -6.19917264e-02 -5.34617123e-02
     -4.58728941e-02]
    [ 1.80939079e-02 -2.06983416e-02 -5.28644617e-02 -6.31245286e-02
     -5.82917072e-02]
    [ 4.75976497e-03 -3.09478796e-02 -3.58645589e-02 -3.70208506e-02
     -4.12034594e-02]]

   [[ 1.67986669e-02  7.29825936e-02  1.09376444e-01  1.19437959e-01
      1.34587704e-01]
    [-4.62392158e-02 -3.79935780e-02 -3.06464267e-02 -6.28655701e-03
      3.45253948e-02]
    [-9.11151819e-02 -1.23423827e-01 -1.26748433e-01 -8.32125000e-02
     -3.73014895e-02]
    [-1.31161415e-01 -1.75128442e-01 -1.71243752e-01 -1.21126630e-01
     -7.97692723e-02]
    [-1.37985664e-01 -1.62369101e-01 -1.48612764e-01 -1.14964363e-01
     -9.64826691e-02]]]


  [[[ 6.04847808e-03  1.20774830e-02  1.37159703e-02  1.14108740e-02
      9.55554272e-03]
    [ 1.31428687e-02  1.93879473e-02  1.74315229e-02  1.71626729e-02
      1.72464969e-02]
    [ 1.77464045e-02  1.75592390e-02  1.44679689e-02  1.87880125e-02
      1.94319245e-02]
    [ 1.26411963e-02  6.64255689e-03  8.40243416e-03  1.56432905e-02
      1.61054973e-02]
    [ 5.47543235e-03  2.32655883e-03  8.40836687e-03  1.36068186e-02
      1.39153809e-02]]

   [[ 5.89108623e-03  1.16709319e-02  1.27470268e-02  1.03338728e-02
      8.57013501e-03]
    [ 1.30456644e-02  1.87257716e-02  1.64328138e-02  1.61314415e-02
      1.57992201e-02]
    [ 1.73044785e-02  1.65731093e-02  1.39214296e-02  1.82613583e-02
      1.81869925e-02]
    [ 1.18840062e-02  5.95521450e-03  8.32976555e-03  1.52821866e-02
      1.52336413e-02]
    [ 4.59343874e-03  2.01639720e-03  8.05698390e-03  1.27012447e-02
      1.30735122e-02]]

   [[-3.45742840e-02  1.62052054e-02  1.62755660e-02  9.23210845e-03
      8.96906496e-03]
    [-3.20557202e-02  1.76082379e-02  1.25955947e-02  1.09720326e-02
      1.25395174e-02]
    [ 1.79765097e-02  1.67512139e-02  1.03079933e-02  1.18412487e-02
      1.30875126e-02]
    [ 3.10904636e-02 -1.69353169e-03 -1.67673296e-03 -7.02575677e-04
      6.65122411e-04]
    [ 5.22177574e-03 -2.17845236e-02 -2.48800011e-02 -2.48476161e-02
     -4.27116954e-03]]

   [[-6.85539479e-02  1.71350527e-02  1.42172466e-02  2.27524806e-03
      3.32330504e-03]
    [-4.76019479e-02  2.20010732e-02  4.87805144e-03 -4.19094785e-04
      8.68500082e-03]
    [ 2.00523165e-02  1.57439550e-02  3.47729511e-03  7.51682855e-03
      1.29308321e-02]
    [ 3.67631207e-02 -1.33134805e-02 -1.40002521e-02 -8.16549749e-03
     -6.62923089e-03]
    [-2.78375378e-02 -6.87948303e-02 -5.94337154e-02 -4.86292219e-02
     -2.41999260e-02]]

   [[ 5.35100192e-03  1.63675379e-02  1.47367538e-02  1.18366859e-02
      1.14413792e-02]
    [-3.51304321e-03  1.52853950e-02  1.25269633e-02  1.20043148e-02
      1.41584046e-02]
    [ 1.19068823e-02  1.42108101e-02  1.06318123e-02  1.28055492e-02
      1.41705955e-02]
    [ 2.00615685e-02  2.51260465e-03  3.84882112e-03  8.08208653e-03
      8.87714977e-03]
    [ 5.40302691e-03 -4.59147744e-03 -1.07566046e-03  3.11872252e-03
      8.25615669e-03]]

   [[ 1.60512734e-02  3.14861983e-02  3.58081231e-02  3.29898713e-02
      2.18062157e-02]
    [ 3.52055295e-02  4.26230644e-02  4.01182393e-02  4.29799019e-02
      4.18374189e-02]
    [ 3.41775081e-02  2.90936761e-02  2.58967051e-02  3.55277487e-02
      3.88235861e-02]
    [ 1.67515635e-02  1.06406660e-02  1.64799018e-02  2.89129030e-02
      3.06297443e-02]
    [-8.86015335e-03 -3.83394081e-03  1.56416502e-02  3.27262875e-02
      2.93872434e-02]]]


  [[[ 1.41917329e-02  1.59785414e-02 -5.63108018e-03 -1.95909471e-02
     -2.07435425e-02]
    [ 1.24000415e-02 -1.07785112e-03 -2.58799618e-02 -3.02081307e-02
     -2.26038318e-02]
    [ 8.99514991e-04 -2.17447078e-02 -3.80658497e-02 -3.11516087e-02
     -1.60992590e-02]
    [-1.52475633e-02 -3.82769593e-02 -4.11601026e-02 -2.19384321e-02
      3.40748284e-03]
    [-2.38092835e-02 -3.79658059e-02 -2.93555245e-02 -1.34941179e-03
      2.05970093e-02]]

   [[ 1.50138215e-02  1.53587136e-02 -6.32432315e-03 -1.88228403e-02
     -2.00370538e-02]
    [ 1.29397890e-02 -1.57388889e-03 -2.55331236e-02 -2.83225116e-02
     -2.14752670e-02]
    [ 7.32242603e-04 -2.20216757e-02 -3.69579808e-02 -2.92366406e-02
     -1.45768973e-02]
    [-1.57867199e-02 -3.72573039e-02 -3.93553361e-02 -1.99407175e-02
      4.96767415e-03]
    [-2.41484135e-02 -3.64332960e-02 -2.72428913e-02  5.94738258e-04
      2.14776208e-02]]

   [[ 4.47453204e-02  1.86610530e-01  1.06876035e-01  5.70306410e-04
     -2.49056286e-02]
    [ 1.23791132e-01  1.54164701e-01  5.78961506e-02 -4.47707978e-02
     -7.14042153e-02]
    [ 1.09328905e-01  5.90581351e-02 -2.32440717e-02 -8.88505170e-02
     -5.77321981e-02]
    [ 2.96084618e-02 -2.91974256e-02 -1.02985811e-01 -1.20396491e-01
      3.96146514e-03]
    [ 1.24452373e-02 -5.35997412e-02 -1.10634668e-01 -6.68222462e-02
      7.84770390e-02]]

   [[ 1.94490222e-01  3.54874216e-01  1.72095322e-01  1.57897500e-02
      1.44366312e-02]
    [ 2.87851515e-01  2.68851399e-01  6.71548591e-02 -5.98719405e-02
     -3.90361475e-02]
    [ 2.39775454e-01  9.17262719e-02 -6.89732931e-02 -1.11351776e-01
     -8.57547899e-03]
    [ 9.51481062e-02 -6.03955843e-02 -1.85553065e-01 -1.37051991e-01
      1.11799681e-01]
    [ 5.41073784e-02 -6.96426423e-02 -1.47342653e-01 -2.04922178e-02
      2.62425450e-01]]

   [[ 3.30110372e-02  8.36029825e-02  3.46181390e-02 -9.80158899e-03
     -1.82984859e-02]
    [ 5.67467041e-02  6.10007713e-02  9.43770854e-03 -3.50153865e-02
     -3.55924671e-02]
    [ 5.30370403e-02  2.58370610e-02 -1.34736069e-02 -4.34694559e-02
     -2.64937625e-02]
    [ 1.23446531e-02 -2.55044303e-02 -4.74806284e-02 -4.79894677e-02
      3.55069201e-03]
    [-5.27724757e-03 -3.81816049e-02 -4.99214909e-02 -2.27647400e-02
      3.26292471e-02]]

   [[ 9.39933169e-02  4.30684381e-02 -1.88064698e-02 -4.10656157e-02
     -2.66266569e-02]
    [ 6.25833827e-02 -9.69658849e-03 -7.39083596e-02 -6.61747810e-02
     -1.65872158e-02]
    [ 7.04690426e-03 -6.72829981e-02 -1.02866561e-01 -5.07569764e-02
      1.91787638e-02]
    [-4.08423121e-02 -9.68062614e-02 -8.33608518e-02  3.09504970e-03
      7.06653575e-02]
    [-4.68809793e-02 -6.65919230e-02 -1.33115322e-02  7.53845921e-02
      1.13405013e-01]]]


  [[[ 1.51963278e-02  2.11707200e-02  6.86818981e-03 -2.87138009e-03
     -3.73526081e-03]
    [ 1.74996353e-02  1.03644264e-02 -7.95445377e-03 -1.18671214e-02
     -7.44201401e-03]
    [ 1.29008206e-02 -2.88172637e-03 -1.59308494e-02 -1.32638693e-02
     -3.14962448e-03]
    [ 7.68781467e-04 -1.53770322e-02 -1.92036231e-02 -8.51583663e-03
      1.22736442e-02]
    [-9.60900046e-03 -1.74827106e-02 -1.15663890e-02  7.62483513e-03
      2.66942410e-02]]

   [[ 1.57361702e-02  2.04175822e-02  5.83011598e-03 -2.90170827e-03
     -3.99856390e-03]
    [ 1.76106092e-02  9.39096438e-03 -8.38283198e-03 -1.11240272e-02
     -7.44474796e-03]
    [ 1.21616329e-02 -3.93899695e-03 -1.59980054e-02 -1.26976153e-02
     -2.74034538e-03]
    [-2.00661380e-04 -1.53901992e-02 -1.87893142e-02 -7.52236041e-03
      1.32187407e-02]
    [-1.02769283e-02 -1.70315780e-02 -1.08850544e-02  8.75511666e-03
      2.72650595e-02]]

   [[ 6.07900868e-03  1.34875589e-01  8.41952124e-02  9.04513694e-03
     -2.38264660e-02]
    [ 7.81702359e-02  1.14398850e-01  5.28147039e-02 -2.68101373e-02
     -7.96970976e-02]
    [ 8.02473366e-02  4.63101988e-02 -1.34073590e-02 -7.60029335e-02
     -7.45122211e-02]
    [ 1.39703874e-02 -1.23208428e-02 -7.77249371e-02 -1.18756820e-01
     -2.29214395e-02]
    [-1.54248331e-02 -4.21894761e-02 -8.98416728e-02 -7.12736723e-02
      5.43484809e-02]]

   [[ 5.94719664e-02  2.25756020e-01  1.00668536e-01 -1.41178466e-02
     -4.10421159e-02]
    [ 1.48230488e-01  1.60713368e-01  2.03775430e-02 -8.52609973e-02
     -1.18921109e-01]
    [ 1.32355498e-01  3.03312125e-02 -8.49288038e-02 -1.44564185e-01
     -1.04511890e-01]
    [ 2.10442226e-02 -7.00803719e-02 -1.82046449e-01 -1.92839888e-01
      8.18683809e-04]
    [-3.52655651e-02 -9.21392469e-02 -1.66410626e-01 -9.67228860e-02
      1.50774621e-01]]

   [[ 1.62519475e-02  6.24205141e-02  2.98871928e-02  5.40218114e-04
     -8.21474092e-03]
    [ 4.31319461e-02  5.04820381e-02  1.36773908e-02 -1.87125769e-02
     -2.87693604e-02]
    [ 4.51741989e-02  2.49020113e-02 -4.08233401e-03 -2.97695860e-02
     -2.47433187e-02]
    [ 1.33985792e-02 -9.72273494e-03 -3.01043610e-02 -4.28346730e-02
     -2.47499232e-03]
    [-1.06253310e-02 -2.23842495e-02 -3.34500040e-02 -2.09882450e-02
      2.62853960e-02]]

   [[ 5.81892016e-02  3.46997272e-02 -6.18810460e-03 -2.51488589e-02
     -1.37355072e-02]
    [ 4.56802959e-02  5.64396887e-04 -4.96267808e-02 -4.91375064e-02
     -7.82442322e-03]
    [ 1.31635825e-02 -4.08578210e-02 -7.20344140e-02 -3.66432397e-02
      2.13468647e-02]
    [-2.24212696e-02 -6.57314858e-02 -6.01317128e-02  3.78554241e-03
      6.21517861e-02]
    [-3.46800799e-02 -4.45752184e-02 -5.87933082e-03  6.24428694e-02
      9.80678383e-02]]]


  [[[-1.56316822e-03 -2.78251090e-03 -1.97896396e-02 -3.08072387e-02
     -3.12648181e-02]
    [ 3.97160477e-04 -1.15805064e-02 -3.07684998e-02 -3.40236849e-02
     -3.02590900e-02]
    [-3.14414135e-04 -2.23684037e-02 -3.58370813e-02 -3.13196884e-02
     -2.70487925e-02]
    [-7.64016401e-03 -2.96282818e-02 -3.14568544e-02 -2.16330081e-02
     -1.75335732e-02]
    [-1.52902051e-02 -2.59794836e-02 -1.91870484e-02 -9.13629311e-03
     -8.21490119e-03]]

   [[-6.90125112e-04 -2.48810519e-03 -1.95753896e-02 -2.96545765e-02
     -2.98160602e-02]
    [ 8.44141067e-04 -1.16110628e-02 -2.98835768e-02 -3.21510908e-02
     -2.87304536e-02]
    [-7.95039342e-04 -2.26316785e-02 -3.43566943e-02 -2.92546004e-02
     -2.54528805e-02]
    [-8.46095536e-03 -2.89821702e-02 -2.95958669e-02 -2.00585972e-02
     -1.63634256e-02]
    [-1.58629427e-02 -2.47305982e-02 -1.75206733e-02 -8.28487909e-03
     -7.54700691e-03]]

   [[ 3.05536287e-02  1.00128736e-01  4.53026326e-02 -2.22561125e-02
     -2.44082422e-02]
    [ 8.32553352e-02  7.78797251e-02  2.07224298e-02 -2.74542736e-02
     -2.37338225e-02]
    [ 9.82918838e-02  2.07115579e-02 -1.42411024e-02 -2.44382215e-02
     -1.12292268e-02]
    [ 4.20168438e-02 -1.84188854e-02 -2.63687431e-02 -1.75715529e-02
      8.49104686e-03]
    [ 4.09930275e-03 -2.04556062e-02 -1.99837838e-02 -3.53290738e-03
      4.16762891e-02]]

   [[ 1.30382753e-01  2.05979085e-01  6.87058435e-02 -4.04764874e-02
     -2.14540601e-02]
    [ 1.98276526e-01  1.49717722e-01  2.28178719e-02 -3.71485642e-02
     -3.21477843e-03]
    [ 2.14446701e-01  4.89080290e-02 -2.21478239e-02 -9.38675554e-03
      2.59802688e-02]
    [ 1.30443946e-01 -2.52903259e-03 -2.55745941e-02  1.80838220e-02
      6.91359622e-02]
    [ 7.56251348e-02  2.09484010e-02  2.20779764e-02  6.87858296e-02
      1.41655354e-01]]

   [[ 2.19161862e-02  3.55210134e-02 -5.48878280e-04 -2.68225405e-02
     -2.63405890e-02]
    [ 3.83412990e-02  2.46926568e-02 -1.04841950e-02 -3.02060524e-02
     -2.58336769e-02]
    [ 4.61476149e-02  2.40701943e-03 -2.04061792e-02 -2.57729358e-02
     -1.96464894e-02]
    [ 2.34669013e-02 -2.13415531e-02 -2.51232410e-02 -1.56014239e-02
     -5.56552938e-03]
    [-2.04457027e-03 -1.87961099e-02 -1.54083953e-02 -4.04684918e-03
      8.59830523e-03]]

   [[ 3.35485480e-02 -3.56189595e-03 -4.66469012e-02 -6.94233512e-02
     -7.18015182e-02]
    [ 2.80545320e-02 -2.46737394e-02 -7.28054407e-02 -7.77376106e-02
     -6.42833962e-02]
    [ 1.62197585e-02 -4.48666800e-02 -8.05240111e-02 -6.87191931e-02
     -5.19318291e-02]
    [ 1.93057676e-03 -4.82853556e-02 -5.86475543e-02 -3.58441624e-02
     -2.61045929e-02]
    [ 4.95942980e-03 -1.79716318e-02 -6.01787747e-03  1.63605282e-02
      6.16187959e-03]]]


  [[[ 8.85325543e-03  1.15107580e-02  1.79885171e-03 -1.31289153e-02
     -2.09927360e-02]
    [ 1.57523338e-02  1.50781878e-02 -3.06012340e-03 -1.54296278e-02
     -1.80516210e-02]
    [ 1.85419838e-02  8.49442032e-03 -1.06455039e-02 -1.51291088e-02
     -1.52011536e-02]
    [ 1.51967796e-02 -2.88260305e-03 -1.67347546e-02 -1.52262436e-02
     -1.22731205e-02]
    [ 7.95506148e-03 -7.43571945e-03 -1.10764785e-02 -5.32367996e-03
     -1.14876431e-03]]

   [[ 9.41723148e-03  1.15560753e-02  9.38394361e-04 -1.34751046e-02
     -2.06385627e-02]
    [ 1.61804442e-02  1.47462249e-02 -3.60661806e-03 -1.49527582e-02
     -1.76980024e-02]
    [ 1.85164176e-02  7.69899756e-03 -1.06239376e-02 -1.39747902e-02
     -1.45724154e-02]
    [ 1.42440539e-02 -3.68411199e-03 -1.63551123e-02 -1.40948229e-02
     -1.15804608e-02]
    [ 6.51669042e-03 -7.96652424e-03 -1.08359341e-02 -4.99590759e-03
     -7.07990021e-04]]

   [[ 2.48713015e-02  1.41158054e-01  1.01650607e-01  1.97229303e-02
     -2.30248386e-03]
    [ 6.27614012e-02  1.57666610e-01  8.81997262e-02 -4.51680304e-03
     -1.28846930e-02]
    [ 9.97367117e-02  1.51471935e-01  8.33692594e-02 -6.20664618e-03
     -1.07367347e-02]
    [ 9.30077244e-02  9.87923703e-02  4.36660375e-02 -2.47437125e-02
     -2.00139451e-02]
    [ 6.94586272e-02  2.61276307e-02 -1.83465456e-02 -4.33536622e-02
      5.12758804e-03]]

   [[ 1.66589712e-01  3.06884778e-01  2.11113066e-01  7.40375119e-02
      4.05747553e-02]
    [ 2.42842582e-01  3.31681672e-01  1.76593128e-01  2.81953430e-02
      2.62786881e-02]
    [ 2.91140770e-01  2.99338509e-01  1.37388490e-01  1.82140669e-02
      3.14759099e-02]
    [ 2.73886245e-01  1.97186238e-01  6.36633087e-02 -3.81743354e-03
      2.73342956e-02]
    [ 2.09880143e-01  8.04774279e-02 -2.76597541e-03 -4.32150191e-03
      8.46225896e-02]]

   [[ 2.90933192e-02  6.22515996e-02  3.92153103e-02  2.94223812e-03
     -9.31085785e-03]
    [ 3.50468028e-02  6.73563935e-02  2.95908955e-02 -1.48343488e-02
     -1.60773430e-02]
    [ 5.76952329e-02  6.63104754e-02  2.81959266e-02 -1.22996594e-02
     -1.20668819e-02]
    [ 5.92346758e-02  4.66456483e-02  1.48271897e-02 -1.44309267e-02
     -1.07088670e-02]
    [ 3.45827326e-02  1.65336803e-02 -1.89592016e-03 -1.12206961e-02
      2.64736225e-03]]

   [[ 9.70196015e-02  7.04118777e-02  2.78045093e-02 -4.38064767e-03
     -2.72528794e-02]
    [ 1.09100945e-01  5.92049970e-02  6.82871493e-04 -1.68680242e-02
     -2.01037087e-02]
    [ 1.03484940e-01  3.07643489e-02 -3.07480832e-02 -3.21016530e-02
     -2.40665916e-02]
    [ 8.81613433e-02  1.47460587e-02 -3.01808058e-02 -1.73734646e-02
     -1.26084752e-03]
    [ 6.62920029e-02  1.64865967e-02  7.02115245e-03  3.62891670e-02
      4.59151843e-02]]]


  [[[ 3.93026522e-02  5.65528393e-02  7.21087495e-02  8.46499379e-02
      8.63061980e-02]
    [ 3.53342731e-02  4.89745074e-02  5.96786987e-02  6.90950833e-02
      7.46536423e-02]
    [ 2.99300516e-02  3.71085740e-02  4.17476002e-02  4.85472325e-02
      5.67478412e-02]
    [ 2.09445458e-02  2.58450425e-02  2.62545785e-02  3.17332731e-02
      4.24323158e-02]
    [ 1.87619950e-02  2.51458091e-02  2.66214529e-02  3.34143662e-02
      4.31707561e-02]]

   [[ 3.81993310e-02  5.48844039e-02  6.95200737e-02  8.05538136e-02
      8.12297930e-02]
    [ 3.43735917e-02  4.72380845e-02  5.78006866e-02  6.63333801e-02
      7.07026093e-02]
    [ 2.86469085e-02  3.52638297e-02  3.95268962e-02  4.62343989e-02
      5.34123039e-02]
    [ 1.90992531e-02  2.35711745e-02  2.33560139e-02  2.92927603e-02
      3.92605967e-02]
    [ 1.68504521e-02  2.23800377e-02  2.32453614e-02  3.05773282e-02
      3.98449049e-02]]

   [[-7.45032569e-02 -1.81805809e-02  1.68551057e-02  3.50916408e-02
      4.42082071e-02]
    [-3.01302341e-02  9.19455067e-03  1.17979033e-02 -2.62083284e-02
     -4.15754002e-03]
    [-1.01401717e-02  1.70249217e-02 -1.53094991e-02 -7.99390728e-02
     -6.13993277e-02]
    [-4.34586162e-02 -1.97825307e-02 -8.25248827e-02 -1.15778242e-01
     -1.05676710e-01]
    [-6.80964694e-02 -9.31082337e-02 -1.53352219e-01 -1.37770533e-01
     -1.06904160e-01]]

   [[-2.52764999e-01 -1.17398010e-01 -3.33336701e-02 -6.38708194e-03
      1.36310507e-02]
    [-1.56076757e-01 -5.10784268e-02 -3.40726875e-02 -1.00473731e-01
     -7.87553943e-02]
    [-1.89287018e-01 -1.32289568e-01 -1.69743320e-01 -2.52204658e-01
     -2.31731885e-01]
    [-2.92549656e-01 -2.56380396e-01 -3.42576861e-01 -3.58059071e-01
     -3.38036359e-01]
    [-3.53887737e-01 -3.73916290e-01 -4.41789271e-01 -4.06788436e-01
     -3.58200863e-01]]

   [[-1.74978469e-02  3.46017830e-03  2.78899838e-02  6.11766278e-02
      6.93261292e-02]
    [ 1.64196296e-03  2.30798109e-02  2.16686945e-02  1.91397570e-02
      3.77118182e-02]
    [ 1.45315818e-02  2.42833232e-02  7.98109193e-03 -3.05054118e-03
      1.43826517e-02]
    [ 1.07576289e-02  2.46287930e-02 -2.05714970e-03 -1.00729193e-02
     -1.93572157e-03]
    [-9.72898620e-03 -1.36551546e-02 -3.39321337e-02 -2.09143767e-02
     -9.01850254e-03]]

   [[ 2.57636270e-02  9.62646567e-02  1.52936003e-01  1.84313293e-01
      1.90967877e-01]
    [ 1.45671653e-02  6.51933019e-02  1.02387470e-01  1.29534862e-01
      1.42641894e-01]
    [-3.61245551e-02 -1.11269588e-02  1.58981952e-02  4.85172393e-02
      7.21120259e-02]
    [-7.40366773e-02 -5.07663353e-02 -2.20973553e-02  1.39488663e-02
      4.60755942e-02]
    [-7.84224686e-02 -4.24719652e-02 -4.28214842e-03  3.39200668e-02
      5.66870915e-02]]]]



 [[[[ 9.43676811e-04  1.13352418e-03  6.96535939e-04  4.10458303e-04
      4.46839459e-04]
    [ 1.04816042e-03  1.02630183e-03  4.76686503e-04  2.70644393e-04
      3.81548512e-04]
    [ 1.16739219e-03  8.25700565e-04  2.66925759e-04  1.33795339e-04
      2.76896253e-04]
    [ 1.13404627e-03  6.39393500e-04  2.28120912e-04  1.44041432e-04
      2.16802225e-04]
    [ 1.10140706e-03  6.90913864e-04  2.80959973e-04  1.51598581e-04
      1.69681972e-04]]

   [[ 8.76990389e-04  1.02725228e-03  6.03701229e-04  3.66108434e-04
      4.07652956e-04]
    [ 9.68459325e-04  9.09397679e-04  4.08334261e-04  2.52298201e-04
      3.56345723e-04]
    [ 1.05786927e-03  7.05315155e-04  2.18965007e-04  1.27315368e-04
      2.62065927e-04]
    [ 1.00787229e-03  5.35260768e-04  1.89377120e-04  1.38685774e-04
      2.06225413e-04]
    [ 9.79475812e-04  5.92284170e-04  2.33156972e-04  1.41868309e-04
      1.62269432e-04]]

   [[ 2.53456801e-03  3.20212878e-03  3.36815478e-03  1.59144883e-03
      7.24618302e-04]
    [ 1.47646021e-03  4.50994554e-03  3.67031189e-03  1.05856097e-03
      6.45366385e-04]
    [ 1.09049366e-03  2.98335131e-03  2.39007326e-03  8.49717997e-04
      5.32659076e-04]
    [ 1.38874756e-03  2.39352845e-03  1.37275474e-03  1.43944769e-03
      5.17955618e-04]
    [ 1.56799555e-03  1.84408850e-03  9.38341735e-04  1.76681241e-03
      3.80218597e-04]]

   [[ 7.16156256e-03  1.30670465e-02  1.35405194e-02  1.38540345e-02
      1.94669476e-02]
    [ 6.66360034e-03  1.51588037e-02  1.10276871e-02  1.54298154e-02
      2.50486204e-02]
    [ 6.21876004e-03  8.95875767e-03  1.03514429e-02  1.92144762e-02
      2.67825253e-02]
    [ 6.79104402e-03  1.04662337e-02  1.63955472e-02  2.82386034e-02
      2.66971711e-02]
    [ 7.47614267e-03  1.30088015e-02  1.95823064e-02  3.21383355e-02
      2.41000030e-02]]

   [[ 7.37012689e-04  1.23925138e-03  8.51320606e-04  4.34182393e-04
      3.80803394e-04]
    [ 9.85705350e-04  1.67733659e-03  7.43600611e-04  1.48974957e-04
      3.10451504e-04]
    [ 1.07275910e-03  1.57168556e-03  6.83626267e-04  1.76426075e-04
      2.52383390e-04]
    [ 9.42064811e-04  1.09633604e-03  4.55458220e-04  3.24840167e-04
      2.09501764e-04]
    [ 8.35898915e-04  7.31603073e-04  2.33880913e-04  3.29299629e-04
      1.96713878e-04]]

   [[ 7.61669312e-03  8.11364721e-03  5.98521861e-03  5.81010025e-03
      8.04249155e-03]
    [ 8.46186865e-03  5.72520755e-03  2.81446159e-03  5.34369240e-03
      9.26230282e-03]
    [ 8.67177012e-03  4.29928870e-03  2.35942736e-03  5.83736905e-03
      9.90561637e-03]
    [ 8.85311501e-03  5.37105740e-03  4.28535006e-03  6.67388056e-03
      9.46014523e-03]
    [ 9.12161023e-03  6.15239222e-03  5.65637815e-03  7.23474876e-03
      8.71713083e-03]]]


  [[[ 6.36390770e-04  7.76870756e-04  5.43899236e-04  3.89290192e-04
      4.17361550e-04]
    [ 7.22927569e-04  7.87027901e-04  4.92361234e-04  3.47011885e-04
      3.56826407e-04]
    [ 6.88249561e-04  6.65874995e-04  4.20192478e-04  2.95795577e-04
      2.93486436e-04]
    [ 6.44948337e-04  6.09237807e-04  4.60821749e-04  3.19456382e-04
      2.87313390e-04]
    [ 5.65832961e-04  6.43829916e-04  5.92283920e-04  4.49021561e-04
      3.71094345e-04]]

   [[ 6.04318920e-04  7.06481188e-04  4.76494588e-04  3.52981462e-04
      3.81289651e-04]
    [ 6.82845846e-04  7.13580400e-04  4.30669868e-04  3.16108392e-04
      3.26097463e-04]
    [ 6.37773535e-04  5.92363865e-04  3.66619541e-04  2.67037573e-04
      2.67725771e-04]
    [ 5.83925199e-04  5.40285412e-04  4.04269547e-04  2.82745057e-04
      2.61780776e-04]
    [ 5.14126877e-04  5.83344093e-04  5.23597191e-04  3.95277491e-04
      3.34713425e-04]]

   [[ 2.20047961e-03  5.70270330e-03  3.95289296e-03  8.68644743e-04
      3.16509492e-04]
    [ 3.90824888e-03  6.25049444e-03  2.86348167e-03  5.21455740e-04
      2.75406551e-04]
    [ 4.67306368e-03  5.78933354e-03  2.41997479e-03  3.65627807e-04
      2.13704999e-04]
    [ 2.73220700e-03  3.26227090e-03  1.19821757e-03  2.81033893e-04
      1.81008215e-04]
    [ 1.39766099e-03  1.27745854e-03  5.27966527e-04  3.97008688e-04
      3.56862162e-04]]

   [[ 1.41209484e-02  2.12634931e-02  1.12729504e-02  2.33265146e-03
      2.91363666e-03]
    [ 2.11804715e-02  2.20547287e-02  7.59540453e-03  9.82334753e-04
      2.05476870e-03]
    [ 2.25371511e-02  1.87249268e-02  4.91069041e-03  6.59179642e-04
      1.96520333e-03]
    [ 1.55896753e-02  1.13699810e-02  2.51554658e-03  8.47974130e-04
      2.59717595e-03]
    [ 8.91171835e-03  6.32843913e-03  2.98726316e-03  2.62711258e-03
      5.19749577e-03]]

   [[ 8.15991051e-04  1.68091595e-03  1.10400596e-03  3.23516070e-04
      3.03419994e-04]
    [ 1.10384004e-03  1.57739359e-03  7.15058986e-04  2.47690073e-04
      2.57882231e-04]
    [ 1.69675758e-03  1.80035354e-03  8.53687482e-04  2.67623617e-04
      2.17278979e-04]
    [ 1.49980754e-03  1.49239446e-03  7.18985523e-04  2.51188609e-04
      1.90172752e-04]
    [ 6.82144541e-04  7.60756022e-04  5.31336756e-04  3.32445867e-04
      3.34019115e-04]]

   [[ 8.45671049e-03  6.74995257e-03  3.94935333e-03  3.08899322e-03
      4.13626750e-03]
    [ 7.62690777e-03  4.91939639e-03  2.21684682e-03  1.65490267e-03
      2.55133822e-03]
    [ 6.69903750e-03  3.89452303e-03  1.83043115e-03  1.38259318e-03
      2.36856436e-03]
    [ 6.77152769e-03  4.64549843e-03  2.82097895e-03  1.81616274e-03
      2.33375348e-03]
    [ 6.86300823e-03  5.90827957e-03  4.68533915e-03  3.82259155e-03
      3.61332906e-03]]]


  [[[ 5.01002828e-04  5.55904202e-04  4.10570332e-04  3.20585703e-04
      3.00169798e-04]
    [ 4.82072614e-04  5.39872578e-04  4.57199578e-04  4.17029711e-04
      3.22984417e-04]
    [ 4.51775287e-04  5.16182689e-04  4.89917141e-04  4.33041956e-04
      3.10942820e-04]
    [ 5.39580451e-04  6.18064987e-04  6.06609229e-04  5.14884263e-04
      3.71044226e-04]
    [ 5.66867054e-04  7.08105376e-04  7.86945181e-04  6.88966064e-04
      4.91184207e-04]]

   [[ 4.73092725e-04  5.06481659e-04  3.61134933e-04  2.83853494e-04
      2.68731658e-04]
    [ 4.49568142e-04  4.92760035e-04  4.12954107e-04  3.74733893e-04
      2.83853798e-04]
    [ 4.15718942e-04  4.66825022e-04  4.43720741e-04  3.89297091e-04
      2.74885698e-04]
    [ 4.91952205e-04  5.53927178e-04  5.43494497e-04  4.57594928e-04
      3.27821588e-04]
    [ 5.14163183e-04  6.41030768e-04  7.03547405e-04  6.06134048e-04
      4.29827532e-04]]

   [[ 2.60498704e-03  3.42336693e-03  2.54780887e-03  8.99359653e-04
      3.92329462e-04]
    [ 4.43742880e-03  3.24874740e-03  2.23808300e-03  9.90865373e-04
      3.57342052e-04]
    [ 3.62132826e-03  2.20813160e-03  1.86739083e-03  5.14541760e-04
      2.59037129e-04]
    [ 1.76538839e-03  1.70160754e-03  1.47756417e-03  3.96668026e-04
      2.19586669e-04]
    [ 9.33822979e-04  8.92446977e-04  6.49798148e-04  5.48383645e-04
      2.99113516e-04]]

   [[ 1.64111837e-02  1.64367057e-02  9.87216000e-03  5.29439402e-03
      5.10898258e-03]
    [ 2.10029578e-02  1.37410332e-02  7.07425574e-03  3.13149608e-03
      2.66585240e-03]
    [ 1.46110158e-02  7.98905701e-03  4.08440344e-03  1.47269828e-03
      2.02753547e-03]
    [ 7.91109045e-03  5.45216211e-03  2.79926921e-03  2.26976898e-03
      2.86138844e-03]
    [ 4.30850214e-03  3.35284561e-03  3.13117570e-03  3.96402098e-03
      3.35303067e-03]]

   [[ 6.65530264e-04  9.35555392e-04  6.82054402e-04  3.14743383e-04
      2.65029953e-04]
    [ 6.52054436e-04  6.70669405e-04  4.74906760e-04  2.74036681e-04
      2.17454939e-04]
    [ 6.63176185e-04  6.48191941e-04  6.18747758e-04  3.25553832e-04
      2.24083724e-04]
    [ 9.41814703e-04  1.11265154e-03  8.71498345e-04  4.06334461e-04
      2.73986261e-04]
    [ 4.72313925e-04  8.07109780e-04  7.70123515e-04  4.87115790e-04
      3.66647373e-04]]

   [[ 6.89021415e-03  5.73110198e-03  4.08251437e-03  3.15295115e-03
      3.31777825e-03]
    [ 5.11395765e-03  4.06629743e-03  3.03436509e-03  2.65838882e-03
      2.44642212e-03]
    [ 4.09333036e-03  3.49308199e-03  2.65025892e-03  2.11372217e-03
      2.01434829e-03]
    [ 4.66721850e-03  4.61545895e-03  4.12760446e-03  3.24411181e-03
      2.59814651e-03]
    [ 5.41911514e-03  6.12995149e-03  6.34930307e-03  5.49504977e-03
      3.75642682e-03]]]


  [[[ 5.80280692e-04  6.50909208e-04  4.42975228e-04  2.88596896e-04
      3.06051437e-04]
    [ 5.98491624e-04  6.58170918e-04  4.42531135e-04  3.06531247e-04
      2.82748482e-04]
    [ 5.13824774e-04  5.21773109e-04  3.50272711e-04  2.35771203e-04
      2.22649290e-04]
    [ 4.82509386e-04  4.75500991e-04  3.61241637e-04  2.54015707e-04
      2.12401706e-04]
    [ 4.41108429e-04  5.11992300e-04  4.93752450e-04  3.77132004e-04
      2.49388232e-04]]

   [[ 5.46225843e-04  5.88238277e-04  3.85163529e-04  2.58698264e-04
      2.82216942e-04]
    [ 5.62540657e-04  5.97704470e-04  3.89806897e-04  2.75212451e-04
      2.58222831e-04]
    [ 4.75337944e-04  4.66242882e-04  3.07877055e-04  2.11066233e-04
      2.04366682e-04]
    [ 4.38352256e-04  4.21980788e-04  3.16359423e-04  2.24791748e-04
      1.93177336e-04]
    [ 3.99658946e-04  4.62121767e-04  4.37290680e-04  3.29726744e-04
      2.21134737e-04]]

   [[ 1.98218044e-03  3.94263295e-03  2.90546466e-03  6.58370940e-04
      2.94803155e-04]
    [ 3.39095878e-03  4.53982324e-03  2.50883712e-03  5.47758635e-04
      2.37300833e-04]
    [ 3.92435563e-03  4.11109634e-03  2.28020092e-03  2.61353306e-04
      1.61958218e-04]
    [ 2.59691351e-03  2.20299683e-03  9.88119514e-04  2.25066009e-04
      1.98693157e-04]
    [ 1.19293963e-03  8.18590887e-04  3.56550843e-04  5.81135453e-04
      3.24194298e-04]]

   [[ 1.25593880e-02  1.80054152e-02  1.08792475e-02  3.76265234e-03
      4.31479953e-03]
    [ 1.76421202e-02  1.79759347e-02  7.69784344e-03  1.60813210e-03
      3.15820643e-03]
    [ 1.63502915e-02  1.30527860e-02  5.06293678e-03  7.20333803e-04
      3.11489932e-03]
    [ 1.14844279e-02  6.95860489e-03  2.15803835e-03  1.21208971e-03
      4.24960132e-03]
    [ 6.83316232e-03  4.06650463e-03  2.79220438e-03  3.58992489e-03
      5.90542245e-03]]

   [[ 6.25671859e-04  1.10671072e-03  8.09525838e-04  2.83817589e-04
      2.33550407e-04]
    [ 7.06921385e-04  1.05161008e-03  5.29074898e-04  2.01719751e-04
      1.96421826e-04]
    [ 9.98486699e-04  1.14011844e-03  5.95801935e-04  1.74895129e-04
      1.55916417e-04]
    [ 1.41334499e-03  1.10032491e-03  5.32870134e-04  2.19443974e-04
      1.61562586e-04]
    [ 7.38105228e-04  6.14729019e-04  4.18065415e-04  3.44269187e-04
      2.73531212e-04]]

   [[ 7.66116266e-03  6.16578171e-03  3.79657602e-03  2.67042922e-03
      3.43137319e-03]
    [ 5.99213114e-03  4.20373902e-03  2.22202663e-03  1.58408026e-03
      2.36553131e-03]
    [ 4.45703969e-03  2.70019738e-03  1.35752430e-03  9.64065527e-04
      2.15239258e-03]
    [ 4.39131467e-03  3.07119202e-03  2.04764611e-03  1.43183397e-03
      2.21646482e-03]
    [ 4.64196137e-03  4.23148023e-03  3.83289264e-03  3.18634750e-03
      2.82140280e-03]]]


  [[[ 4.56838528e-04  6.49737037e-04  8.80579393e-04  9.04592161e-04
      6.48626626e-04]
    [ 4.26630769e-04  5.95529218e-04  7.40112763e-04  5.57210203e-04
      3.46186344e-04]
    [ 4.79350408e-04  4.69982631e-04  4.87033094e-04  3.21233651e-04
      2.41690836e-04]
    [ 4.53258446e-04  4.02683587e-04  4.26917852e-04  3.51825961e-04
      2.54019545e-04]
    [ 4.92992321e-04  4.88620516e-04  4.68537546e-04  3.93860391e-04
      3.62283781e-04]]

   [[ 4.19449661e-04  6.13365754e-04  8.18482237e-04  8.09509515e-04
      5.62131285e-04]
    [ 3.90465051e-04  5.54781704e-04  6.89654073e-04  5.04983054e-04
      3.05834092e-04]
    [ 4.29443077e-04  4.24982341e-04  4.40261100e-04  2.86056199e-04
      2.19384603e-04]
    [ 3.93203150e-04  3.53114482e-04  3.76697623e-04  3.13578005e-04
      2.26282930e-04]
    [ 4.30663750e-04  4.34260364e-04  4.13845122e-04  3.47740837e-04
      3.27928819e-04]]

   [[ 3.35589015e-03  2.70816957e-03  3.23474712e-03  2.84449880e-03
      1.41737195e-03]
    [ 2.62880599e-03  3.41928036e-03  4.26869773e-03  1.51184086e-03
      7.66070152e-04]
    [ 2.35328726e-03  2.06975696e-03  1.94246727e-03  1.10691617e-03
      1.48601114e-03]
    [ 3.73821211e-03  2.20656874e-03  1.45133008e-03  2.28002853e-03
      2.98659465e-03]
    [ 1.90757389e-03  1.29052448e-03  1.91239936e-03  3.20053556e-03
      1.92193952e-03]]

   [[ 1.78487389e-02  1.19458158e-02  1.42200572e-02  1.33724705e-02
      9.42580757e-03]
    [ 1.24534693e-02  1.09052840e-02  1.12198628e-02  8.14511175e-03
      1.03222900e-02]
    [ 1.46714130e-02  9.52521581e-03  8.78128364e-03  1.36247601e-02
      2.26906589e-02]
    [ 2.34228218e-02  1.81247057e-02  2.34034515e-02  3.36277801e-02
      3.41886925e-02]
    [ 1.17855236e-02  1.24941102e-02  2.74415753e-02  3.89422035e-02
      2.43263157e-02]]

   [[ 4.96642879e-04  6.09548720e-04  7.15955841e-04  1.01419807e-03
      6.40921974e-04]
    [ 7.54458300e-04  1.08470904e-03  9.19737154e-04  3.22822773e-04
      2.00664052e-04]
    [ 5.66234020e-04  6.89733904e-04  6.83541041e-04  3.36542611e-04
      2.12818495e-04]
    [ 7.21612443e-04  6.18955037e-04  5.13490780e-04  4.56983940e-04
      3.22224801e-04]
    [ 6.65941274e-04  4.73754894e-04  4.26477690e-04  5.21217325e-04
      2.71282225e-04]]

   [[ 2.86998449e-03  5.08728435e-03  7.45886911e-03  6.38310052e-03
      4.54783831e-03]
    [ 2.73311487e-03  3.75455692e-03  5.28998633e-03  4.18365422e-03
      3.20009625e-03]
    [ 2.60467420e-03  3.03677142e-03  4.96740743e-03  4.53337365e-03
      3.86974954e-03]
    [ 2.43400525e-03  4.07780733e-03  7.32827547e-03  6.39925451e-03
      4.01274270e-03]
    [ 2.27170687e-03  4.82005682e-03  8.86458377e-03  7.49429157e-03
      4.12373047e-03]]]


  [[[ 2.71661832e-04  2.70112090e-04  3.13470564e-04  4.33967693e-04
      4.88738312e-04]
    [ 2.48213386e-04  2.98584849e-04  4.25062929e-04  4.78624995e-04
      5.19851338e-04]
    [ 2.42532541e-04  3.69787817e-04  5.10504680e-04  4.74589407e-04
      5.68538065e-04]
    [ 2.38727651e-04  4.01518232e-04  4.65537246e-04  4.75779405e-04
      5.65873576e-04]
    [ 2.21969895e-04  2.99106504e-04  3.31314548e-04  3.66941996e-04
      4.20270902e-04]]

   [[ 2.42318500e-04  2.45104874e-04  2.90082286e-04  4.02116732e-04
      4.46002473e-04]
    [ 2.23268863e-04  2.74668528e-04  3.87596846e-04  4.33918159e-04
      4.79180568e-04]
    [ 2.25050446e-04  3.50863038e-04  4.60927072e-04  4.27322854e-04
      5.22175707e-04]
    [ 2.23576339e-04  3.80713116e-04  4.19648513e-04  4.30227132e-04
      5.13218853e-04]
    [ 2.03439940e-04  2.77718086e-04  3.02199333e-04  3.35365175e-04
      3.82806371e-04]]

   [[ 3.05452087e-03  3.98023372e-03  1.29277951e-03  4.80366651e-04
      6.98990472e-04]
    [ 5.45520592e-03  2.58565957e-03  5.09833966e-04  5.35438629e-04
      1.52097879e-03]
    [ 4.31576950e-03  4.90759591e-04  3.22041863e-04  5.60847675e-04
      1.47907799e-03]
    [ 9.44808622e-04  2.44785996e-04  4.56687211e-04  9.37514031e-04
      1.06575753e-03]
    [ 2.81013607e-04  3.41475564e-04  5.88864980e-04  6.31429869e-04
      3.07741850e-04]]

   [[ 2.08870507e-02  1.75327362e-02  7.78143980e-03  6.55031346e-03
      5.79684954e-03]
    [ 2.41808265e-02  1.03380566e-02  4.97030399e-03  6.21368345e-03
      7.71178753e-03]
    [ 1.53043897e-02  4.42110157e-03  5.01733106e-03  5.61669688e-03
      6.79549408e-03]
    [ 5.07401519e-03  3.68062906e-03  5.68661802e-03  7.17818319e-03
      5.09740518e-03]
    [ 3.12600089e-03  4.66854485e-03  7.32554094e-03  7.21878497e-03
      3.97626556e-03]]

   [[ 6.18225217e-04  6.29218856e-04  2.20013438e-04  2.82010429e-04
      4.18618273e-04]
    [ 6.41150790e-04  4.01388844e-04  2.53916576e-04  4.01523173e-04
      6.00985471e-04]
    [ 6.06583503e-04  1.49471342e-04  2.88555903e-04  3.90982942e-04
      6.15617808e-04]
    [ 2.77345248e-04  2.18202685e-04  3.02311626e-04  4.43183796e-04
      5.06825165e-04]
    [ 9.82052854e-05  2.04020288e-04  2.75168027e-04  2.91890267e-04
      2.89048466e-04]]

   [[ 2.81626879e-03  2.65242045e-03  3.02738745e-03  3.22490454e-03
      3.48569835e-03]
    [ 1.39387210e-03  2.30448930e-03  3.71325431e-03  3.66723584e-03
      3.11952042e-03]
    [ 1.05963008e-03  2.81519272e-03  4.05627070e-03  3.51493070e-03
      3.21255165e-03]
    [ 1.40892972e-03  3.16282384e-03  3.69245094e-03  3.17578843e-03
      3.15082659e-03]
    [ 1.71379135e-03  2.63778984e-03  3.16409364e-03  3.10607118e-03
      2.69499571e-03]]]


  [[[ 2.97094620e-04  6.30210360e-04  1.01746293e-03  1.14979111e-03
      8.45287082e-04]
    [ 2.56324938e-04  6.61087623e-04  9.58416203e-04  8.46917366e-04
      5.76902428e-04]
    [ 3.27014212e-04  6.38202294e-04  7.95359878e-04  7.07370846e-04
      5.24939124e-04]
    [ 4.07938987e-04  6.33823232e-04  8.05271338e-04  7.91041516e-04
      6.10630620e-04]
    [ 4.28889413e-04  7.00282170e-04  8.55411847e-04  8.87213252e-04
      8.64682856e-04]]

   [[ 2.82142566e-04  6.01859360e-04  9.47679556e-04  1.02763230e-03
      7.28267440e-04]
    [ 2.49904455e-04  6.26143942e-04  8.91037359e-04  7.63022780e-04
      5.00234306e-04]
    [ 3.12930103e-04  5.87277159e-04  7.22073023e-04  6.32687004e-04
      4.56591622e-04]
    [ 3.77136264e-04  5.70429421e-04  7.17784732e-04  6.98062432e-04
      5.25499189e-04]
    [ 3.97030020e-04  6.41635571e-04  7.64713521e-04  7.84289920e-04
      7.60946622e-04]]

   [[ 3.28038389e-03  2.75468389e-03  2.83606250e-03  2.28887913e-03
      1.24738156e-03]
    [ 2.82487238e-03  3.79891377e-03  3.67526596e-03  9.92223357e-04
      5.11646982e-04]
    [ 2.44255701e-03  2.27920630e-03  1.30195226e-03  7.97110947e-04
      1.17134495e-03]
    [ 3.17973387e-03  2.22591449e-03  1.52050398e-03  2.12342791e-03
      2.74001729e-03]
    [ 1.60110519e-03  1.14093041e-03  2.19871392e-03  2.90462353e-03
      1.92253805e-03]]

   [[ 2.31515103e-02  1.51474376e-02  1.10896701e-02  8.87357031e-03
      6.72859091e-03]
    [ 1.87884445e-02  1.44575048e-02  9.76814977e-03  4.81809918e-03
      6.45827641e-03]
    [ 1.88243713e-02  1.19491377e-02  6.22003089e-03  9.34483865e-03
      1.57492878e-02]
    [ 2.62985367e-02  1.89055212e-02  1.85830633e-02  2.35861147e-02
      2.54535183e-02]
    [ 1.57469781e-02  1.18578589e-02  2.03511789e-02  2.66489663e-02
      1.79890891e-02]]

   [[ 3.79343089e-04  4.91778959e-04  6.37871774e-04  1.01523343e-03
      7.24531568e-04]
    [ 4.95734765e-04  1.00476129e-03  8.44622058e-04  3.64440278e-04
      2.47206968e-04]
    [ 3.21045420e-04  6.72887916e-04  6.43225484e-04  3.86116677e-04
      3.08071005e-04]
    [ 5.45248691e-04  5.42192130e-04  5.63392396e-04  5.78881448e-04
      4.72874236e-04]
    [ 3.34476335e-04  3.98547611e-04  5.09012627e-04  5.85776186e-04
      4.89516163e-04]]

   [[ 2.36916363e-03  4.45823199e-03  6.54097246e-03  6.32241327e-03
      5.26235085e-03]
    [ 1.94582432e-03  3.25463348e-03  4.33851430e-03  3.73062299e-03
      3.13952801e-03]
    [ 2.12242683e-03  3.21018949e-03  4.16877192e-03  3.21025510e-03
      2.65878947e-03]
    [ 2.61904885e-03  4.53643530e-03  6.29270701e-03  4.65197821e-03
      3.18303063e-03]
    [ 2.39685763e-03  5.01092206e-03  7.44619272e-03  6.40281548e-03
      5.10310624e-03]]]


  [[[ 1.06881246e-03  1.39516593e-03  1.12036914e-03  8.29421362e-04
      6.76334976e-04]
    [ 1.24656196e-03  1.40571313e-03  9.92758108e-04  7.96275863e-04
      5.93017064e-04]
    [ 1.45543760e-03  1.32477537e-03  8.92942776e-04  6.91581152e-04
      4.55371678e-04]
    [ 1.45788863e-03  1.23282921e-03  9.80094719e-04  7.19717629e-04
      4.61742620e-04]
    [ 1.52819545e-03  1.41942377e-03  1.11193401e-03  7.61269777e-04
      5.58155859e-04]]

   [[ 9.90938494e-04  1.27451753e-03  9.86104046e-04  7.30073603e-04
      5.90081816e-04]
    [ 1.15348761e-03  1.26308085e-03  8.70786086e-04  7.09356273e-04
      5.11493936e-04]
    [ 1.33169615e-03  1.16814898e-03  7.82913069e-04  6.16064279e-04
      3.95384949e-04]
    [ 1.31617244e-03  1.09271579e-03  8.66215107e-04  6.34518409e-04
      4.03993256e-04]
    [ 1.38230096e-03  1.27275867e-03  9.76313181e-04  6.66786776e-04
      4.92954180e-04]]

   [[ 3.24751552e-03  3.45559692e-03  2.06810609e-03  1.21215020e-03
      8.62459199e-04]
    [ 3.82371781e-03  4.10052497e-03  1.46270390e-03  1.39179702e-03
      8.03216708e-04]
    [ 3.06553283e-03  2.81935103e-03  1.26934429e-03  1.01874248e-03
      3.99672177e-04]
    [ 2.82520842e-03  2.58466062e-03  1.52298108e-03  9.71273698e-04
      4.48502435e-04]
    [ 2.54839555e-03  1.79551736e-03  8.31058952e-04  8.82317566e-04
      6.31535343e-04]]

   [[ 1.85278101e-02  1.44954721e-02  1.04669527e-02  1.82670359e-02
      2.25473133e-02]
    [ 1.66395000e-02  1.18783619e-02  1.05837453e-02  2.30643520e-02
      2.72162533e-02]
    [ 1.21492272e-02  7.38904224e-03  1.03019874e-02  1.94111538e-02
      2.58469240e-02]
    [ 1.13586245e-02  8.67199584e-03  1.17025196e-02  2.00936627e-02
      2.86362529e-02]
    [ 9.49635447e-03  8.64124920e-03  1.29270024e-02  2.41616514e-02
      2.98749117e-02]]

   [[ 8.56426064e-04  1.44692792e-03  8.64116823e-04  5.37377927e-04
      4.95969326e-04]
    [ 9.50941939e-04  1.49410893e-03  6.36495112e-04  4.23114133e-04
      3.48408326e-04]
    [ 1.04515269e-03  1.33595039e-03  6.84448676e-04  5.04031241e-04
      3.05727845e-04]
    [ 7.92958055e-04  9.41467391e-04  7.79110592e-04  6.13627171e-04
      4.06668971e-04]
    [ 6.76424495e-04  8.47917275e-04  5.56874339e-04  5.39205518e-04
      5.18732688e-04]]

   [[ 8.87694610e-03  1.02025255e-02  1.00443703e-02  9.68766256e-03
      8.86554606e-03]
    [ 7.68082318e-03  7.12032567e-03  6.32517913e-03  7.39725123e-03
      8.50147900e-03]
    [ 7.87073578e-03  5.99670631e-03  4.67848591e-03  5.78840817e-03
      8.41361409e-03]
    [ 9.14388245e-03  8.39380279e-03  7.00972503e-03  7.52379961e-03
      1.03330055e-02]
    [ 1.05609220e-02  1.00524882e-02  8.74949301e-03  9.53753273e-03
      1.22341007e-02]]]


  [[[ 3.62615347e-04  3.75021754e-04  3.92821527e-04  4.84340449e-04
      5.88269345e-04]
    [ 4.52284776e-04  4.36231441e-04  4.17589134e-04  5.25362152e-04
      5.67636790e-04]
    [ 6.51000264e-04  5.94836109e-04  5.26852281e-04  5.32582864e-04
      4.65391587e-04]
    [ 8.67461118e-04  7.67203602e-04  7.02944733e-04  6.31112192e-04
      4.92978806e-04]
    [ 9.29176609e-04  8.98106658e-04  8.64748554e-04  7.54665287e-04
      6.11343215e-04]]

   [[ 3.29020921e-04  3.44486287e-04  3.56374953e-04  4.38359254e-04
      5.28038361e-04]
    [ 4.02211457e-04  3.88850157e-04  3.80619074e-04  4.80804501e-04
      5.08064362e-04]
    [ 5.82845439e-04  5.24834379e-04  4.72918886e-04  4.77953876e-04
      4.09959107e-04]
    [ 7.81125809e-04  6.81262119e-04  6.26870800e-04  5.58004440e-04
      4.32934891e-04]
    [ 8.40407870e-04  8.13933131e-04  7.77732414e-04  6.65449012e-04
      5.35574236e-04]]

   [[ 3.02058766e-03  2.15398313e-03  1.69619454e-03  1.28849276e-03
      7.80724887e-04]
    [ 2.72220091e-03  2.27945544e-03  1.28308382e-03  1.26639328e-03
      9.08017088e-04]
    [ 2.32730992e-03  1.77592416e-03  8.47181318e-04  8.93065143e-04
      8.09818770e-04]
    [ 1.54435195e-03  1.44332209e-03  1.26494431e-03  1.17485250e-03
      2.60248581e-03]
    [ 9.28116495e-04  1.15856648e-03  1.71375119e-03  2.35109932e-03
      3.03979735e-03]]

   [[ 3.63314764e-02  2.46451210e-02  2.18588972e-02  1.91378571e-02
      1.51811420e-02]
    [ 2.69814727e-02  1.77852280e-02  1.38714731e-02  1.54405262e-02
      1.61674160e-02]
    [ 1.95049854e-02  1.31229997e-02  9.98776780e-03  1.34687909e-02
      1.72253439e-02]
    [ 1.55537279e-02  1.30206122e-02  1.46404058e-02  1.89084400e-02
      2.80286599e-02]
    [ 1.23766306e-02  1.46471664e-02  2.11931168e-02  2.73399997e-02
      3.00528853e-02]]

   [[ 5.91350877e-04  3.32818537e-04  1.93945246e-04  3.42745140e-04
      3.85706547e-04]
    [ 5.31908522e-04  5.10443698e-04  2.02906325e-04  2.87499431e-04
      2.59061880e-04]
    [ 4.92835174e-04  5.38916956e-04  2.96130762e-04  3.12736192e-04
      2.34629739e-04]
    [ 6.20249203e-04  5.66011745e-04  4.97026493e-04  4.91030659e-04
      4.60280542e-04]
    [ 4.50950193e-04  5.10366391e-04  5.65030660e-04  5.98514085e-04
      5.58110020e-04]]

   [[ 5.57176821e-03  5.10372455e-03  5.35681682e-03  4.71437058e-03
      4.83606517e-03]
    [ 3.12857659e-03  2.64766943e-03  2.97771706e-03  3.13461880e-03
      3.27198751e-03]
    [ 2.94320800e-03  2.58499477e-03  2.92560385e-03  2.65597853e-03
      2.26559968e-03]
    [ 3.41562722e-03  4.26310164e-03  5.59788288e-03  5.00742271e-03
      3.15295275e-03]
    [ 3.43302633e-03  4.97277889e-03  7.28348025e-03  7.04327604e-03
      4.66743777e-03]]]


  [[[ 5.88134047e-04  8.67951551e-04  9.10288078e-04  6.82065162e-04
      6.42508143e-04]
    [ 4.28868318e-04  5.80154546e-04  5.83750363e-04  4.18692351e-04
      4.50527004e-04]
    [ 4.88759903e-04  6.96107328e-04  6.25559767e-04  4.08568423e-04
      4.28894327e-04]
    [ 5.64686118e-04  7.48807103e-04  6.12045032e-04  4.54833378e-04
      4.72496147e-04]
    [ 6.54831729e-04  6.58928740e-04  4.89975978e-04  4.53139305e-04
      5.28377968e-04]]

   [[ 5.49784564e-04  8.02011181e-04  8.12328261e-04  6.01726812e-04
      5.80018652e-04]
    [ 3.91844519e-04  5.26707008e-04  5.08165905e-04  3.61932918e-04
      4.05004544e-04]
    [ 4.46690171e-04  6.32512535e-04  5.45374296e-04  3.58361352e-04
      3.90060982e-04]
    [ 5.25132978e-04  6.77386340e-04  5.28343719e-04  4.02514252e-04
      4.32349424e-04]
    [ 6.12170732e-04  5.92735275e-04  4.28139706e-04  4.07538053e-04
      4.85807023e-04]]

   [[ 1.82987549e-03  1.36233931e-03  2.12469663e-03  3.09039874e-03
      1.43670431e-03]
    [ 2.91379860e-03  2.29539725e-03  4.17074537e-03  4.25669690e-03
      3.10342551e-03]
    [ 3.37375400e-03  1.51353985e-03  3.19983699e-03  4.16164387e-03
      3.30086300e-03]
    [ 5.20433888e-03  1.93973119e-03  2.03347941e-03  3.11566880e-03
      2.60438426e-03]
    [ 2.71422195e-03  3.53130106e-03  2.56935086e-03  2.28467081e-03
      1.63725428e-03]]

   [[ 2.09424201e-02  1.11336462e-02  1.47935554e-02  1.81082701e-02
      1.26851062e-02]
    [ 3.13040220e-02  2.12942604e-02  3.31623741e-02  3.29033037e-02
      2.48225135e-02]
    [ 2.58129525e-02  2.06359664e-02  3.45186900e-02  3.52559881e-02
      3.07641750e-02]
    [ 2.54809501e-02  2.30590451e-02  2.76769292e-02  2.85249408e-02
      3.22379332e-02]
    [ 2.19609126e-02  3.13476917e-02  2.62405908e-02  2.45819869e-02
      2.92363025e-02]]

   [[ 4.34856485e-04  6.13848198e-04  7.85935735e-04  5.39302976e-04
      2.47143628e-04]
    [ 7.04793575e-04  9.50849295e-04  1.18117531e-03  7.21760339e-04
      3.56099235e-04]
    [ 8.49010001e-04  1.39289074e-03  1.58471924e-03  9.92108253e-04
      6.55574982e-04]
    [ 8.26406677e-04  4.77582862e-04  7.30272989e-04  9.09443315e-04
      8.24012044e-04]
    [ 8.56721076e-04  7.10833889e-04  5.51784568e-04  6.70794936e-04
      7.72262317e-04]]

   [[ 6.13762203e-03  6.59480752e-03  6.76139575e-03  4.97540841e-03
      5.01997273e-03]
    [ 4.67380808e-03  3.55338209e-03  2.94289619e-03  2.72858521e-03
      3.85541839e-03]
    [ 6.35193821e-03  6.70713902e-03  5.31889483e-03  4.13686603e-03
      5.30153129e-03]
    [ 8.81766376e-03  9.31289969e-03  6.89354060e-03  5.87120893e-03
      8.26193342e-03]
    [ 7.88959779e-03  6.78530876e-03  5.48625367e-03  7.14516037e-03
      1.07025862e-02]]]


  [[[ 4.41044091e-04  4.19541716e-04  3.07284587e-04  1.99733198e-04
      1.23795295e-04]
    [ 3.73255708e-04  3.83241577e-04  3.18312568e-04  2.39389175e-04
      1.39267500e-04]
    [ 2.60344208e-04  3.01261024e-04  2.94706467e-04  2.44821683e-04
      1.35427158e-04]
    [ 2.28184462e-04  2.92375058e-04  3.12065528e-04  2.49926428e-04
      1.26345957e-04]
    [ 2.54109371e-04  3.13119540e-04  3.34651847e-04  2.80939323e-04
      1.26058409e-04]]

   [[ 4.06043707e-04  3.76471787e-04  2.68320763e-04  1.73703662e-04
      1.06928441e-04]
    [ 3.42398740e-04  3.46197080e-04  2.81604826e-04  2.10673057e-04
      1.18388438e-04]
    [ 2.38509107e-04  2.73972511e-04  2.63645961e-04  2.15679306e-04
      1.14485588e-04]
    [ 2.08297211e-04  2.67552965e-04  2.80079375e-04  2.18547943e-04
      1.05988371e-04]
    [ 2.33601893e-04  2.86880704e-04  3.02527688e-04  2.45158889e-04
      1.04181780e-04]]

   [[ 1.56247178e-03  5.32487828e-04  2.97972375e-04  2.24304009e-04
      1.28945203e-04]
    [ 1.68224968e-03  3.20926739e-04  2.03428929e-04  1.78357163e-04
      1.43510026e-04]
    [ 1.12510345e-03  1.57884076e-04  1.74239629e-04  1.47107738e-04
      1.00545728e-04]
    [ 6.08861587e-04  1.63396466e-04  1.85564389e-04  1.75892586e-04
      1.06808985e-04]
    [ 2.37838989e-04  2.26850966e-04  2.75668005e-04  3.38802924e-04
      1.34140324e-04]]

   [[ 6.27067302e-03  2.39309051e-03  1.68579245e-03  2.37542746e-03
      2.93108157e-03]
    [ 5.22117325e-03  8.47503463e-04  7.65520749e-04  1.50566475e-03
      2.67027817e-03]
    [ 2.59754766e-03  1.53878778e-04  4.43428281e-04  9.83804635e-04
      2.35086087e-03]
    [ 1.46951838e-03  2.81153381e-04  7.83347500e-04  1.66613826e-03
      3.16918542e-03]
    [ 1.49189993e-03  1.59496201e-03  2.03007262e-03  2.84044079e-03
      4.04048995e-03]]

   [[ 4.31861420e-04  3.03396760e-04  2.60479737e-04  1.63799488e-04
      9.77866194e-05]
    [ 3.43818931e-04  2.26143231e-04  2.18908129e-04  1.68182864e-04
      1.04857722e-04]
    [ 3.21926532e-04  1.90672945e-04  2.05739841e-04  1.72362198e-04
      1.06803293e-04]
    [ 3.56482553e-04  2.06369705e-04  2.24905454e-04  1.90581461e-04
      1.10270909e-04]
    [ 2.17595852e-04  2.09308888e-04  2.36448736e-04  2.21924298e-04
      1.12293476e-04]]

   [[ 3.50671184e-03  3.09446913e-03  2.34275869e-03  1.62219616e-03
      1.27694455e-03]
    [ 1.89318000e-03  2.02333186e-03  1.86471414e-03  1.51179507e-03
      1.19392918e-03]
    [ 1.08315219e-03  1.45515693e-03  1.50761679e-03  1.23317273e-03
      1.05238632e-03]
    [ 1.11472381e-03  1.50468958e-03  1.71565180e-03  1.65654328e-03
      1.34762909e-03]
    [ 1.41974506e-03  1.71546548e-03  2.22042762e-03  2.32288417e-03
      1.69701131e-03]]]


  [[[ 5.88679958e-04  5.80566820e-04  3.96543468e-04  3.82490818e-04
      4.81208584e-04]
    [ 5.77503754e-04  5.49296228e-04  5.30950785e-04  4.46486275e-04
      4.70849377e-04]
    [ 5.93719101e-04  6.65795117e-04  6.52024614e-04  4.04244427e-04
      3.92327975e-04]
    [ 6.25623837e-04  7.38147710e-04  5.90700667e-04  2.96425017e-04
      3.35618853e-04]
    [ 6.02966591e-04  5.43481057e-04  3.12248242e-04  1.68207846e-04
      3.55512561e-04]]

   [[ 5.44391852e-04  5.19800550e-04  3.46208651e-04  3.50807542e-04
      4.40481019e-04]
    [ 5.31087224e-04  4.98380772e-04  4.72243449e-04  4.00494088e-04
      4.29617785e-04]
    [ 5.45209784e-04  6.16984002e-04  5.78532351e-04  3.61105381e-04
      3.58779780e-04]
    [ 5.73970069e-04  6.79861962e-04  5.23798194e-04  2.63859498e-04
      3.18065255e-04]
    [ 5.43999344e-04  4.84777185e-04  2.70637230e-04  1.57037257e-04
      3.46224945e-04]]

   [[ 3.22817645e-03  8.09924331e-03  4.23342222e-03  7.86686528e-04
      5.23258877e-04]
    [ 7.46643446e-03  6.48058388e-03  1.71010849e-03  7.40774717e-04
      1.20633197e-03]
    [ 6.16676456e-03  3.06722024e-03  8.59263857e-04  1.45149719e-03
      8.70446464e-04]
    [ 2.01532156e-03  1.54852578e-03  1.96175900e-03  2.61132239e-03
      3.09860382e-04]
    [ 9.98380763e-04  1.16609146e-03  2.33203822e-03  1.23277224e-03
      1.21101285e-03]]

   [[ 2.95207891e-02  3.88991891e-02  1.81927278e-02  9.52680008e-03
      1.12180529e-02]
    [ 4.13924533e-02  2.74222937e-02  9.08998981e-03  7.84466361e-03
      1.07773735e-02]
    [ 2.79505088e-02  1.17661624e-02  6.35976128e-03  9.48702228e-03
      1.20119011e-02]
    [ 9.77365724e-03  6.44395991e-03  1.06794890e-02  1.32302825e-02
      1.31478470e-02]
    [ 5.68153707e-03  5.70146741e-03  1.13605843e-02  1.36254301e-02
      2.12781632e-02]]

   [[ 9.26610593e-04  1.83671150e-03  7.56240136e-04  2.41131441e-04
      3.97327780e-04]
    [ 1.16591666e-03  9.39995015e-04  3.00380798e-04  4.06151158e-04
      5.31043756e-04]
    [ 1.09182399e-03  4.91487669e-04  2.67000479e-04  4.56511245e-04
      3.60675492e-04]
    [ 5.42368074e-04  4.97690777e-04  4.63804146e-04  4.54697527e-04
      1.86015183e-04]
    [ 3.21571411e-04  5.26014836e-04  5.89765312e-04  2.19099068e-04
      3.13993767e-04]]

   [[ 6.62508054e-03  4.17576050e-03  2.62721707e-03  3.54578598e-03
      5.08953638e-03]
    [ 4.31326594e-03  3.05231190e-03  2.65443149e-03  2.83945212e-03
      3.77394644e-03]
    [ 2.77065880e-03  3.54257757e-03  3.34765407e-03  2.32566664e-03
      3.50597258e-03]
    [ 2.77146377e-03  3.92004193e-03  2.73292540e-03  2.13516025e-03
      3.97138432e-03]
    [ 2.67141517e-03  2.52490254e-03  2.02365092e-03  3.99774376e-03
      5.28027598e-03]]]


  [[[ 4.96661960e-04  4.92366732e-04  2.80578981e-04  1.68753977e-04
      2.12828446e-04]
    [ 4.60017306e-04  4.07727418e-04  2.80490048e-04  1.61064689e-04
      1.78766366e-04]
    [ 4.06582173e-04  3.74156015e-04  2.80507945e-04  1.17031257e-04
      1.21787838e-04]
    [ 3.44009135e-04  3.19634768e-04  2.15269495e-04  9.11927320e-05
      1.19056023e-04]
    [ 3.15645814e-04  2.18105763e-04  1.30082478e-04  1.18474223e-04
      2.05357562e-04]]

   [[ 4.57282394e-04  4.39265605e-04  2.36829871e-04  1.53500302e-04
      1.94797578e-04]
    [ 4.23131033e-04  3.67026355e-04  2.40104249e-04  1.43786908e-04
      1.64494207e-04]
    [ 3.70068516e-04  3.43284194e-04  2.42629172e-04  1.05159284e-04
      1.13443970e-04]
    [ 3.08572353e-04  2.92211639e-04  1.88875349e-04  8.07569912e-05
      1.16747691e-04]
    [ 2.79312654e-04  1.95675728e-04  1.17337174e-04  1.11528408e-04
      2.01216905e-04]]

   [[ 2.18704652e-03  4.73544727e-03  2.30009597e-03  5.20437079e-04
      3.64879353e-04]
    [ 4.74999792e-03  3.51108212e-03  1.01144767e-03  3.66444612e-04
      1.23103727e-03]
    [ 3.52246985e-03  1.38693225e-03  5.25650566e-04  1.01621204e-03
      1.09361532e-03]
    [ 8.66271763e-04  6.97485844e-04  1.18444243e-03  2.36187387e-03
      3.23984560e-04]
    [ 4.65996186e-04  7.27742122e-04  1.61462065e-03  1.26514662e-03
      7.28656988e-04]]

   [[ 1.34322922e-02  1.76957058e-02  8.21499886e-03  6.53138014e-03
      8.85673303e-03]
    [ 1.98256944e-02  1.17570885e-02  4.76324784e-03  6.95146352e-03
      1.14170680e-02]
    [ 1.18891684e-02  4.59699585e-03  4.83759704e-03  9.83377338e-03
      1.14388238e-02]
    [ 3.80819240e-03  3.66702181e-03  8.94747417e-03  1.40738807e-02
      8.75553722e-03]
    [ 3.62923797e-03  4.84176893e-03  1.04366477e-02  1.21923445e-02
      1.15834444e-02]]

   [[ 6.54940532e-04  1.22328287e-03  5.43459479e-04  1.78872136e-04
      2.06146776e-04]
    [ 7.53343537e-04  6.86624552e-04  2.71298843e-04  1.77714620e-04
      2.84013909e-04]
    [ 7.16228777e-04  3.87970413e-04  2.02623847e-04  1.97935429e-04
      1.96738873e-04]
    [ 3.53989632e-04  2.87345177e-04  2.24066680e-04  3.39278745e-04
      8.96875936e-05]
    [ 1.84534496e-04  2.37221155e-04  3.04063755e-04  2.25989242e-04
      2.17822044e-04]]

   [[ 4.04212799e-03  3.14598690e-03  2.29479268e-03  2.69471298e-03
      3.88053610e-03]
    [ 2.70076151e-03  2.28952591e-03  1.97122748e-03  2.22698582e-03
      2.86086032e-03]
    [ 1.96118764e-03  2.41405232e-03  2.11361016e-03  1.62056820e-03
      2.33123853e-03]
    [ 2.04769023e-03  2.69816921e-03  2.06720697e-03  1.93704882e-03
      2.94282245e-03]
    [ 2.16148182e-03  1.90243357e-03  2.15989062e-03  3.83065696e-03
      4.30853190e-03]]]


  [[[ 3.40137135e-04  2.88633870e-04  2.72542913e-04  3.11243589e-04
      3.32885478e-04]
    [ 2.82889921e-04  3.01887449e-04  3.71769163e-04  3.35060240e-04
      2.94248843e-04]
    [ 2.75353372e-04  3.39877898e-04  4.16764650e-04  2.87009873e-04
      2.61257892e-04]
    [ 2.67191569e-04  3.26483020e-04  3.23588719e-04  2.23449882e-04
      2.25475239e-04]
    [ 2.49566442e-04  2.30805365e-04  2.18855708e-04  1.94053960e-04
      1.69473501e-04]]

   [[ 3.02445324e-04  2.57263562e-04  2.45370564e-04  2.85752527e-04
      3.02754747e-04]
    [ 2.52671629e-04  2.76304012e-04  3.34330986e-04  2.98955356e-04
      2.66076948e-04]
    [ 2.49930837e-04  3.18418481e-04  3.73347761e-04  2.51429021e-04
      2.36668037e-04]
    [ 2.40501927e-04  3.03693084e-04  2.86089697e-04  1.97648881e-04
      2.05822521e-04]
    [ 2.20958056e-04  2.10188174e-04  1.96645533e-04  1.73090028e-04
      1.53641872e-04]]

   [[ 2.24571948e-03  3.41967867e-03  1.20669947e-03  3.47919314e-04
      2.67090793e-04]
    [ 4.44048495e-03  2.20793908e-03  3.77550221e-04  2.66653922e-04
      2.12548483e-04]
    [ 3.35308859e-03  3.81228736e-04  2.38541821e-04  2.09669322e-04
      1.03473281e-04]
    [ 7.66542552e-04  2.10599887e-04  3.17060698e-04  2.92655057e-04
      1.65126124e-04]
    [ 2.85368446e-04  1.95008327e-04  3.19643985e-04  3.48412435e-04
      4.88284580e-04]]

   [[ 1.48657189e-02  1.61463810e-02  7.49470935e-03  5.80735663e-03
      5.19388286e-03]
    [ 2.02277516e-02  9.77462568e-03  4.19543295e-03  4.70779168e-03
      4.45088356e-03]
    [ 1.37623070e-02  2.63518061e-03  3.22067937e-03  4.54702833e-03
      4.65394579e-03]
    [ 5.23997222e-03  1.26736584e-03  3.52495063e-03  5.98940746e-03
      5.62039674e-03]
    [ 3.11969204e-03  2.37906651e-03  5.19151873e-03  7.96038618e-03
      7.96075104e-03]]

   [[ 5.61588668e-04  6.23444122e-04  2.34111187e-04  2.32544122e-04
      2.55274909e-04]
    [ 6.08256854e-04  3.88318652e-04  2.04984100e-04  2.53612569e-04
      2.27077341e-04]
    [ 6.32969933e-04  1.84883642e-04  2.29379943e-04  2.02892469e-04
      1.64468307e-04]
    [ 3.43350051e-04  2.13369342e-04  2.29629039e-04  1.66940347e-04
      1.32580176e-04]
    [ 1.56987050e-04  1.30234291e-04  1.51879113e-04  1.75584198e-04
      1.53667050e-04]]

   [[ 2.83792308e-03  2.47326551e-03  2.76116893e-03  2.71882452e-03
      3.11134709e-03]
    [ 1.64191095e-03  1.77553706e-03  2.79312403e-03  2.70263572e-03
      2.44837512e-03]
    [ 1.28650638e-03  1.77144454e-03  2.51503409e-03  2.16183382e-03
      2.07559048e-03]
    [ 1.47204868e-03  1.80506051e-03  2.12425526e-03  2.09336751e-03
      2.09439807e-03]
    [ 1.68910159e-03  1.49876422e-03  2.26732333e-03  2.87203645e-03
      2.26178239e-03]]]


  [[[ 4.90599022e-04  4.93830322e-04  2.87401929e-04  2.46443269e-04
      4.01589184e-04]
    [ 4.87891213e-04  4.67128849e-04  2.62675824e-04  2.46041918e-04
      3.81355993e-04]
    [ 3.99186310e-04  3.51109353e-04  2.11953923e-04  1.96605124e-04
      3.50368015e-04]
    [ 3.33856564e-04  3.12426949e-04  2.50845810e-04  2.28825798e-04
      3.26714338e-04]
    [ 2.58744742e-04  3.28054550e-04  3.24279357e-04  2.53472006e-04
      2.40176873e-04]]

   [[ 4.62550910e-04  4.43845152e-04  2.49240971e-04  2.32394675e-04
      3.77567631e-04]
    [ 4.56519984e-04  4.20972877e-04  2.30131765e-04  2.30751761e-04
      3.59777404e-04]
    [ 3.62523218e-04  3.08937389e-04  1.85388343e-04  1.82717072e-04
      3.31869872e-04]
    [ 2.98999048e-04  2.76348808e-04  2.22182430e-04  2.10756146e-04
      3.08390653e-04]
    [ 2.38208836e-04  2.99767424e-04  2.89518276e-04  2.27743761e-04
      2.23850339e-04]]

   [[ 2.16040916e-03  5.18991935e-03  3.47782177e-03  6.00396571e-04
      2.23355256e-04]
    [ 4.61659270e-03  6.40125068e-03  2.72063201e-03  2.97423809e-04
      2.93841470e-04]
    [ 5.78157781e-03  6.03685152e-03  2.16429341e-03  1.05702689e-04
      2.59399906e-04]
    [ 3.11533827e-03  2.61091233e-03  7.09527490e-04  2.31768376e-04
      3.00754841e-04]
    [ 1.05419553e-03  4.30832208e-04  3.32759140e-04  5.12108546e-04
      3.06220272e-04]]

   [[ 1.86411272e-02  2.60319124e-02  1.39725274e-02  3.15181034e-03
      3.67072167e-03]
    [ 2.75181696e-02  2.70927915e-02  9.38709598e-03  1.08605791e-03
      3.49951191e-03]
    [ 2.78234134e-02  2.14104308e-02  5.54456031e-03  6.63202208e-04
      3.90600393e-03]
    [ 1.79579971e-02  9.86485493e-03  1.95873798e-03  1.13625163e-03
      4.69195645e-03]
    [ 9.48426646e-03  4.17814194e-03  2.51298268e-03  2.77299154e-03
      6.64514217e-03]]

   [[ 7.15486757e-04  1.14124965e-03  6.66247486e-04  1.61570365e-04
      2.60463328e-04]
    [ 9.43891313e-04  1.20202483e-03  3.57883206e-04  1.65110593e-04
      2.94540264e-04]
    [ 1.42288880e-03  1.28095949e-03  3.30773498e-04  1.30151424e-04
      2.58123626e-04]
    [ 1.37867518e-03  9.34920205e-04  2.75099945e-04  1.71479536e-04
      2.21282286e-04]
    [ 4.86267233e-04  3.47018121e-04  2.77554517e-04  2.48604865e-04
      2.24293116e-04]]

   [[ 7.84274251e-03  5.32854249e-03  2.58312944e-03  2.23600092e-03
      4.21925187e-03]
    [ 5.99671888e-03  3.10106858e-03  1.27126344e-03  1.42044932e-03
      3.47150613e-03]
    [ 4.44254948e-03  1.78329479e-03  9.56340957e-04  1.37262062e-03
      3.87329940e-03]
    [ 3.96189236e-03  2.13460504e-03  1.48879443e-03  1.48663783e-03
      3.50473130e-03]
    [ 3.94709219e-03  3.17513210e-03  2.59762537e-03  2.34324601e-03
      3.19711425e-03]]]


  [[[ 3.41013127e-04  4.90557501e-04  7.23396468e-04  1.10160228e-03
      1.30881760e-03]
    [ 3.01561229e-04  4.04206160e-04  6.02532366e-04  9.31416133e-04
      1.12827283e-03]
    [ 2.37794492e-04  3.51792635e-04  5.55489918e-04  7.54211855e-04
      8.41230054e-04]
    [ 2.29113717e-04  3.85525461e-04  6.15691498e-04  7.45585845e-04
      7.41183741e-04]
    [ 2.63809450e-04  4.50476393e-04  6.96923398e-04  8.33634877e-04
      8.23654004e-04]]

   [[ 3.17836385e-04  4.56285361e-04  6.73305329e-04  1.01079879e-03
      1.17476946e-03]
    [ 2.79329835e-04  3.75025050e-04  5.66284875e-04  8.65214257e-04
      1.02115154e-03]
    [ 2.17707406e-04  3.27055110e-04  5.11496783e-04  6.86964946e-04
      7.53930743e-04]
    [ 2.10268646e-04  3.59126606e-04  5.61584732e-04  6.65892684e-04
      6.53343223e-04]
    [ 2.44493218e-04  4.23704030e-04  6.39371976e-04  7.43499478e-04
      7.22604692e-04]]

   [[ 2.98659972e-03  2.14816206e-03  2.20920294e-03  1.46003663e-03
      9.21003464e-04]
    [ 3.48637914e-03  2.31166349e-03  1.88421765e-03  1.32764642e-03
      7.68967952e-04]
    [ 2.85753958e-03  2.21557814e-03  1.82494547e-03  1.93810730e-03
      1.02207861e-03]
    [ 2.05137877e-03  2.36129170e-03  2.89986674e-03  2.67046742e-03
      1.88415637e-03]
    [ 1.79819430e-03  2.92111361e-03  4.72339061e-03  3.38333165e-03
      2.02099739e-03]]

   [[ 3.35321810e-02  2.17326875e-02  1.46585256e-02  8.51916817e-03
      5.47602557e-03]
    [ 2.85069074e-02  1.74431169e-02  1.10389948e-02  8.75417474e-03
      6.58267356e-03]
    [ 2.43924971e-02  1.72150362e-02  1.34224876e-02  1.39159822e-02
      1.09462923e-02]
    [ 2.73551909e-02  2.36723338e-02  2.57144354e-02  2.12920944e-02
      1.84305666e-02]
    [ 2.78400325e-02  2.93707200e-02  3.29561172e-02  2.56381802e-02
      2.05314295e-02]]

   [[ 5.53917525e-04  4.08824148e-04  3.40509172e-04  6.69917294e-04
      8.67566323e-04]
    [ 4.57336728e-04  4.07023671e-04  2.67428471e-04  3.17003933e-04
      4.41703964e-04]
    [ 2.75769174e-04  3.80648331e-04  3.54583961e-04  3.64152993e-04
      3.65825577e-04]
    [ 2.41337202e-04  3.16828198e-04  4.04618860e-04  4.59850020e-04
      4.08210895e-04]
    [ 2.08662220e-04  3.44802169e-04  6.19216747e-04  5.39461669e-04
      4.30851302e-04]]

   [[ 5.96036655e-03  4.89906887e-03  5.07879651e-03  6.42549802e-03
      8.02292265e-03]
    [ 4.20413860e-03  2.91565044e-03  3.07604646e-03  4.18592623e-03
      5.28042530e-03]
    [ 3.47892091e-03  2.87377228e-03  2.80418064e-03  2.73821074e-03
      3.06834220e-03]
    [ 3.37623171e-03  3.88057178e-03  4.57444775e-03  4.24102037e-03
      3.74241003e-03]
    [ 2.65394055e-03  3.44529860e-03  5.34707954e-03  5.83641565e-03
      5.18528374e-03]]]]]