[[[[-0.07338792 -0.31300943 -0.34398492 -0.51096594 -0.63855065]
   [-0.02076084 -0.30375355 -0.2771162  -0.19999395 -0.14488109]
   [-0.04661842 -0.2723601  -0.12070898 -0.0321057   0.0926019 ]
   [-0.19268381 -0.23124651 -0.11504275 -0.01659528  0.12191184]
   [-0.41013907 -0.50484855 -0.43629918 -0.16725291  0.04975618]]]


 [[[-0.02297193 -0.29165676 -0.32957564 -0.50730847 -0.68414256]
   [ 0.01224903 -0.28324685 -0.2397911  -0.21011048 -0.19009669]
   [-0.0097238  -0.23492515 -0.10950916 -0.04333248  0.06492727]
   [-0.14897267 -0.21348357 -0.10582735 -0.0190985   0.10683891]
   [-0.38490788 -0.52234297 -0.41686312 -0.15753077  0.04847606]]]


 [[[-0.01312034 -0.26241828 -0.25216913 -0.40221813 -0.71434834]
   [-0.06229255 -0.21614207  0.01148223 -0.12405031 -0.10296902]
   [-0.19612861 -0.22035409 -0.0199143   0.00593647  0.19653096]
   [-0.3305251  -0.14725588 -0.01191742  0.06587406  0.24298379]
   [-0.63811326 -0.59113984 -0.38233255 -0.11675758  0.11944503]]]


 [[[ 0.07637024 -0.14629198 -0.25519101 -0.4240374  -0.56390261]
   [ 0.02460064 -0.17478857 -0.18956897 -0.22869809 -0.03249279]
   [-0.06472233 -0.19570914 -0.19067909 -0.05697393  0.23767877]
   [-0.14246031 -0.16856727 -0.11450171  0.05191988  0.29042535]
   [-0.44335578 -0.61649768 -0.48690273 -0.14983868  0.16311108]]]


 [[[ 0.00597967 -0.24118707 -0.28460734 -0.40471969 -0.67628963]
   [-0.08030675 -0.2432733  -0.02190719 -0.04120077 -0.06908524]
   [-0.21078579 -0.14324489  0.0052531   0.0802871   0.20524257]
   [-0.31208262 -0.08825922 -0.06032044  0.02591544  0.19242868]
   [-0.57976671 -0.72145541 -0.55864551 -0.28758911 -0.02110254]]]


 [[[-0.05667568 -0.29773059 -0.37731166 -0.44957224 -0.3937802 ]
   [-0.20978392 -0.45450368 -0.64378388 -0.65059346 -0.24361631]
   [-0.37951565 -0.62394509 -0.85318044 -0.67811407 -0.27857949]
   [-0.34084963 -0.51270819 -0.88485485 -0.67906547 -0.42392553]
   [-0.26057132 -0.39678648 -0.5972387  -0.55872149 -0.52641899]]]]