[[[[-1.36734361e-01 -1.28388469e-01  1.83562854e-01  4.12607601e-01
     3.18531162e-01]
   [-3.98000098e-01 -3.61563936e-01 -2.22474821e-02  3.54665866e-02
    -1.24163895e-01]
   [-9.74661984e-02 -7.55465354e-02 -2.33218286e-04 -2.96751738e-01
    -5.03306103e-01]
   [-4.63199133e-03  3.17585136e-02 -3.63873953e-02 -4.12242167e-01
    -4.76374051e-01]
   [ 1.51005324e-01  3.33344876e-01  3.52951784e-01  4.21044825e-02
    -7.46930681e-02]]

  [[-9.96011251e-02 -8.91061960e-02  2.26845233e-01  4.38182076e-01
     3.40032840e-01]
   [-3.57407155e-01 -3.26587878e-01 -8.31891640e-03  4.75950672e-02
    -9.49984104e-02]
   [-1.00212573e-01 -8.35641545e-02 -1.08582554e-02 -2.99923631e-01
    -4.96127136e-01]
   [-2.23381422e-02  3.53938202e-02 -1.66822096e-02 -3.94577524e-01
    -4.54833162e-01]
   [ 1.31376192e-01  3.22344531e-01  3.55706726e-01  5.37142158e-02
    -4.59433235e-02]]

  [[-1.29216879e-01 -2.16094239e-01  1.19732583e-01  4.15401498e-01
     3.61263550e-01]
   [-3.73451619e-01 -5.05862808e-01 -2.70128977e-01 -8.61451726e-02
    -1.35066734e-01]
   [-2.22355964e-01 -2.70705704e-01 -2.68482423e-01 -4.65684092e-01
    -4.58819321e-01]
   [-1.96906596e-01 -1.39999654e-01 -2.46873577e-01 -4.33994607e-01
    -3.64818281e-01]
   [ 4.78081121e-02  2.05661841e-01  3.16269908e-01  2.24729982e-01
     1.55058169e-01]]

  [[-1.10418632e-01 -1.24545802e-01  2.06213454e-01  4.85395004e-01
     4.14016435e-01]
   [-3.83656112e-01 -4.87500464e-01 -2.27771152e-01 -3.90334935e-02
    -5.96564725e-02]
   [-2.58205831e-01 -2.93738869e-01 -3.09611226e-01 -4.57049546e-01
    -4.08290156e-01]
   [-2.17517780e-01 -1.73313179e-01 -2.62908767e-01 -4.22954841e-01
    -3.25391265e-01]
   [-4.12127778e-03  1.48425119e-01  2.96338185e-01  1.93316775e-01
     1.60784342e-01]]

  [[-7.43747566e-02 -8.05826559e-02  2.57095211e-01  4.60304572e-01
     3.74435960e-01]
   [-3.25015974e-01 -3.62363158e-01 -1.33514691e-01 -4.57977175e-03
    -5.57650735e-02]
   [-1.79688668e-01 -1.91311012e-01 -1.67558805e-01 -3.44242042e-01
    -3.88264193e-01]
   [-1.84347431e-01 -1.31742233e-01 -2.33722738e-01 -4.22821786e-01
    -3.30187709e-01]
   [ 2.09150084e-02  1.74611522e-01  2.69546891e-01  1.73137568e-01
     1.52413339e-01]]

  [[ 1.58075714e-02  1.35545897e-01  4.05093705e-01  4.96004284e-01
     3.84456265e-01]
   [-6.83158368e-02  1.08362809e-01  3.11931551e-01  1.39648366e-01
    -2.65059441e-02]
   [ 9.90582838e-02  1.69668263e-01  9.98771144e-02 -3.97736055e-01
    -4.65111025e-01]
   [ 3.85610959e-01  2.81240345e-01 -7.18797183e-02 -5.43276440e-01
    -4.16245094e-01]
   [ 5.53672501e-01  3.65104771e-01  1.85948404e-02 -1.53547972e-01
     2.24037681e-02]]]


 [[[ 1.15373381e-01  1.21458535e-01 -1.97098537e-02 -1.92773254e-01
    -6.99566982e-02]
   [ 7.79029043e-02 -1.75145249e-02 -5.18949073e-01 -7.23510136e-01
    -7.34172298e-02]
   [ 1.93664307e-01  7.70529502e-02 -5.67852070e-01 -5.62143005e-01
    -1.29886746e-02]
   [ 1.83824552e-01  9.42831031e-02 -2.55244547e-01 -2.41698580e-01
     3.20055901e-03]
   [ 3.75197639e-01  3.88822244e-01  2.35816181e-01  1.40715301e-01
     1.08109712e-01]]

  [[ 8.86659196e-02  9.67390200e-02 -4.89752806e-02 -2.02041968e-01
    -5.93008631e-02]
   [ 6.20236838e-02 -4.49874596e-02 -5.46003170e-01 -7.11710971e-01
    -5.93887331e-02]
   [ 1.68919323e-01  3.39846153e-02 -5.85902097e-01 -5.55503001e-01
    -2.88499224e-02]
   [ 1.53362308e-01  6.50331176e-02 -2.60087499e-01 -2.56168446e-01
    -2.09202890e-02]
   [ 3.36231543e-01  3.50469308e-01  2.16698515e-01  1.25267109e-01
     9.41966046e-02]]

  [[-5.37877499e-02  2.51178843e-03  2.01229153e-02 -1.80860144e-01
    -1.91184936e-01]
   [-7.90670235e-02 -8.63010413e-02 -4.21354820e-01 -7.24681023e-01
    -1.34797607e-01]
   [-5.28822911e-02 -6.26741454e-02 -5.64145849e-01 -5.25637201e-01
    -1.52938658e-01]
   [-2.12233798e-01 -2.23964919e-01 -5.31417326e-01 -5.20927753e-01
    -3.03144694e-01]
   [-4.75928979e-02  3.68098063e-03 -1.10178039e-01 -1.86267363e-01
    -2.53621417e-01]]

  [[-8.51093761e-02  2.13836391e-02  4.30126170e-02 -1.79796278e-01
    -1.71227865e-01]
   [-7.78245585e-02 -4.36969803e-02 -3.41720795e-01 -6.25351487e-01
    -1.44602722e-01]
   [ 1.25565416e-02  2.87420674e-02 -4.80882186e-01 -5.24310679e-01
    -2.16364717e-01]
   [-1.22005945e-01 -1.41608444e-01 -5.08874823e-01 -5.93260779e-01
    -4.04424895e-01]
   [-1.80342929e-02 -1.14412668e-02 -1.80820346e-01 -2.58970349e-01
    -3.08898071e-01]]

  [[-9.87831880e-02 -4.66410701e-02 -6.70769809e-02 -2.44608950e-01
    -1.25616200e-01]
   [-8.37424032e-02 -1.10685947e-01 -4.76249495e-01 -6.89941367e-01
    -1.09745199e-01]
   [ 4.56093418e-02 -7.59951869e-03 -5.66426096e-01 -5.46323289e-01
    -1.77629053e-01]
   [-8.31261581e-02 -1.71065571e-01 -5.17310802e-01 -5.09495022e-01
    -3.09961838e-01]
   [ 3.42078957e-02  2.73336402e-02 -1.39940719e-01 -1.83401688e-01
    -2.17967983e-01]]

  [[ 1.18919005e-01 -1.86100656e-01 -4.40725629e-01 -2.77258943e-01
     9.86927571e-02]
   [ 2.46553715e-01 -2.56998747e-01 -7.53243465e-01 -4.91050344e-01
     9.18174663e-02]
   [ 5.26538176e-01  5.85662612e-03 -5.30819389e-01 -4.56806742e-01
    -3.91111138e-02]
   [ 7.91643330e-01  2.81411869e-01 -2.02314348e-01 -3.58551104e-01
    -1.99586595e-01]
   [ 9.77866597e-01  5.48573347e-01  1.61729638e-01 -8.18053401e-02
    -1.30046357e-01]]]


 [[[ 8.82402353e-02 -7.20444725e-02 -1.55159758e-01 -6.25186153e-02
     1.47892860e-01]
   [-6.69930686e-02 -2.47931208e-01 -4.67153908e-01 -2.52853462e-01
     1.53127900e-01]
   [ 5.34677890e-02 -2.60252378e-02 -2.93223966e-01 -2.29107345e-01
     2.68681829e-02]
   [ 1.20713997e-01  1.17265628e-01 -1.13893331e-01 -2.23873873e-01
    -1.11866039e-01]
   [ 3.71977600e-01  4.08644366e-01  1.86904548e-01 -2.37102229e-02
    -3.67769055e-02]]

  [[ 8.46449416e-02 -6.12720968e-02 -1.48148598e-01 -4.29127159e-02
     1.65521355e-01]
   [-6.06786938e-02 -2.45252387e-01 -4.60116492e-01 -2.34223955e-01
     1.65895321e-01]
   [ 4.80500997e-02 -4.47433804e-02 -3.00078482e-01 -2.36998250e-01
     3.00593076e-03]
   [ 9.62008296e-02  9.24405453e-02 -1.24987858e-01 -2.48902595e-01
    -1.33550258e-01]
   [ 3.28701114e-01  3.66714806e-01  1.65170102e-01 -3.90317331e-02
    -3.63529344e-02]]

  [[ 1.09913608e-01  2.93870084e-02  3.80200840e-03 -5.23290975e-02
     4.66062520e-02]
   [ 6.97873336e-02 -8.28666825e-02 -2.89115948e-01 -3.26361634e-01
     4.00146700e-02]
   [-2.08049815e-02  4.22842786e-02 -1.46089502e-01 -1.74982224e-01
    -7.70260954e-02]
   [-2.51808940e-01 -1.53233817e-01 -2.78867805e-01 -3.05485129e-01
    -2.79125147e-01]
   [ 1.37872746e-02  1.01509824e-01 -3.27798092e-03 -7.08529450e-02
    -1.46126119e-01]]

  [[ 1.30183952e-01  6.63663928e-02  2.53394418e-02 -6.51288348e-03
     8.73814498e-02]
   [ 6.31498107e-02 -7.80192545e-02 -2.63776474e-01 -2.56908398e-01
     3.74025430e-02]
   [ 3.11471942e-02  8.36096239e-02 -1.79440779e-01 -2.48193526e-01
    -1.96509941e-01]
   [-1.64551795e-01 -1.16993349e-01 -3.76794445e-01 -5.41962212e-01
    -3.99053290e-01]
   [ 8.99669843e-03  2.75918465e-02 -1.48136556e-01 -2.16401115e-01
    -1.67787811e-01]]

  [[ 3.35315605e-02 -4.20573776e-02 -6.91066706e-02 -9.91357101e-02
     8.49196474e-02]
   [ 9.65735156e-03 -1.25381915e-01 -3.50367171e-01 -3.11813661e-01
     5.54826012e-02]
   [ 6.64592734e-02  1.08666287e-01 -1.36674120e-01 -2.60668723e-01
    -1.43278798e-01]
   [-9.15759061e-02 -9.68127463e-02 -3.02621044e-01 -4.08930659e-01
    -3.47292646e-01]
   [ 7.63775944e-02  9.88026351e-02 -6.67820105e-02 -1.49656909e-01
    -2.13712421e-01]]

  [[ 6.65733153e-02 -2.67602686e-01 -3.32371461e-01  1.32722838e-02
     2.93016824e-01]
   [ 6.84524219e-02 -4.31990035e-01 -5.27424758e-01 -1.65752068e-02
     2.81626222e-01]
   [ 3.77997928e-01 -6.50157958e-02 -2.68640658e-01 -1.99902449e-01
    -4.14293669e-02]
   [ 6.92694354e-01  2.42771443e-01 -6.05855162e-02 -3.60875102e-01
    -3.49651698e-01]
   [ 8.74643099e-01  4.80130330e-01  1.16956742e-01 -2.04707509e-01
    -2.55524061e-01]]]


 [[[ 6.50675405e-02 -2.73595845e-02 -1.36552224e-01 -7.50073393e-02
     1.62739319e-01]
   [ 1.02977720e-02 -1.63399385e-01 -4.48658851e-01 -3.08734587e-01
     1.43646910e-01]
   [ 1.60119471e-01  2.86699192e-02 -4.16765688e-01 -3.65867204e-01
     1.65886197e-02]
   [ 1.19637632e-01  1.46096093e-02 -3.11235212e-01 -3.44168441e-01
    -7.75987950e-02]
   [ 3.03931755e-01  3.01813351e-01  1.14519809e-01  1.58437161e-02
     8.75375755e-02]]

  [[ 5.54583498e-02 -3.46345875e-02 -1.37184820e-01 -6.02399977e-02
     1.69632744e-01]
   [ 9.46877667e-03 -1.70484781e-01 -4.47166950e-01 -2.89495256e-01
     1.54208846e-01]
   [ 1.45152064e-01  6.26259806e-03 -4.32368028e-01 -3.70100896e-01
    -3.95910368e-04]
   [ 8.81942130e-02 -1.41816740e-02 -3.27056242e-01 -3.63298565e-01
    -9.35307357e-02]
   [ 2.61538259e-01  2.60836686e-01  8.89140261e-02  3.31833022e-03
     8.98963757e-02]]

  [[ 7.48601229e-03  6.58985464e-02  5.18517223e-02 -8.34713848e-02
     2.12008294e-03]
   [-1.67174292e-03 -4.84866201e-02 -2.51961044e-01 -3.73226521e-01
     1.04291582e-02]
   [-2.17503341e-02 -2.29358941e-02 -3.25685027e-01 -3.28636403e-01
    -1.27482549e-01]
   [-2.95525201e-01 -3.42896892e-01 -5.75817474e-01 -5.08346443e-01
    -3.25820557e-01]
   [-1.07121482e-01 -1.16319330e-01 -2.08979325e-01 -1.95780649e-01
    -1.24184761e-01]]

  [[ 3.37986045e-03  6.81290405e-02  3.11890833e-02 -9.08341063e-02
     1.92702747e-02]
   [-3.79979169e-03 -3.34020233e-02 -2.16089056e-01 -3.35586658e-01
     3.28527340e-02]
   [ 3.70245625e-02  4.96530820e-02 -3.26982295e-01 -3.70689876e-01
    -2.19987224e-01]
   [-2.06116864e-01 -2.71341230e-01 -6.46782522e-01 -6.90797430e-01
    -4.12312828e-01]
   [-9.01532239e-02 -1.37279465e-01 -3.11479980e-01 -3.10230824e-01
    -1.44149798e-01]]

  [[-4.30983346e-02 -7.63168064e-03 -5.14366258e-02 -1.34950218e-01
     3.56838819e-02]
   [-3.29184062e-02 -6.22378258e-02 -2.98285208e-01 -3.71404201e-01
     3.04991907e-02]
   [ 7.10159983e-02  4.45862940e-02 -3.53945963e-01 -4.36155918e-01
    -1.80507622e-01]
   [-1.57859021e-01 -2.98367604e-01 -6.11441917e-01 -5.89654511e-01
    -3.61829946e-01]
   [-3.84798959e-02 -5.12201291e-02 -1.96325555e-01 -1.99745016e-01
    -1.24238910e-01]]

  [[ 7.05610525e-02 -2.66082209e-01 -3.72889448e-01 -3.78280433e-02
     2.62605474e-01]
   [ 1.35780345e-01 -3.71916911e-01 -5.25200795e-01 -1.10345968e-01
     2.53585342e-01]
   [ 3.67681708e-01 -1.68042994e-01 -4.50845041e-01 -3.20299297e-01
    -5.18553183e-02]
   [ 5.68393078e-01  5.72615218e-02 -2.86978639e-01 -4.39343836e-01
    -3.33074908e-01]
   [ 8.09892576e-01  4.34127319e-01  1.19497937e-01 -8.10774754e-02
    -1.16690161e-01]]]


 [[[ 1.49707158e-02 -1.08652153e-02  9.20822608e-02  1.36233855e-01
     1.21685999e-01]
   [-4.50801692e-01 -5.26984983e-01 -4.31583206e-01 -3.83318371e-01
    -3.05564389e-01]
   [-3.36549891e-01 -2.56464040e-01 -1.70662279e-01 -3.72790254e-01
    -4.08223017e-01]
   [ 1.17755813e-01  2.98735004e-01  3.19531153e-01 -6.54768176e-02
    -2.65935341e-01]
   [ 5.24906856e-01  8.14669628e-01  7.22010817e-01  1.67001920e-01
    -1.13658928e-01]]

  [[ 1.64829849e-02 -6.66601237e-03  1.00283200e-01  1.56389146e-01
     1.34023488e-01]
   [-4.42145696e-01 -5.27180545e-01 -4.29333813e-01 -3.69555430e-01
    -2.91704085e-01]
   [-3.33098439e-01 -2.53715044e-01 -1.61222035e-01 -3.65235113e-01
    -4.11389130e-01]
   [ 1.06083537e-01  3.09812624e-01  3.37799099e-01 -5.26558664e-02
    -2.57998897e-01]
   [ 4.94170322e-01  7.96326380e-01  7.03868468e-01  1.58071222e-01
    -9.86093706e-02]]

  [[-8.35304047e-02 -1.23671425e-01  3.69301634e-02  2.09223773e-02
    -8.10564896e-03]
   [-4.43567664e-01 -6.61035478e-01 -6.14826930e-01 -6.08628571e-01
    -4.79603485e-01]
   [-3.39532869e-01 -3.43037228e-01 -3.53842894e-01 -5.02511090e-01
    -4.28271146e-01]
   [ 9.77810603e-02  1.70980906e-01  1.43896257e-01 -1.09354566e-01
    -1.95857415e-01]
   [ 4.53366357e-01  6.41971548e-01  6.46475594e-01  3.05265693e-01
     6.25848898e-02]]

  [[-3.65983212e-02 -2.08570432e-02  1.23016142e-01  1.08389893e-01
     8.60137184e-02]
   [-4.60168662e-01 -6.32163033e-01 -5.95574539e-01 -5.55080854e-01
    -3.76222402e-01]
   [-3.85573824e-01 -3.71395630e-01 -4.08516534e-01 -5.26557692e-01
    -3.84653962e-01]
   [ 6.28188218e-02  1.59291984e-01  1.38365942e-01 -9.56457007e-02
    -2.00306698e-01]
   [ 4.00602759e-01  6.40226909e-01  6.26528017e-01  2.57204582e-01
     2.66434395e-02]]

  [[-4.52008818e-02 -6.99228425e-02  1.02823217e-01  8.89042402e-02
     4.56425730e-02]
   [-4.15447332e-01 -5.86673864e-01 -5.24497798e-01 -5.13122598e-01
    -3.57242871e-01]
   [-2.64033433e-01 -2.50958008e-01 -2.48795329e-01 -3.94515843e-01
    -3.33345005e-01]
   [ 1.39961535e-01  2.19470579e-01  2.12969078e-01 -5.35514571e-02
    -1.55185539e-01]
   [ 4.66085220e-01  6.60361415e-01  6.02346309e-01  2.69539497e-01
     6.79922613e-02]]

  [[-7.48172092e-02 -3.55911092e-02  1.34594937e-01  1.51258568e-01
     1.16274728e-01]
   [-3.07848238e-01 -1.87623879e-01 -6.40874376e-03 -1.51600451e-01
    -2.04330113e-01]
   [ 9.43726701e-02  2.51113368e-01  2.79488510e-01 -1.91510977e-01
    -3.14208422e-01]
   [ 6.65803657e-01  7.29889152e-01  5.01758592e-01 -1.38101132e-01
    -2.79710548e-01]
   [ 7.88355611e-01  7.24840253e-01  3.50034856e-01 -1.59511803e-01
    -1.87806184e-01]]]


 [[[ 1.98412646e-01  5.47807556e-02 -8.47079015e-02  9.68440046e-02
     3.24669801e-01]
   [ 4.04303434e-03 -2.86583916e-01 -5.09704130e-01 -3.74518169e-02
     3.11728243e-01]
   [-7.65940762e-02 -2.68348602e-01 -3.61271371e-01  7.95236462e-02
     2.59232094e-01]
   [-1.53423360e-01 -9.01957129e-02  1.42427422e-02  1.23839700e-01
     1.21166575e-01]
   [ 1.91476405e-01  4.21292764e-01  4.62567741e-01  3.04613139e-01
     1.34565021e-01]]

  [[ 1.91725502e-01  4.45831781e-02 -7.43507593e-02  1.25938032e-01
     3.26483625e-01]
   [ 6.67328607e-03 -2.82328154e-01 -4.74406357e-01 -1.51960282e-02
     3.01710905e-01]
   [-8.22043842e-02 -2.74041720e-01 -3.48355550e-01  4.80107182e-02
     2.04218630e-01]
   [-1.79010496e-01 -1.14843548e-01 -2.29308353e-03  7.40611594e-02
     7.30058107e-02]
   [ 1.54066445e-01  3.87074731e-01  4.35117302e-01  2.62139998e-01
     1.10154982e-01]]

  [[ 2.26475727e-01  1.46648914e-01  1.06531506e-01  1.71267902e-01
     2.38448584e-01]
   [ 1.01107415e-01 -5.73132040e-02 -2.05151083e-01 -5.70890241e-02
     1.08203894e-01]
   [-1.50101878e-01 -1.55002133e-01 -1.46715793e-01 -5.55831442e-02
    -4.89805131e-02]
   [-4.24047633e-01 -3.04668721e-01 -1.20301362e-01 -9.92851122e-02
    -1.55919066e-01]
   [-1.40148820e-01  1.55306652e-02  1.30099890e-01  1.27223702e-01
    -6.18155842e-02]]

  [[ 2.66782460e-01  1.50769005e-01  7.77950597e-02  1.94075619e-01
     2.56842799e-01]
   [ 1.63655847e-01 -3.08909832e-02 -2.09702110e-01 -2.51664033e-02
     1.01982669e-01]
   [-3.88649791e-02 -8.77897521e-02 -2.08949411e-01 -1.29405293e-01
    -9.88228691e-02]
   [-3.14523939e-01 -2.59290239e-01 -2.32543018e-01 -2.02900741e-01
    -2.23579544e-01]
   [-1.31071069e-01  8.32052045e-03  3.35463674e-02  3.38800706e-02
    -7.64202735e-02]]

  [[ 1.80037362e-01  9.95872631e-02  4.95011959e-02  1.86294888e-01
     3.00937273e-01]
   [ 7.34957880e-02 -8.19355145e-02 -2.53768802e-01 -2.49810590e-02
     1.48280115e-01]
   [-7.58754923e-02 -1.25001486e-01 -1.73359608e-01 -6.25621269e-02
    -5.83093390e-02]
   [-2.98591600e-01 -2.72662168e-01 -1.16398701e-01 -9.51479913e-02
    -1.61153159e-01]
   [-6.26952948e-02  6.80848220e-02  1.53518591e-01  1.51123771e-01
    -1.82023413e-02]]

  [[ 1.36498308e-01 -3.49767975e-01 -2.49662386e-01  3.99560407e-01
     6.15652756e-01]
   [ 7.12862665e-02 -6.48407408e-01 -4.56119792e-01  3.48993391e-01
     4.89907084e-01]
   [ 9.82331258e-02 -5.13334492e-01 -2.26094155e-01  1.57603362e-01
     1.33316345e-01]
   [ 2.78113946e-01 -5.64856894e-02  1.19501721e-01  2.74441883e-02
    -6.36772118e-02]
   [ 6.86256763e-01  5.07793972e-01  4.70126438e-01  2.37235010e-01
     5.56978353e-02]]]


 [[[ 6.24582529e-02  1.52138368e-02  1.69016113e-01  2.20409562e-01
     1.49280314e-01]
   [-3.91241104e-01 -4.58157531e-01 -3.08839911e-01 -2.94104489e-01
    -2.69040906e-01]
   [-2.64400667e-01 -1.93949444e-01 -1.17073286e-01 -3.42647899e-01
    -4.52231934e-01]
   [ 8.99541347e-02  2.13436502e-01  2.16653399e-01 -1.75068257e-01
    -3.92811106e-01]
   [ 4.46972910e-01  6.53274504e-01  5.71515132e-01  3.92626813e-02
    -1.91382453e-01]]

  [[ 6.23832354e-02  2.08576233e-02  1.77823375e-01  2.31176198e-01
     1.55926092e-01]
   [-3.86202471e-01 -4.52536143e-01 -3.08265392e-01 -2.94132670e-01
    -2.66039536e-01]
   [-2.71744732e-01 -2.03375356e-01 -1.16261222e-01 -3.45568307e-01
    -4.69133892e-01]
   [ 7.52393329e-02  2.22111100e-01  2.33717372e-01 -1.74255195e-01
    -3.90511373e-01]
   [ 4.13993907e-01  6.36736761e-01  5.53701208e-01  2.66502594e-02
    -1.77789040e-01]]

  [[ 2.42378346e-02 -1.22864293e-01  3.32590045e-02  1.47486569e-02
    -6.09289869e-03]
   [-3.58103484e-01 -6.04518074e-01 -5.97785343e-01 -6.54350277e-01
    -4.93945397e-01]
   [-2.59084957e-01 -2.99686638e-01 -3.17087662e-01 -5.23696852e-01
    -5.01298339e-01]
   [ 5.82553880e-02  6.34521135e-02  4.38259038e-02 -2.18067484e-01
    -3.03792725e-01]
   [ 3.65503414e-01  5.01571151e-01  5.25333976e-01  2.38781478e-01
    -2.20666804e-02]]

  [[ 7.88451225e-03 -5.53636505e-02  9.26817029e-02  6.23222683e-02
     3.74762769e-02]
   [-4.03898247e-01 -5.81002899e-01 -5.84107420e-01 -6.33354015e-01
    -4.38101528e-01]
   [-3.27328625e-01 -3.41598895e-01 -3.99386546e-01 -5.81401469e-01
    -5.07514171e-01]
   [-6.83194914e-03  4.10140191e-02  2.62486487e-02 -2.42280769e-01
    -3.27026564e-01]
   [ 2.81431918e-01  4.56107203e-01  4.86494049e-01  1.70972879e-01
    -6.49592339e-02]]

  [[ 4.47054448e-02 -7.17671794e-02  1.00236289e-01  1.08497713e-01
     6.58859107e-02]
   [-3.42149676e-01 -5.17217938e-01 -4.93318595e-01 -5.26705978e-01
    -4.00763554e-01]
   [-2.00322195e-01 -1.94070327e-01 -2.08491618e-01 -4.37348651e-01
    -4.53661282e-01]
   [ 9.95557250e-02  1.28772308e-01  9.39781905e-02 -2.26636522e-01
    -3.11091829e-01]
   [ 3.59228638e-01  4.86017017e-01  4.83586615e-01  1.59977918e-01
    -5.03461802e-02]]

  [[ 5.16049554e-02  9.05996361e-02  1.96887144e-01  1.65742502e-01
     8.64173685e-02]
   [-1.86808053e-01 -7.00661013e-02  5.49456414e-02 -2.16059978e-01
    -3.38960134e-01]
   [ 1.17867456e-01  2.28417924e-01  1.76947143e-01 -4.08240967e-01
    -5.68161371e-01]
   [ 5.83607813e-01  5.84510717e-01  2.87955925e-01 -4.16207559e-01
    -5.08166512e-01]
   [ 6.36075671e-01  5.45325968e-01  1.44745226e-01 -3.52994844e-01
    -3.22996718e-01]]]


 [[[-1.10690085e-01 -1.29619950e-01  1.56020359e-01  4.29410912e-01
     4.37209515e-01]
   [-3.94037560e-01 -3.67425093e-01 -4.90016758e-02  9.49738502e-02
    -3.06835349e-02]
   [-7.59328943e-02 -8.03073998e-02 -6.37062855e-02 -3.70679513e-01
    -5.39528886e-01]
   [ 4.49331527e-02 -2.14480842e-02 -2.17006760e-01 -6.44490291e-01
    -6.09654205e-01]
   [ 1.84732236e-01  2.26584578e-01  6.26808242e-02 -2.14353015e-01
    -1.56598290e-01]]

  [[-7.97287990e-02 -9.45186370e-02  1.91054134e-01  4.63891129e-01
     4.52789068e-01]
   [-3.53408829e-01 -3.32841070e-01 -3.11867561e-02  1.09609865e-01
    -1.07676001e-02]
   [-8.57574712e-02 -1.01192347e-01 -8.78833576e-02 -3.94832297e-01
    -5.46451681e-01]
   [ 1.50560195e-02 -3.95375593e-02 -2.21085377e-01 -6.48285661e-01
    -5.97537777e-01]
   [ 1.45591162e-01  1.95778387e-01  5.55920339e-02 -2.04816246e-01
    -1.26719432e-01]]

  [[-5.88727846e-02 -1.31704307e-01  7.52674679e-02  3.53923364e-01
     4.58810420e-01]
   [-3.05018917e-01 -4.59614513e-01 -3.08532372e-01 -1.06134223e-01
     3.30385490e-03]
   [-1.14681307e-01 -1.23111674e-01 -2.56875832e-01 -4.84578703e-01
    -3.72742598e-01]
   [-1.93832587e-02 -9.76854238e-02 -3.25235827e-01 -5.14689059e-01
    -3.08394392e-01]
   [ 1.66770212e-01  1.34525513e-01  6.90066735e-02  1.80791900e-01
     2.27311387e-01]]

  [[-5.80064210e-02 -9.40982380e-02  1.43915623e-01  4.26838727e-01
     5.02326985e-01]
   [-3.24640627e-01 -4.56879808e-01 -2.45491942e-01 -3.94478303e-02
     5.22073893e-02]
   [-2.10826579e-01 -2.28051220e-01 -3.27676266e-01 -5.08361582e-01
    -3.72026665e-01]
   [-1.31321738e-01 -1.82165115e-01 -4.20476781e-01 -5.42824443e-01
    -3.15139848e-01]
   [ 8.92489810e-02  6.00982394e-02  1.87152562e-02  1.32569963e-01
     2.33802157e-01]]

  [[-9.09651018e-03 -3.23892693e-02  2.14185674e-01  4.67942195e-01
     5.04549061e-01]
   [-2.37153408e-01 -3.34392458e-01 -1.51853589e-01  3.58242429e-02
     6.84002337e-02]
   [-4.52198730e-02 -9.12750839e-02 -1.96241282e-01 -3.98122428e-01
    -3.56925113e-01]
   [-2.51479763e-02 -1.34797782e-01 -3.55942872e-01 -5.35306475e-01
    -3.42312599e-01]
   [ 1.08575892e-01  8.62636202e-02  2.88016936e-02  1.25832587e-01
     2.05566350e-01]]

  [[-4.42859916e-02 -9.83730819e-03  3.18993730e-01  5.73887639e-01
     4.99813492e-01]
   [-1.83475808e-01 -8.82333000e-02  2.77918155e-01  2.72184240e-01
     8.07839420e-02]
   [-4.20156987e-02 -5.86293091e-02 -4.17394045e-02 -4.35544145e-01
    -4.90972928e-01]
   [ 1.90876698e-01  1.02338171e-02 -3.08859560e-01 -7.07590468e-01
    -5.19849673e-01]
   [ 3.72098685e-01  1.93778457e-01 -1.10210335e-01 -1.74808559e-01
     3.26394081e-03]]]


 [[[-4.96741804e-02 -2.82243758e-02  4.43309425e-02  1.87015384e-01
     2.75267589e-01]
   [-2.12200841e-01 -2.23992491e-01 -2.25054608e-01 -1.73512992e-02
     1.59102332e-01]
   [ 1.48845482e-02 -2.68881872e-02 -1.70703073e-01 -1.30127921e-01
    -4.92149569e-02]
   [ 7.29501459e-02  9.09301241e-02 -4.41527012e-02 -1.80433005e-01
    -1.60333217e-01]
   [ 2.40108811e-01  4.11902766e-01  3.65769361e-01  1.66351408e-01
     5.01615415e-03]]

  [[-2.65682715e-02 -6.62955401e-03  7.13883781e-02  2.20824625e-01
     2.94060584e-01]
   [-1.82774673e-01 -1.98512392e-01 -1.98984954e-01  7.44422949e-03
     1.64479390e-01]
   [ 7.70653424e-03 -3.75286133e-02 -1.67542656e-01 -1.44626221e-01
    -8.51390677e-02]
   [ 4.41562579e-02  7.08254593e-02 -4.69761392e-02 -1.98920059e-01
    -1.85872463e-01]
   [ 1.98428986e-01  3.79821159e-01  3.52377459e-01  1.50580525e-01
     2.55560450e-03]]

  [[ 1.26902848e-02  5.04300612e-02  1.27911580e-01  2.15223341e-01
     2.39427868e-01]
   [-1.00568477e-01 -1.75247705e-01 -3.60209892e-01 -2.52451659e-01
    -4.32832842e-02]
   [ 7.51029983e-02 -4.46252972e-02 -4.30883515e-01 -4.29172544e-01
    -2.55047801e-01]
   [-3.11189282e-02 -5.08369895e-02 -1.99814222e-01 -2.79934095e-01
    -2.11345749e-01]
   [ 9.99450713e-02  2.41342820e-01  3.52385364e-01  3.36626523e-01
     1.53821689e-01]]

  [[ 5.81686487e-02  1.03353029e-01  1.98639381e-01  3.12547633e-01
     3.22141731e-01]
   [-9.28510621e-02 -1.67244497e-01 -2.81632198e-01 -1.28363089e-01
     1.58084037e-02]
   [ 1.78695194e-03 -1.09791121e-01 -4.65171142e-01 -3.96100979e-01
    -2.65310231e-01]
   [-1.07757216e-01 -1.58864943e-01 -2.88668952e-01 -3.31321879e-01
    -2.56462273e-01]
   [-1.67944408e-03  1.24275062e-01  2.34483763e-01  2.62340171e-01
     1.09662946e-01]]

  [[ 8.71114254e-02  1.25556162e-01  2.25659654e-01  3.42443394e-01
     3.44999697e-01]
   [-5.14348462e-02 -9.02524055e-02 -2.26953496e-01 -5.93144046e-02
     9.50162954e-02]
   [ 1.34811571e-01  2.64518370e-02 -3.05480371e-01 -2.68235560e-01
    -1.86508851e-01]
   [ 5.06505807e-02 -4.01538548e-02 -1.92218937e-01 -2.49004995e-01
    -2.12136492e-01]
   [ 1.49321018e-01  2.36228732e-01  3.13441200e-01  3.22112321e-01
     1.54315580e-01]]

  [[ 2.09011812e-01  1.04984206e-01  2.44790119e-01  4.60791957e-01
     4.47998246e-01]
   [ 1.47604224e-01 -2.19243884e-02  1.34889605e-01  3.05619737e-01
     2.57689109e-01]
   [ 1.89788017e-01 -7.98514327e-02 -7.39979427e-03 -9.26996415e-02
    -1.20452843e-01]
   [ 4.24642404e-01  8.11570288e-02 -4.00626155e-02 -2.28017187e-01
    -1.93164122e-01]
   [ 6.92159368e-01  3.87633202e-01  2.14763553e-01  1.15056250e-01
     1.11854558e-01]]]


 [[[ 6.16691067e-02  7.33960080e-02  3.28432384e-01  7.76365092e-01
     7.33172536e-01]
   [ 2.60659186e-02 -3.84519981e-03  2.51569397e-01  5.53111060e-01
     3.78093408e-01]
   [ 1.80027042e-01 -7.85215174e-02 -1.43018614e-01 -9.99903946e-02
    -1.32062124e-01]
   [-1.70164782e-01 -3.82445180e-01 -4.32386513e-01 -3.28338300e-01
    -2.13685751e-01]
   [-1.61520544e-01  8.77768653e-02  2.53216285e-01  2.21075080e-01
     1.85534452e-01]]

  [[ 9.00846839e-02  1.08238013e-01  3.63853669e-01  8.03137227e-01
     7.31382201e-01]
   [ 5.98091531e-02  2.70538448e-02  2.79239041e-01  5.55238607e-01
     3.73433942e-01]
   [ 1.74747284e-01 -8.73458843e-02 -1.51176276e-01 -1.21926975e-01
    -1.51883413e-01]
   [-1.99994513e-01 -4.02295827e-01 -4.29788464e-01 -3.40811933e-01
    -2.24355833e-01]
   [-1.77499543e-01  7.28388266e-02  2.42435524e-01  2.07281984e-01
     1.82199629e-01]]

  [[ 2.20079572e-02 -1.75507780e-02  1.71694479e-01  5.81498965e-01
     6.01285447e-01]
   [ 1.84658085e-03 -1.00798116e-01  6.96468820e-02  3.33582193e-01
     2.13538490e-01]
   [ 1.02617570e-01 -1.64546648e-01 -3.05302705e-01 -2.97014345e-01
    -2.92998106e-01]
   [-2.63851189e-01 -4.28973245e-01 -4.84783009e-01 -4.92483484e-01
    -2.92410338e-01]
   [-3.11275195e-01  4.59285934e-02  2.24434176e-01  2.33047732e-01
     2.08132329e-01]]

  [[ 3.82049491e-02 -2.89400742e-02  1.66172335e-01  5.93711283e-01
     6.07376107e-01]
   [-3.83881915e-04 -1.27716887e-01  6.61599319e-02  3.43703711e-01
     1.73740432e-01]
   [ 5.17459052e-02 -2.41198473e-01 -3.64351052e-01 -3.88843639e-01
    -3.48179978e-01]
   [-3.81066265e-01 -5.61979534e-01 -6.29080694e-01 -5.49742633e-01
    -3.34876445e-01]
   [-3.64592368e-01 -5.96819675e-02  1.18807905e-01  1.81645593e-01
     2.10067860e-01]]

  [[ 8.01265637e-02  7.33696355e-02  2.93676453e-01  7.06456754e-01
     6.73944514e-01]
   [ 5.46862678e-02  1.21624704e-03  2.03452888e-01  4.73881316e-01
     2.93460344e-01]
   [ 1.13104094e-01 -1.23131236e-01 -2.10323365e-01 -2.35175788e-01
    -2.46113967e-01]
   [-2.92367763e-01 -4.74096887e-01 -5.22766532e-01 -4.78222471e-01
    -3.03386911e-01]
   [-2.66260678e-01  3.97746138e-03  1.73825271e-01  2.36076286e-01
     2.13683758e-01]]

  [[ 1.55116960e-01  6.46503958e-02  5.19134831e-01  9.52130455e-01
     7.11824894e-01]
   [ 1.31042241e-01 -2.82728285e-02  6.23173162e-01  9.38075606e-01
     4.25881471e-01]
   [-1.85323121e-01 -5.36480430e-01 -9.64415931e-02 -6.56084319e-03
    -2.31972239e-01]
   [-3.81889277e-01 -7.66515499e-01 -5.09525702e-01 -3.86102256e-01
    -3.15933336e-01]
   [ 8.98971770e-02 -3.50195860e-02  1.39569021e-01  1.74239010e-01
     1.48219681e-01]]]


 [[[ 1.37538856e-02 -4.26159401e-02 -2.14279224e-02  2.11861312e-01
     3.93530154e-01]
   [-1.06429152e-01 -1.91535502e-01 -1.53567429e-01  1.00626197e-01
     2.53964461e-01]
   [-7.84114042e-04 -1.04188800e-01 -1.86531287e-01 -1.44901410e-01
     1.07036349e-02]
   [-1.09694555e-01 -2.06103659e-01 -3.07634724e-01 -2.57985102e-01
    -3.56393444e-02]
   [ 2.73895378e-02  1.30656178e-01  1.74278145e-01  2.15097446e-01
     2.82916748e-01]]

  [[ 2.39437066e-02 -3.09866168e-02 -3.30013198e-03  2.37922182e-01
     4.00976116e-01]
   [-8.44953893e-02 -1.72345428e-01 -1.34499655e-01  1.12700736e-01
     2.52854350e-01]
   [-6.30877180e-03 -1.11054612e-01 -2.02618483e-01 -1.64223704e-01
    -1.46866041e-02]
   [-1.41848474e-01 -2.29605526e-01 -3.27256058e-01 -2.78127125e-01
    -5.20111372e-02]
   [-1.46577805e-02  1.01481360e-01  1.64376095e-01  2.10472300e-01
     2.81718072e-01]]

  [[ 3.45666534e-02 -1.06307169e-01 -7.35098265e-02  9.03648903e-02
     2.21549108e-01]
   [-1.52882898e-01 -3.09144200e-01 -2.45910820e-01 -1.19389867e-01
     9.50525090e-04]
   [-1.53295924e-01 -2.07646169e-01 -2.31667667e-01 -3.72617509e-01
    -2.97875711e-01]
   [-3.75745183e-01 -4.65531167e-01 -5.35684901e-01 -4.54636888e-01
    -2.32754127e-01]
   [-3.59942039e-01 -2.70351467e-01 -8.97472243e-02  7.05015588e-02
     1.27757290e-01]]

  [[-1.78589516e-03 -5.27997560e-02 -2.21746065e-02  1.26495612e-01
     2.57040669e-01]
   [-1.52485932e-01 -2.59672805e-01 -1.87263070e-01 -4.63879578e-02
     6.35162906e-02]
   [-1.79679716e-01 -2.09428957e-01 -3.26790386e-01 -4.28057020e-01
    -2.99066998e-01]
   [-4.70893194e-01 -6.18491793e-01 -7.08635758e-01 -5.62442576e-01
    -2.99111360e-01]
   [-4.24236699e-01 -3.24607797e-01 -1.67591297e-01  2.67407861e-02
     9.62461041e-02]]

  [[ 2.89209814e-03 -3.81779404e-02 -3.45004161e-03  1.62028728e-01
     2.68594866e-01]
   [-1.37150297e-01 -2.16892534e-01 -2.28436972e-01 -4.47068565e-02
     9.42013068e-02]
   [-1.58454814e-01 -1.28206191e-01 -3.04127612e-01 -3.85153476e-01
    -2.57951927e-01]
   [-3.85440046e-01 -4.84175475e-01 -5.64709272e-01 -4.74473804e-01
    -2.45203519e-01]
   [-2.63250304e-01 -1.81942445e-01 -5.44138158e-02  7.47950713e-02
     1.55970814e-01]]

  [[ 2.87098218e-02 -1.69539622e-01  1.05477153e-02  4.05681696e-01
     4.98779065e-01]
   [ 5.06083596e-02 -1.70919065e-01  1.75089191e-02  3.44390814e-01
     3.95331356e-01]
   [ 7.29234487e-02 -2.49662194e-01 -1.99149720e-01 -1.54016852e-01
    -6.68454663e-02]
   [ 1.12967790e-01 -2.04960166e-01 -2.32049798e-01 -3.00547049e-01
    -1.54450769e-01]
   [ 4.73488214e-01  3.10025086e-01  2.94203631e-01  2.39576134e-01
     2.51885827e-01]]]


 [[[ 1.88938339e-01  2.45782397e-01  1.66948540e-01  4.67493661e-02
    -1.27182669e-02]
   [ 1.70128432e-01  6.12456308e-05 -4.42998403e-01 -5.31523190e-01
    -1.03332718e-01]
   [ 8.66126448e-02 -2.01263305e-01 -7.33541010e-01 -4.30779594e-01
     1.32099612e-01]
   [-1.31992620e-01 -2.32594406e-01 -2.45088121e-01  3.84777539e-02
     4.03208394e-01]
   [ 9.87231849e-02  3.76383317e-01  5.54150938e-01  6.05421141e-01
     5.80924507e-01]]

  [[ 1.81704615e-01  2.27089791e-01  1.43447445e-01  5.25127103e-02
     8.60560274e-03]
   [ 1.64254511e-01 -1.02957876e-02 -4.45828832e-01 -5.00457743e-01
    -8.60566081e-02]
   [ 8.04939436e-02 -2.17995598e-01 -7.13524955e-01 -4.07902157e-01
     1.21233664e-01]
   [-1.44961199e-01 -2.49984249e-01 -2.31908170e-01  3.02517145e-02
     3.79654369e-01]
   [ 8.39727988e-02  3.55923676e-01  5.43549024e-01  5.79597491e-01
     5.57311551e-01]]

  [[ 1.04685021e-01  1.43581597e-01  1.47494369e-01  5.74683551e-02
    -5.97283195e-02]
   [ 9.13587986e-02  1.70873493e-02 -2.89245304e-01 -4.25156659e-01
    -2.38862425e-01]
   [-8.50315772e-02 -2.28576845e-01 -5.44912481e-01 -3.65503107e-01
    -4.99958706e-02]
   [-3.84135352e-01 -4.10194648e-01 -3.86600161e-01 -1.55083806e-01
     1.24922336e-01]
   [-1.80595880e-01  8.09481542e-02  2.70524252e-01  3.22190684e-01
     2.99751659e-01]]

  [[ 1.18321214e-01  1.80050391e-01  1.75128494e-01  1.19190002e-01
    -2.30875367e-02]
   [ 1.29698213e-01  5.43265206e-02 -2.40616546e-01 -3.42878022e-01
    -1.99642892e-01]
   [ 2.50425006e-02 -1.45177890e-01 -4.92600396e-01 -3.45540902e-01
    -6.75820622e-02]
   [-2.78669389e-01 -3.56448451e-01 -3.73072457e-01 -1.71001186e-01
     8.41536304e-02]
   [-1.41056577e-01  3.34449322e-02  1.99366308e-01  2.63464032e-01
     2.48700552e-01]]

  [[ 7.92429627e-02  1.03324175e-01  9.30349959e-02  6.06966154e-02
     1.18060951e-02]
   [ 5.20186739e-02 -5.91586031e-02 -3.66279304e-01 -3.96539351e-01
    -1.43871543e-01]
   [-5.72294069e-02 -2.24833771e-01 -5.60088007e-01 -3.21506680e-01
     1.68191917e-02]
   [-3.21065521e-01 -3.93108101e-01 -3.74035548e-01 -1.27646230e-01
     1.88529316e-01]
   [-1.17577265e-01  6.06446879e-02  2.42699486e-01  3.36660352e-01
     3.41155820e-01]]

  [[ 1.51953522e-01 -2.11464907e-01 -3.59660089e-01 -1.45569876e-02
     3.03443567e-01]
   [ 1.58969089e-01 -5.50538106e-01 -9.17719540e-01 -3.17734951e-01
     2.37180444e-01]
   [ 1.25715160e-01 -6.38139270e-01 -7.74875628e-01 -2.00792957e-01
     3.33051294e-01]
   [ 2.31899571e-01 -2.96237267e-01 -1.94555629e-01  1.23395481e-01
     4.63271781e-01]
   [ 6.12460390e-01  3.22277127e-01  3.69790622e-01  4.32065265e-01
     4.72108033e-01]]]


 [[[ 1.29337398e-01  1.71078493e-01  1.26831483e-01  9.02764608e-02
     9.60255362e-02]
   [ 9.52432998e-02 -5.53217595e-02 -4.36319042e-01 -3.95914169e-01
     1.33169838e-02]
   [ 5.73319151e-02 -1.87412409e-01 -6.85104770e-01 -3.22220311e-01
     1.32560335e-01]
   [-1.45221761e-01 -1.86098857e-01 -1.95928760e-01  5.89230082e-02
     2.93822352e-01]
   [ 7.61686276e-02  3.92207967e-01  5.28331750e-01  5.55920285e-01
     4.49156523e-01]]

  [[ 1.26015214e-01  1.63771652e-01  1.22553979e-01  1.14138830e-01
     1.15878125e-01]
   [ 9.49928547e-02 -5.54568570e-02 -4.21558825e-01 -3.60977346e-01
     2.69687509e-02]
   [ 4.68848069e-02 -2.02052481e-01 -6.61815608e-01 -3.15635260e-01
     1.06561857e-01]
   [-1.66874024e-01 -2.04402433e-01 -1.90548991e-01  3.58861676e-02
     2.57068059e-01]
   [ 5.14347652e-02  3.62687760e-01  5.13203133e-01  5.27152726e-01
     4.17598903e-01]]

  [[ 1.76062074e-02  5.66720271e-02  1.08696103e-01  9.43309082e-02
     3.24562269e-02]
   [-3.34336767e-02 -5.65593039e-02 -2.78875553e-01 -3.17962679e-01
    -1.25657917e-01]
   [-1.25143337e-01 -2.01510080e-01 -4.03105172e-01 -2.46908023e-01
    -6.85315306e-02]
   [-3.89714232e-01 -3.54434258e-01 -2.28685138e-01 -7.83832961e-02
     4.12649344e-02]
   [-1.97965590e-01  1.18276364e-01  3.18803206e-01  3.51764921e-01
     2.54417806e-01]]

  [[ 3.45246456e-02  1.03252149e-01  1.43457400e-01  1.66787128e-01
     8.42127624e-02]
   [ 8.56197082e-03 -7.43990657e-03 -2.28055427e-01 -2.30845918e-01
    -1.11562982e-01]
   [-5.78754582e-02 -1.23894770e-01 -3.84134139e-01 -2.77452079e-01
    -1.20744677e-01]
   [-3.33598883e-01 -2.94439806e-01 -2.68577740e-01 -1.41833769e-01
    -1.75866076e-02]
   [-1.86630349e-01  7.56265314e-02  2.33662081e-01  2.84841113e-01
     1.98795477e-01]]

  [[ 1.17019779e-02  7.62353778e-02  1.15787337e-01  1.56920828e-01
     1.44624044e-01]
   [-3.87302959e-02 -8.71080366e-02 -3.07399714e-01 -2.34008678e-01
    -3.21603970e-02]
   [-9.90529170e-02 -1.84893351e-01 -4.38129950e-01 -2.32779659e-01
    -2.45276154e-02]
   [-3.48953323e-01 -3.29570069e-01 -2.56375041e-01 -8.65967148e-02
     7.12590201e-02]
   [-1.40096560e-01  1.21057204e-01  3.04932431e-01  3.59500949e-01
     2.81159932e-01]]

  [[ 1.81751843e-01 -9.82992609e-02 -1.45716196e-01  2.18832017e-01
     4.69865644e-01]
   [ 2.37226757e-01 -3.16547143e-01 -5.28262470e-01 -5.00190956e-02
     3.15988214e-01]
   [ 1.92129366e-01 -4.18597125e-01 -5.05102566e-01 -1.26753249e-01
     1.66905287e-01]
   [ 2.56828833e-01 -1.73351412e-01 -1.02386845e-01  5.07071159e-02
     2.21768343e-01]
   [ 6.07435723e-01  4.05036765e-01  4.27848172e-01  3.86851448e-01
     3.54303752e-01]]]


 [[[ 1.53044438e-01  3.42663217e-02 -4.04838248e-02  1.89499651e-01
     2.66213870e-01]
   [ 1.28145540e-02 -2.50696878e-01 -4.18292371e-01 -3.85919461e-02
     2.25284045e-01]
   [-8.51669220e-02 -2.30968624e-01 -2.89052176e-01  2.61279159e-02
     2.25841691e-01]
   [-1.97892944e-01 -9.82254056e-02  1.63972877e-02  1.14984864e-01
     2.27187176e-01]
   [ 1.61977615e-01  4.33904756e-01  4.83746238e-01  4.04742747e-01
     3.36650249e-01]]

  [[ 1.50907247e-01  3.48244548e-02 -3.04197246e-02  2.15467164e-01
     2.84525559e-01]
   [ 2.00762449e-02 -2.33523314e-01 -3.66155629e-01 -3.67937239e-04
     2.32068746e-01]
   [-8.07188545e-02 -2.21505061e-01 -2.56954061e-01  1.86245879e-02
     1.91111321e-01]
   [-2.11590428e-01 -1.04460322e-01  2.34742002e-02  8.72741105e-02
     1.97370260e-01]
   [ 1.35924696e-01  4.14551934e-01  4.79500796e-01  3.81444397e-01
     3.16430495e-01]]

  [[ 1.32027422e-01  1.41985936e-02  2.55260432e-02  1.24452907e-01
     1.14344617e-01]
   [-2.71846574e-02 -2.22543464e-01 -3.31177263e-01 -1.60080925e-01
     2.93701781e-03]
   [-2.51102224e-01 -2.63173216e-01 -2.30369036e-01 -1.34865233e-01
    -6.69743173e-02]
   [-5.26881245e-01 -3.36890623e-01 -9.86919758e-02 -1.09529883e-01
    -3.58725763e-02]
   [-2.33008309e-01  7.56752196e-02  2.10687618e-01  2.30199036e-01
     1.65325584e-01]]

  [[ 1.43960955e-01  6.44565387e-03  3.44956846e-02  1.87216228e-01
     1.68293188e-01]
   [ 3.03198198e-02 -1.82630742e-01 -2.67495625e-01 -9.55019705e-02
     8.67367810e-03]
   [-1.67050711e-01 -2.10875101e-01 -2.82332727e-01 -2.12322047e-01
    -1.20511428e-01]
   [-4.70106476e-01 -3.41266757e-01 -2.23443459e-01 -2.19159775e-01
    -1.05870496e-01]
   [-2.50793599e-01  4.83782574e-02  1.34866093e-01  1.22485950e-01
     1.09303618e-01]]

  [[ 9.90458450e-02  4.74752733e-03  4.48570414e-02  1.97722235e-01
     2.20672286e-01]
   [-4.07044692e-02 -1.96954056e-01 -2.87413981e-01 -9.19368395e-02
     7.40627956e-02]
   [-1.84758693e-01 -1.95694519e-01 -2.12999519e-01 -1.24957585e-01
    -5.42801182e-02]
   [-4.06867162e-01 -2.68594402e-01 -1.03809040e-01 -9.69618484e-02
    -2.89590278e-02]
   [-1.43434725e-01  1.38129819e-01  2.41335960e-01  2.53863323e-01
     1.91302965e-01]]

  [[ 7.00117367e-02 -2.95178027e-01 -1.60545099e-01  3.49760968e-01
     5.23251461e-01]
   [ 2.89766310e-02 -5.07420643e-01 -3.37006957e-01  2.82280608e-01
     4.27551062e-01]
   [ 1.23410702e-02 -4.35331067e-01 -1.54523336e-01  1.30008210e-01
     1.34799335e-01]
   [ 1.67610755e-01 -5.49903422e-02  1.50446062e-01  6.14773017e-02
     2.14716622e-02]
   [ 5.72473535e-01  4.95010642e-01  4.99218046e-01  2.99659751e-01
     1.72560508e-01]]]


 [[[ 1.27290198e-01  3.69068193e-02 -7.50195076e-02 -5.65372142e-02
     1.02897380e-01]
   [ 3.44464413e-02 -1.67209274e-01 -4.89688494e-01 -3.11421781e-01
     1.40558838e-01]
   [ 1.10729569e-01 -8.30307623e-02 -5.55431472e-01 -2.44740715e-01
     1.41735284e-01]
   [ 1.66423056e-02 -9.19588706e-02 -2.98512578e-01 -1.42097408e-01
     7.22649435e-02]
   [ 1.69194932e-01  2.70050895e-01  2.07931641e-01  1.74248466e-01
     1.56209065e-01]]

  [[ 1.20893392e-01  3.48236386e-02 -7.56752373e-02 -3.30922830e-02
     1.22028792e-01]
   [ 3.52260098e-02 -1.70097056e-01 -4.82797127e-01 -2.72387400e-01
     1.54361983e-01]
   [ 9.92797213e-02 -1.07310724e-01 -5.50076027e-01 -2.36264435e-01
     1.19211866e-01]
   [-1.05922304e-02 -1.18983544e-01 -3.05085287e-01 -1.62433200e-01
     4.88449452e-02]
   [ 1.37674337e-01  2.33930118e-01  1.90072332e-01  1.56855343e-01
     1.48214558e-01]]

  [[ 7.96730163e-02  9.89932897e-02  1.08279151e-01 -3.32716003e-03
     2.12115138e-02]
   [ 8.89918460e-03 -5.85302233e-02 -2.85368372e-01 -3.03199659e-01
     1.71727802e-02]
   [-6.76229598e-02 -9.97588310e-02 -3.74848407e-01 -1.55783034e-01
    -7.74163228e-02]
   [-3.04925237e-01 -2.75601092e-01 -4.59783283e-01 -2.69959168e-01
    -2.22578280e-01]
   [-1.39948236e-01 -5.45567900e-02 -1.35981812e-01 -4.50714398e-02
    -1.09263554e-01]]

  [[ 9.59626193e-02  1.36329834e-01  1.27907118e-01  2.28332306e-02
     4.12229076e-02]
   [ 4.60524171e-02 -2.81643318e-04 -1.96632357e-01 -2.11786587e-01
     6.36645461e-03]
   [ 6.02679840e-03 -1.55871757e-02 -3.27010666e-01 -2.31942329e-01
    -1.61917387e-01]
   [-2.14673489e-01 -2.29311826e-01 -5.47127614e-01 -4.33645898e-01
    -3.01518131e-01]
   [-1.20465506e-01 -9.23746017e-02 -1.91609500e-01 -1.36825716e-01
    -1.56068980e-01]]

  [[ 2.82559227e-02  5.68124826e-02  3.13209237e-02 -3.75756455e-02
     7.29132871e-02]
   [-8.71022401e-03 -8.23011043e-02 -3.27513886e-01 -2.74982785e-01
     2.71173198e-02]
   [ 2.35672179e-02 -6.38349261e-02 -4.36530456e-01 -2.61894496e-01
    -1.41347148e-01]
   [-1.84831181e-01 -2.57375798e-01 -5.12719303e-01 -3.51042907e-01
    -2.59596584e-01]
   [-6.51655731e-02 -2.32294206e-02 -1.02919964e-01 -4.65664898e-02
    -1.12797684e-01]]

  [[ 1.50695803e-01 -1.92583793e-01 -3.19000164e-01  1.61648030e-02
     2.94074683e-01]
   [ 1.80086181e-01 -3.66149533e-01 -6.04609362e-01 -6.89038957e-02
     2.79621475e-01]
   [ 3.17005845e-01 -2.63369957e-01 -5.22986821e-01 -1.72496179e-01
     1.97867653e-02]
   [ 4.85756142e-01 -4.14266947e-02 -2.22592519e-01 -2.46500150e-01
    -1.83635991e-01]
   [ 7.36690107e-01  3.91297212e-01  2.05348323e-01  6.72728749e-02
    -5.71120890e-02]]]


 [[[ 4.87564666e-02  1.02301663e-02  5.42415643e-02  2.62955411e-01
     3.65604684e-01]
   [-1.62027934e-01 -1.98199850e-01 -2.46208345e-01  9.56079012e-03
     1.70071981e-01]
   [-9.00843054e-03  3.29216744e-02 -3.71434781e-02 -9.52224353e-02
    -4.55624359e-02]
   [-1.36818286e-02  1.13941347e-01  5.70576875e-02 -6.42492694e-02
    -9.28678586e-02]
   [ 1.64280444e-01  4.10448923e-01  4.07210066e-01  2.34633880e-01
     5.88201651e-02]]

  [[ 7.65873732e-02  3.73264822e-02  7.68231991e-02  2.82000612e-01
     3.72162401e-01]
   [-1.18640054e-01 -1.57654841e-01 -2.11627760e-01  2.08718828e-02
     1.58467248e-01]
   [-4.04148829e-03  3.70147978e-02 -3.63697809e-02 -1.25393728e-01
    -8.43628848e-02]
   [-2.28675597e-02  1.02671059e-01  4.60981934e-02 -9.68323762e-02
    -1.20343941e-01]
   [ 1.49545714e-01  3.90664799e-01  3.83633065e-01  2.05857803e-01
     4.57796513e-02]]

  [[ 6.61684986e-02  6.41812083e-02  1.14638227e-01  1.98835477e-01
     2.39859840e-01]
   [-1.18545637e-01 -1.08843949e-01 -2.92120372e-01 -3.11633792e-01
    -1.55787168e-01]
   [-2.76815150e-02  1.21473866e-01 -1.48289905e-01 -4.48940540e-01
    -3.48542812e-01]
   [-1.13823357e-01  6.35724407e-02 -6.27731547e-03 -2.27288038e-01
    -2.35742270e-01]
   [ 7.09738843e-02  2.69189599e-01  3.19637685e-01  2.55329738e-01
     1.13142900e-01]]

  [[ 8.06182868e-02  6.08630264e-02  9.79255800e-02  2.17210764e-01
     2.47172511e-01]
   [-1.10157463e-01 -1.54335475e-01 -3.14789396e-01 -2.73910732e-01
    -1.56945622e-01]
   [-6.09216126e-02  1.38147042e-02 -2.74196842e-01 -4.86033249e-01
    -3.72076874e-01]
   [-1.61830606e-01 -5.10222392e-02 -1.74218510e-01 -3.18917291e-01
    -2.69898591e-01]
   [-2.88496904e-02  1.45314607e-01  1.80627630e-01  1.86246306e-01
     7.59504384e-02]]

  [[ 1.04244704e-01  1.23038254e-01  1.62756768e-01  2.88741448e-01
     3.06264303e-01]
   [-7.08070788e-02 -5.92443147e-02 -2.23064910e-01 -1.68768590e-01
    -4.90558885e-02]
   [ 1.70472312e-02  1.42383332e-01 -9.99638177e-02 -3.46500137e-01
    -3.10167396e-01]
   [-5.91530813e-02  6.65469032e-02 -1.70579879e-02 -2.27833313e-01
    -2.34958044e-01]
   [ 9.39385749e-02  2.73329985e-01  2.89295541e-01  2.65394783e-01
     1.38785455e-01]]

  [[ 1.39000010e-01 -8.84713762e-02  8.17841195e-02  4.06718646e-01
     4.16329474e-01]
   [ 4.02897794e-02 -2.90363625e-01 -7.12452033e-02  2.50236369e-01
     1.79754768e-01]
   [ 8.10571639e-02 -2.01565866e-01 -5.27388511e-02 -8.42807860e-02
    -1.79074387e-01]
   [ 3.07503969e-01  5.48226046e-02 -3.27080422e-03 -2.04944619e-01
    -2.21717677e-01]
   [ 5.86087539e-01  3.89277697e-01  2.78561675e-01  1.47391663e-01
     7.20698567e-02]]]]