[[-6.44706378e-01  3.23832291e-01 -1.30217434e-01 -1.23938413e-01
   2.10360378e-01  9.47978437e-02 -4.21893442e-03 -5.19299046e-01
   4.58344894e-02  1.15389584e-01]
 [-1.24371662e+00  9.41173647e-02 -3.31761620e-01 -6.39198271e-01
   8.91609869e-02 -3.21665099e-01 -6.67702918e-01  1.88586166e-01
  -1.71369841e-01  1.16565134e-01]
 [-7.97968915e-01 -3.60325261e-01 -7.21554047e-02  1.95578996e-01
  -4.82988832e-03  5.41473785e-02 -7.03272949e-01 -1.49516926e-01
  -2.84738686e-01  1.27228572e-01]
 [-4.17628897e-01  9.43325020e-02  1.39567505e-01  4.20425762e-01
   7.27228471e-02  1.70175532e-01  5.40973466e-02 -1.45111463e-01
  -2.93436056e-01 -6.90184663e-01]
 [-1.36536252e+00  2.80508627e-01 -1.06960423e-01 -4.06827062e-02
  -5.17022943e-03 -3.80990258e-01 -2.23176526e-01  1.16731040e-01
   2.57101418e-01  1.27911449e-01]
 [-6.14050870e-01  1.11166668e-01 -8.48274965e-02  1.98653397e-01
   2.15883251e-01  2.41340151e-01 -3.26179208e-01  1.31635813e-01
  -2.30128202e-01  3.17332415e-01]
 [-6.66344926e-02 -8.28367478e-02 -3.52747449e-01  1.11665331e-01
  -2.23899278e-01  9.65154872e-02 -1.07602110e+00  1.25290397e-01
   6.87042241e-02 -2.51500657e-02]
 [-3.20188504e-01 -3.53325252e-01  3.27080954e-02 -3.02330863e-02
   1.06643304e-01  6.86303538e-02 -2.75100140e-01 -4.02156245e-02
   1.05012363e-01 -3.04936767e-01]
 [-1.44292805e+00 -1.11503114e-02 -2.11555785e-01 -4.16710248e-01
   5.75003068e-02 -5.32457529e-01 -3.48481163e-01  1.23442559e-01
  -1.78531377e-01  9.05226626e-02]
 [-4.08052189e-01 -3.53882042e-02 -3.94947586e-01  1.46751555e-01
  -2.38542734e-01  9.15359637e-02 -6.25094085e-01  1.09401091e-01
   4.21148976e-02 -3.65959683e-02]
 [-3.05161930e-01 -3.70729760e-02 -3.86782882e-01  1.64344031e-01
  -2.25857938e-01  1.04471384e-01 -9.40606669e-01  1.49366166e-01
   4.71269261e-02 -4.11690448e-02]
 [ 4.80461122e-03 -4.70724175e-01 -5.93793991e-02 -4.24538660e-01
   1.74460699e-01  8.83275529e-02  2.14576627e-01 -2.93196879e-01
  -1.76642877e-01 -6.91217308e-01]
 [-1.14154176e+00  2.85758893e-01 -2.51876322e-01 -5.20794540e-01
   1.25266875e-01 -1.41637598e-01  1.74455490e-01 -2.82908774e-01
  -1.20557290e-01 -4.32331520e-01]
 [-1.11090849e+00 -1.91869076e-01  2.59674481e-01 -1.85039770e-01
  -4.82590417e-01 -6.81833374e-01 -1.27300118e-02  2.21692047e-01
  -8.87162530e-02 -9.89549357e-01]
 [-2.99141338e-01  1.00847326e-01  3.47517176e-02  4.64774552e-02
   3.76648152e-01 -2.74684620e-02 -1.93811355e-01  1.11943617e-01
  -1.18208459e-01 -3.26037978e-01]
 [-9.57218566e-01  7.53062587e-02  6.91658180e-02  5.04773035e-02
  -1.72391087e-01 -6.30023448e-01 -3.93895029e-03 -2.47883915e-01
  -2.08505847e-01 -8.31573180e-01]
 [-1.34490776e-01 -2.58220791e-01 -3.83423659e-01 -4.88692974e-01
   8.34783866e-02 -5.15183560e-01  3.55934657e-01 -4.03500221e-01
   1.45033320e-01 -6.26666300e-01]
 [-5.13437507e-01 -9.19246462e-02  3.39306015e-01 -3.80534501e-01
  -1.63906931e-02 -1.88573017e-01  2.18404762e-01 -2.32174656e-01
  -1.15663585e-01 -6.20348007e-01]
 [-6.68481566e-01 -8.35529044e-02 -1.31054072e-01  1.67844883e-01
  -1.09109957e-01  6.41036280e-02 -1.34045003e-01 -5.66280827e-01
   3.60903882e-01  5.92160584e-02]
 [-3.99112772e-01 -2.85734899e-01 -9.42732653e-02 -1.19985211e-01
   1.43392940e-01  9.36333527e-02  2.71169102e-01 -8.81727996e-02
  -1.27840534e-01 -5.05883331e-01]
 [-1.29081498e+00 -6.21771101e-02  1.43044950e-01  1.96959755e-01
  -1.59337052e-01 -3.82547468e-01 -1.21658710e-01 -7.99113994e-03
  -4.57005277e-01 -4.06655309e-01]
 [-9.16434571e-01 -7.61664708e-01 -2.14415609e-01 -5.10031279e-01
   4.98974488e-02 -7.69924474e-02 -7.17818096e-01  9.50086522e-02
  -4.53325746e-02  6.98717358e-02]
 [-2.10703856e-01 -4.49192435e-02  6.92608033e-02 -1.23692160e-01
   3.05418132e-01  2.33182196e-02 -2.11135469e-01  5.66337047e-02
  -6.75120622e-03 -4.25603932e-01]
 [-1.55598549e+00 -2.23160369e-01 -1.34937119e-01  1.18066419e-01
   1.21681585e-01 -1.16220648e-01 -5.53639288e-01  8.52024471e-02
  -6.56363652e-01  7.90821406e-02]
 [-2.85957477e-01  7.02424296e-02  4.23373387e-02  3.74858634e-02
   3.24273621e-01 -4.14108404e-02 -1.18947010e-01  1.14675922e-01
  -1.23955926e-01 -2.51287303e-01]
 [-3.08249796e-01 -1.75787290e-01 -1.55396270e-01 -1.56173535e-01
   1.02357770e-01 -2.48246292e-01  3.82699661e-01 -1.43197798e-01
  -5.68397060e-02 -4.74378773e-01]
 [ 1.63038840e-01 -2.35046143e-01 -4.72428792e-01 -5.40128716e-02
  -3.24045473e-01  1.09696135e-01 -4.03039900e-01  1.78309665e-03
  -1.48636202e-01 -5.55144364e-02]
 [-9.35735321e-01 -7.68008316e-01 -1.16391298e-01 -6.04798326e-01
   6.84128616e-02 -9.86999714e-02 -6.99689287e-01  1.35042428e-01
  -1.40673420e-01  7.63063605e-02]
 [-7.99071155e-01 -6.53998333e-01  4.39908095e-01 -1.56247896e-01
   1.73265029e-01 -1.70647733e-01 -1.10396290e-01  3.92870962e-01
  -3.12215240e-01  1.39693443e-02]
 [-1.57171819e-01 -2.95154493e-01 -5.77216503e-02 -1.32169514e-01
   2.44601925e-01 -2.17551553e-02  1.26450130e-01 -2.69645251e-01
  -1.03961248e-01 -4.16109997e-01]
 [-2.15398445e-01 -9.65287512e-02  4.61293517e-02 -9.11668595e-02
   3.86539133e-01  2.52899716e-02 -1.95779184e-01  7.06871142e-02
  -6.62677541e-02 -4.27604554e-01]
 [-4.64219393e-01 -5.58302025e-01 -8.97709756e-03 -1.77032222e-01
   6.78364330e-02  3.46625481e-01  2.89871431e-02 -8.43354745e-02
  -4.56272935e-01  1.20853238e-01]
 [-3.76722653e-01 -1.68923681e-01 -2.58993150e-01 -3.46148510e-01
   1.18430696e-01 -2.66447972e-01  3.28451295e-01 -2.48689649e-01
  -9.30732178e-02 -5.38509463e-01]
 [-7.84708385e-01 -3.11558947e-02 -3.91878770e-02  1.94318372e-01
  -8.57573273e-02  1.31512100e-02 -8.47561325e-02 -4.47172261e-01
   4.07432394e-01  2.04918053e-02]
 [-1.50692489e-01 -1.48217797e-01 -1.48770783e-01 -6.80691567e-02
   2.75550605e-01  2.88614324e-02  1.26111321e-01 -1.52617627e-01
  -3.72713936e-02 -4.34167162e-01]
 [-8.31378866e-01 -1.38282321e-01  5.49558148e-02  8.96620508e-02
   6.88343537e-02 -7.46158351e-01 -2.38611601e-01  2.89035409e-01
  -2.21970478e-01  2.29074565e-01]
 [-9.57335175e-01 -4.96668996e-01  9.60516206e-02 -1.43773830e-01
   2.05953366e-01 -5.10083567e-01 -2.51327564e-01  9.37972480e-02
  -2.66716642e-01  1.14663347e-01]
 [-6.77987369e-01  3.40046520e-01 -2.48079621e-01 -1.21760558e-01
   2.16159285e-01  5.84954886e-02  3.88855633e-02 -5.19055341e-01
   2.80473003e-03  8.20474110e-02]
 [-1.02676563e+00 -3.04991458e-01 -1.35724213e-01 -2.10798105e-01
   1.78879129e-01 -2.64314436e-01 -3.82751705e-01  1.54216072e-01
  -7.88356547e-01  1.41639986e-01]
 [-7.71430185e-01 -6.75095053e-01  1.60340859e-01 -9.22006996e-02
  -4.15975553e-02 -1.54470432e-01 -8.94047102e-01 -1.97936439e-01
  -2.46369666e-01  2.61358663e-01]
 [-1.74494165e-01 -2.63387372e-01  4.17998477e-01 -3.23794637e-01
  -2.93816282e-01  5.83436958e-02  1.48987572e-01 -6.56529163e-01
  -7.35144952e-01 -4.28653317e-01]
 [-2.31278583e-01 -9.36080386e-02  5.73538520e-02 -9.22025711e-02
   2.61795671e-01  2.00154907e-02 -2.14097176e-01  1.61731902e-02
   2.60008512e-02 -3.51435578e-01]
 [-4.41901671e-01 -3.30067905e-01  2.95428361e-02 -1.16795106e-01
   1.36167742e-01  1.15420499e-01  2.89591758e-01 -1.84446926e-01
  -6.36552381e-02 -5.67417175e-01]
 [-2.52773151e-01 -3.61596835e-01  1.63292980e-01  4.31584528e-01
   1.01051717e-01  1.66115126e-02  1.20716894e-01 -6.01465781e-01
  -5.96508544e-01 -5.67075971e-01]
 [-2.02351078e-01 -4.50515576e-01 -3.59987513e-01 -1.73116426e-01
  -8.51596655e-02  2.67485373e-01  3.03762398e-01 -4.69721453e-01
  -3.64332781e-02 -6.16596380e-01]
 [-2.92908076e-01 -2.75613716e-01 -3.24249396e-01 -1.27316630e-01
   1.46528255e-01  1.65754900e-01  2.94083263e-01 -1.83509051e-01
  -2.31884299e-01 -4.30141711e-01]
 [ 4.54444410e-02 -3.55752181e-01 -5.67807521e-01 -8.83158649e-03
   6.87824758e-02  5.45399447e-01  3.21602175e-01 -4.83130458e-01
  -4.57907492e-01 -6.65803691e-01]
 [-7.63349060e-01  2.86892170e-01  2.49879765e-01 -3.46044892e-01
  -5.61012781e-01  4.35456054e-01  3.06577273e-01 -2.70565349e-01
  -7.03799287e-02 -4.19939182e-01]
 [-2.84886150e-01  1.42347078e-01  4.84418549e-02  3.69514973e-02
   4.02999046e-01 -5.41010032e-02 -1.14333343e-01  1.00220713e-01
  -1.27361981e-01 -3.84545807e-01]
 [ 3.02546241e-01 -1.16165381e+00 -7.02126672e-03 -2.56287678e-01
  -1.76913076e-01 -1.02657304e-02  4.80098465e-03 -9.69731981e-01
   1.90035254e-01 -2.09072824e-01]
 [-2.18928476e-01  3.30702073e-01 -1.58054620e-01 -2.19382170e-01
   2.20224004e-01  1.40945891e-01  7.80119247e-02 -6.66669456e-01
   7.93874616e-02  8.01553216e-02]
 [-2.11160161e-01  1.59903801e-01 -8.88325278e-02 -8.14897146e-02
   3.27319297e-01 -6.56788337e-02 -6.73924400e-02  1.56202350e-01
  -1.38784596e-01 -3.02173949e-01]
 [-4.40717199e-01  5.86924951e-02 -1.57213234e-02  5.99669355e-02
   2.00920377e-01  3.38259043e-01 -1.32560724e-01  5.54937252e-02
  -2.49667894e-01  2.45684275e-01]
 [-4.76103526e-01 -3.12309728e-01  4.63346107e-02 -1.08437363e-01
   1.32740702e-01  1.31618014e-01  2.82620446e-01 -1.42655428e-01
  -6.09573711e-02 -5.88330409e-01]
 [-8.42863403e-01  1.26973503e-02 -1.73499030e-01 -2.83573060e-01
   1.81535379e-01 -6.45052927e-01  8.48388987e-02  2.57007687e-01
  -2.81713879e-01  8.42847333e-02]
 [-7.18933576e-01 -6.58386529e-01 -2.83092950e-01 -7.18419219e-01
   1.16274709e-01 -2.64720016e-02 -6.05486881e-01  5.51394495e-02
  -1.27388315e-01  6.31413930e-02]
 [-3.23232229e-01 -3.69928112e-01  1.17422321e-01 -4.01666710e-02
   2.58420367e-01 -2.98957954e-02 -3.11784667e-01 -1.26400430e-01
   1.47978617e-01 -4.22645615e-01]
 [ 3.60077596e-01 -1.47206257e+00  4.90412504e-04 -2.96634069e-01
  -1.70731217e-01 -6.92391183e-02 -2.43915419e-02 -1.01455681e+00
   2.06960991e-01 -1.07027093e-01]
 [-2.28395097e-01 -4.71252406e-02  6.36122724e-02 -1.28550311e-01
   2.79023611e-01  5.60089532e-03 -2.07877133e-01  6.53502531e-02
  -1.79980067e-02 -4.08166442e-01]
 [-1.06711394e-01 -3.93828401e-01 -5.48448822e-01 -6.22829967e-01
  -4.10848202e-02  4.52204590e-01  8.19495979e-02 -1.05435564e-01
  -1.48991215e-01  9.96535515e-02]
 [-1.12322275e+00  2.36006445e-01  1.59320958e-01 -2.03918994e-01
   8.76627537e-02 -3.67289103e-01 -5.56824906e-02 -1.37671419e-01
   1.83669048e-01 -1.00324052e-01]
 [-8.57132654e-02 -2.94731149e-01 -3.94735044e-01  9.69540737e-02
   1.66191693e-01 -2.51762587e-01  2.35804998e-01 -3.07364619e-01
  -2.27287336e-01 -4.19491613e-01]
 [-4.06574522e-01 -4.29913920e-01 -3.33798865e-01 -2.39623622e-01
   2.16480750e-01 -1.39320517e-02  1.77802390e-01 -9.69827721e-02
  -5.43491532e-01 -9.19996528e-02]
 [-1.30573223e-01  3.06849107e-02  7.33240944e-02  1.86289385e-01
   1.23194540e-01 -3.72270359e-01 -2.37973182e-01 -5.09535572e-01
   1.55098890e-01  1.15865546e-01]
 [-6.97792849e-01 -8.05490239e-02  1.20419978e-01  2.32629768e-01
  -3.17790223e-01 -5.77584026e-01  8.76191599e-02 -2.51248662e-01
  -3.54724655e-01 -5.54058171e-01]
 [-8.17651178e-01 -5.44020422e-01  1.04644055e-02 -2.19585722e-01
   8.15705200e-02 -6.26567533e-02 -6.11872476e-01  3.47224530e-02
  -5.46933325e-01  3.21605152e-01]
 [-9.70331847e-01  6.92862390e-02  2.13207833e-01 -2.74186243e-02
  -7.89328566e-02 -4.87997602e-02 -2.26208113e-01 -4.46155557e-01
   4.33883744e-01 -1.81966297e-02]
 [-9.08308100e-01 -5.34755749e-01 -3.17601837e-01 -1.66436895e-01
   1.04672683e-01  9.85516110e-02 -8.06701683e-01  5.88802194e-02
  -5.65953747e-01  3.40903444e-02]
 [-2.31580212e-01  1.13180168e-01  2.61682555e-01 -5.55357432e-01
  -1.13786347e-01  2.22635552e-01  7.42145155e-02 -3.63077116e-01
  -6.37742621e-01 -4.37882531e-01]
 [-2.82289660e-01  1.11487870e-01  3.09615107e-02  4.89601308e-02
   4.11040897e-01 -7.12299573e-02 -1.93571414e-01  1.26692228e-01
  -1.27815741e-01 -3.50465543e-01]
 [-7.31499785e-01 -5.44077019e-01  1.43749529e-01 -3.17315896e-01
   1.00274230e-01 -4.19905974e-02 -5.80020426e-01 -5.29906955e-01
  -2.99010177e-02  4.17861740e-01]
 [-2.51899381e-01 -7.33761130e-02 -2.61542342e-02  3.57937386e-01
  -9.87046357e-02 -2.18796079e-01  2.87729964e-01 -1.44973843e-01
  -1.33045912e-01 -2.03391181e-01]
 [ 2.92581366e-01 -6.50731285e-01  7.79946201e-02 -2.17549830e-02
  -4.74990093e-01 -3.62343028e-01 -2.56936580e-01 -4.32518687e-02
  -1.10639422e-01 -1.93387050e-01]
 [-6.27018238e-01 -5.58120163e-01  2.47161147e-01 -1.36902259e-01
   7.46896953e-02  5.46341938e-02 -1.80164834e-01 -2.12062277e-01
  -4.93236235e-01  3.67223879e-01]
 [-6.24232825e-01 -2.28022711e-02  1.40288681e-02  1.60368200e-01
  -1.09640628e-01 -3.62219355e-02 -7.85314926e-02 -5.00757370e-01
   4.23302716e-01  3.96127106e-03]
 [-2.47321759e-01  9.98343673e-02  4.52115360e-01 -3.52410835e-01
  -2.05218053e-01  1.06331440e-01  1.46272942e-01 -6.06771286e-01
  -6.14225836e-01 -6.15465649e-01]
 [-1.03215953e-02 -1.18718320e-01 -4.75228755e-01  1.52404104e-01
  -2.79979702e-01  1.52974345e-01 -3.69986169e-01  3.77239485e-02
  -2.83953531e-01 -5.49809517e-03]
 [ 3.98635508e-02 -5.40553076e-01 -4.12939632e-01 -6.71767856e-01
   1.10699050e-01  3.52953035e-01  2.93390118e-01 -5.13205766e-01
  -4.46293761e-01 -5.56877011e-01]
 [-3.19397149e-01  7.80194484e-02  3.53231464e-01 -1.50879098e-01
  -1.27941416e-01  6.19012682e-02  6.33248696e-02 -9.65266280e-01
  -4.73972944e-01 -7.83480219e-01]
 [ 3.11046367e-01 -1.88696820e+00  3.27520177e-03 -2.11729328e-01
  -1.56496638e-01 -7.74046068e-02 -6.00509757e-02 -1.05228594e+00
   1.31960635e-01 -1.60255596e-01]
 [-4.61141882e-01 -3.28420835e-01  1.01118727e-01 -2.20909278e-01
  -2.86909282e-02 -6.07571290e-02 -2.89539262e-01 -3.32609180e-01
  -2.43913481e-01  4.04736780e-01]
 [-1.93930457e-01 -1.70497362e-01 -3.44650344e-01 -1.58427277e-01
  -2.08687046e-02 -1.60775185e-01  3.81710108e-01 -1.46344911e-01
  -1.68675710e-01 -3.22580968e-01]
 [-6.87040172e-01 -1.18823144e+00  3.65283097e-01 -6.09167104e-01
   1.24964429e-01 -3.51378116e-01 -1.87369834e-02  5.22810635e-01
  -2.68922075e-01  1.78594107e-01]
 [ 2.04800329e-02 -2.88865064e-01 -1.20692003e-01 -5.12584207e-01
   2.63604189e-01 -2.90623071e-01  2.22584834e-01 -3.57279374e-01
  -2.90629855e-01 -5.18601771e-01]]