[[[-0.07948628 -0.07948628 -0.07845078 -0.07845078 -0.07860116
   -0.07860116 -0.01242383 -0.01242383 -0.08105467 -0.08105467]
  [-0.07948628 -0.07948628 -0.07845078 -0.07845078 -0.07860116
   -0.07860116 -0.01242383 -0.01242383 -0.08105467 -0.08105467]
  [ 0.06952989  0.06952989 -0.00883733 -0.00883733 -0.07881584
   -0.07881584 -0.01734969 -0.01734969 -0.09309125 -0.09309125]
  [ 0.06952989  0.06952989 -0.00883733 -0.00883733 -0.07881584
   -0.07881584 -0.01734969 -0.01734969 -0.09309125 -0.09309125]
  [ 0.04052737  0.04052737 -0.02441673 -0.02441673  0.07189146
    0.07189146  0.07751825  0.07751825  0.00665929  0.00665929]
  [ 0.04052737  0.04052737 -0.02441673 -0.02441673  0.07189146
    0.07189146  0.07751825  0.07751825  0.00665929  0.00665929]
  [-0.00151023 -0.00151023 -0.09314983 -0.09314983 -0.06832403
   -0.06832403 -0.07749897 -0.07749897  0.00577058  0.00577058]
  [-0.00151023 -0.00151023 -0.09314983 -0.09314983 -0.06832403
   -0.06832403 -0.07749897 -0.07749897  0.00577058  0.00577058]
  [ 0.00227655  0.00227655 -0.03672504 -0.03672504 -0.02326773
   -0.02326773 -0.07942775 -0.07942775  0.04266073  0.04266073]
  [ 0.00227655  0.00227655 -0.03672504 -0.03672504 -0.02326773
   -0.02326773 -0.07942775 -0.07942775  0.04266073  0.04266073]]

 [[-0.07948628 -0.07948628 -0.07845078 -0.07845078 -0.07860116
   -0.07860116 -0.01242383 -0.01242383 -0.08105467 -0.08105467]
  [-0.07948628 -0.07948628 -0.07845078 -0.07845078 -0.07860116
   -0.07860116 -0.01242383 -0.01242383 -0.08105467 -0.08105467]
  [ 0.06952989  0.06952989 -0.00883733 -0.00883733 -0.07881584
   -0.07881584 -0.01734969 -0.01734969 -0.09309125 -0.09309125]
  [ 0.06952989  0.06952989 -0.00883733 -0.00883733 -0.07881584
   -0.07881584 -0.01734969 -0.01734969 -0.09309125 -0.09309125]
  [ 0.04052737  0.04052737 -0.02441673 -0.02441673  0.07189146
    0.07189146  0.07751825  0.07751825  0.00665929  0.00665929]
  [ 0.04052737  0.04052737 -0.02441673 -0.02441673  0.07189146
    0.07189146  0.07751825  0.07751825  0.00665929  0.00665929]
  [-0.00151023 -0.00151023 -0.09314983 -0.09314983 -0.06832403
   -0.06832403 -0.07749897 -0.07749897  0.00577058  0.00577058]
  [-0.00151023 -0.00151023 -0.09314983 -0.09314983 -0.06832403
   -0.06832403 -0.07749897 -0.07749897  0.00577058  0.00577058]
  [ 0.00227655  0.00227655 -0.03672504 -0.03672504 -0.02326773
   -0.02326773 -0.07942775 -0.07942775  0.04266073  0.04266073]
  [ 0.00227655  0.00227655 -0.03672504 -0.03672504 -0.02326773
   -0.02326773 -0.07942775 -0.07942775  0.04266073  0.04266073]]

 [[-0.07948628 -0.07948628 -0.07845078 -0.07845078 -0.07860116
   -0.07860116 -0.01242383 -0.01242383 -0.08105467 -0.08105467]
  [-0.07948628 -0.07948628 -0.07845078 -0.07845078 -0.07860116
   -0.07860116 -0.01242383 -0.01242383 -0.08105467 -0.08105467]
  [ 0.06952989  0.06952989 -0.00883733 -0.00883733 -0.07881584
   -0.07881584 -0.01734969 -0.01734969 -0.09309125 -0.09309125]
  [ 0.06952989  0.06952989 -0.00883733 -0.00883733 -0.07881584
   -0.07881584 -0.01734969 -0.01734969 -0.09309125 -0.09309125]
  [ 0.04052737  0.04052737 -0.02441673 -0.02441673  0.07189146
    0.07189146  0.07751825  0.07751825  0.00665929  0.00665929]
  [ 0.04052737  0.04052737 -0.02441673 -0.02441673  0.07189146
    0.07189146  0.07751825  0.07751825  0.00665929  0.00665929]
  [-0.00151023 -0.00151023 -0.09314983 -0.09314983 -0.06832403
   -0.06832403 -0.07749897 -0.07749897  0.00577058  0.00577058]
  [-0.00151023 -0.00151023 -0.09314983 -0.09314983 -0.06832403
   -0.06832403 -0.07749897 -0.07749897  0.00577058  0.00577058]
  [ 0.00227655  0.00227655 -0.03672504 -0.03672504 -0.02326773
   -0.02326773 -0.07942775 -0.07942775  0.04266073  0.04266073]
  [ 0.00227655  0.00227655 -0.03672504 -0.03672504 -0.02326773
   -0.02326773 -0.07942775 -0.07942775  0.04266073  0.04266073]]

 [[-0.07948628 -0.07948628 -0.07845078 -0.07845078 -0.07860116
   -0.07860116 -0.01242383 -0.01242383 -0.08105467 -0.08105467]
  [-0.07948628 -0.07948628 -0.07845078 -0.07845078 -0.07860116
   -0.07860116 -0.01242383 -0.01242383 -0.08105467 -0.08105467]
  [ 0.06952989  0.06952989 -0.00883733 -0.00883733 -0.07881584
   -0.07881584 -0.01734969 -0.01734969 -0.09309125 -0.09309125]
  [ 0.06952989  0.06952989 -0.00883733 -0.00883733 -0.07881584
   -0.07881584 -0.01734969 -0.01734969 -0.09309125 -0.09309125]
  [ 0.04052737  0.04052737 -0.02441673 -0.02441673  0.07189146
    0.07189146  0.07751825  0.07751825  0.00665929  0.00665929]
  [ 0.04052737  0.04052737 -0.02441673 -0.02441673  0.07189146
    0.07189146  0.07751825  0.07751825  0.00665929  0.00665929]
  [-0.00151023 -0.00151023 -0.09314983 -0.09314983 -0.06832403
   -0.06832403 -0.07749897 -0.07749897  0.00577058  0.00577058]
  [-0.00151023 -0.00151023 -0.09314983 -0.09314983 -0.06832403
   -0.06832403 -0.07749897 -0.07749897  0.00577058  0.00577058]
  [ 0.00227655  0.00227655 -0.03672504 -0.03672504 -0.02326773
   -0.02326773 -0.07942775 -0.07942775  0.04266073  0.04266073]
  [ 0.00227655  0.00227655 -0.03672504 -0.03672504 -0.02326773
   -0.02326773 -0.07942775 -0.07942775  0.04266073  0.04266073]]

 [[-0.07948628 -0.07948628 -0.07845078 -0.07845078 -0.07860116
   -0.07860116 -0.01242383 -0.01242383 -0.08105467 -0.08105467]
  [-0.07948628 -0.07948628 -0.07845078 -0.07845078 -0.07860116
   -0.07860116 -0.01242383 -0.01242383 -0.08105467 -0.08105467]
  [ 0.06952989  0.06952989 -0.00883733 -0.00883733 -0.07881584
   -0.07881584 -0.01734969 -0.01734969 -0.09309125 -0.09309125]
  [ 0.06952989  0.06952989 -0.00883733 -0.00883733 -0.07881584
   -0.07881584 -0.01734969 -0.01734969 -0.09309125 -0.09309125]
  [ 0.04052737  0.04052737 -0.02441673 -0.02441673  0.07189146
    0.07189146  0.07751825  0.07751825  0.00665929  0.00665929]
  [ 0.04052737  0.04052737 -0.02441673 -0.02441673  0.07189146
    0.07189146  0.07751825  0.07751825  0.00665929  0.00665929]
  [-0.00151023 -0.00151023 -0.09314983 -0.09314983 -0.06832403
   -0.06832403 -0.07749897 -0.07749897  0.00577058  0.00577058]
  [-0.00151023 -0.00151023 -0.09314983 -0.09314983 -0.06832403
   -0.06832403 -0.07749897 -0.07749897  0.00577058  0.00577058]
  [ 0.00227655  0.00227655 -0.03672504 -0.03672504 -0.02326773
   -0.02326773 -0.07942775 -0.07942775  0.04266073  0.04266073]
  [ 0.00227655  0.00227655 -0.03672504 -0.03672504 -0.02326773
   -0.02326773 -0.07942775 -0.07942775  0.04266073  0.04266073]]]