[[[[ 8.40427089e-02  1.77263220e-02  8.73207612e-02  5.68610120e-02
     3.21233366e-02]
   [ 1.36390122e-01  1.62563372e-01  3.91954191e-02  1.06093746e-03
     7.92282189e-02]
   [ 1.63556745e-01  9.74560428e-02  8.88402609e-02  1.16517567e-01
     8.16664709e-02]
   [ 1.69001714e-02  1.21397185e-02  1.80154827e-01  2.66368019e-02
     8.09711312e-02]
   [ 8.71653231e-02  1.81406530e-01  1.70542902e-01  3.78128999e-02
     9.03668269e-02]]]


 [[[ 8.50972942e-02  1.56746923e-01  9.51732539e-02  1.74135088e-01
     8.02055654e-02]
   [ 1.20347070e-01  8.63815227e-02  8.60346185e-02  8.46717091e-02
     5.23371308e-02]
   [ 1.32531559e-01  7.09399432e-02  1.18190481e-01  1.03119022e-01
     3.59223670e-02]
   [ 7.95050021e-02  7.77774737e-02  2.32564341e-02  1.63107038e-01
     1.62780436e-01]
   [ 7.46869953e-02  1.56552855e-01  1.44156539e-01  7.06078150e-02
     4.84870657e-02]]]


 [[[-1.30557106e-01 -8.23514855e-02 -1.73408784e-01 -8.42727772e-02
    -6.48753913e-02]
   [-8.89280535e-02 -8.83976339e-02 -1.14743193e-02 -8.61414833e-02
    -4.58637655e-02]
   [-1.23949328e-01 -8.82953838e-02 -8.70615605e-02 -8.60971331e-02
    -1.11368520e-02]
   [-8.86149576e-02  3.36683198e-03 -7.86258134e-02 -1.52634013e-01
    -8.58259444e-02]
   [-1.39230948e-01 -4.10576414e-02 -8.56569161e-02 -1.66209027e-01
    -9.28867005e-02]]]


 [[[ 1.29043579e-01  9.05201446e-02  1.73595658e-01  8.25973791e-02
     8.17150316e-02]
   [ 4.67552953e-03  8.03118523e-02  7.27097493e-02  8.52876916e-02
    -9.42199339e-03]
   [ 1.89529205e-01  1.79899486e-01  8.74018437e-02  8.44545393e-02
     8.36290063e-02]
   [ 9.06678584e-02  9.06934758e-02  1.03732733e-01  8.57734448e-02
     1.64721517e-04]
   [ 7.54972084e-02  4.69236279e-02 -4.16988066e-03  7.34231584e-02
    -1.20675580e-02]]]


 [[[-1.66292004e-02 -8.37119987e-02 -8.16628617e-02 -1.44318432e-01
    -7.80059455e-02]
   [-6.53642965e-02 -1.84477013e-01 -1.06569607e-01 -1.44178716e-01
    -8.39886982e-02]
   [-1.79669269e-01 -1.55704426e-01 -8.51151277e-02 -1.84194077e-01
    -8.66489219e-02]
   [-1.26821780e-01 -8.16460497e-02 -9.39713865e-02 -1.60891757e-01
    -3.03502016e-02]
   [-7.77552161e-02 -6.77727403e-02 -3.31527493e-02 -8.15875155e-02
    -2.93638772e-02]]]]