[[[[ 1.44504640e-01  1.27451592e-01  6.87488875e-02  8.87438301e-02
     1.84535964e-01]
   [ 1.01497003e-01  3.59175978e-02  2.55535926e-02  4.66358566e-02
     4.13237680e-02]
   [-8.60631544e-02 -8.72873340e-02 -1.61644598e-01  2.69561941e-02
    -6.71014298e-03]
   [-4.90428193e-02 -1.01426484e-01 -8.67682570e-02 -8.84739239e-02
    -1.54157856e-01]
   [ 1.50285938e-02 -1.72955356e-01 -1.62097226e-01 -1.36763712e-01
    -8.33429596e-02]]

  [[ 8.15303877e-02  7.62244315e-02  5.13721356e-02  8.03781043e-02
     4.39590294e-02]
   [ 8.04068059e-02  8.38117011e-02 -8.05943600e-03  1.76558848e-01
     1.37842678e-02]
   [-1.59627653e-03 -1.67872224e-01 -6.82601675e-03  7.25719195e-03
     4.40389955e-02]
   [-8.43833131e-02 -7.35635621e-02 -6.00367025e-02 -9.34758654e-02
    -7.07442484e-02]
   [-2.08550515e-02 -5.39079134e-02 -2.92059340e-02 -5.01131088e-03
    -1.15081531e-01]]

  [[-1.40040002e-01  1.32510781e-02 -8.44198910e-02 -1.81177586e-01
    -8.56575148e-02]
   [-9.66765700e-02  5.49710606e-04 -3.58970911e-02 -1.37909860e-01
    -1.64996203e-01]
   [ 4.44399967e-02  1.15738853e-01  1.14431707e-02 -6.57938492e-02
    -1.00647350e-01]
   [ 7.34177109e-03  7.70342041e-02  8.81730582e-02  8.18632684e-02
     1.66994816e-01]
   [ 8.73858954e-02  8.55675253e-02  1.86337581e-02  8.24833260e-02
     3.81018394e-02]]

  [[ 6.59974892e-02  8.76573534e-02  5.46309375e-02  4.20398876e-02
     7.81471821e-02]
   [ 7.67393829e-02  1.10735688e-01  7.15157204e-02  6.75374930e-02
     2.54102196e-02]
   [-1.13964351e-01 -9.10687310e-02  2.12610183e-02  1.09801384e-01
     1.80361998e-02]
   [-1.35868552e-02 -3.59169863e-02 -1.44412047e-03 -8.61266511e-02
    -5.79593283e-02]
   [ 2.06059863e-02 -8.43552290e-02 -9.03294716e-02 -1.77687258e-02
    -7.38593903e-02]]

  [[-8.15047093e-02 -1.36272981e-01 -9.79737943e-03  3.90952632e-03
    -8.33674182e-02]
   [-8.68933090e-02 -8.18914566e-02 -2.65900968e-02 -1.01688103e-01
    -8.20178604e-02]
   [ 5.56441605e-02  1.42199696e-01 -8.42689478e-02 -8.12565072e-02
    -5.68222769e-02]
   [ 1.39789338e-01  4.71148585e-02  8.03556955e-02  8.11897859e-02
     1.57342142e-01]
   [ 1.67237131e-01  5.18540029e-02  9.10332051e-02  8.28582389e-02
     1.46013660e-01]]]


 [[[ 1.72345341e-01  8.22794445e-02  3.24884983e-02  1.34678404e-01
     1.57541454e-01]
   [ 6.13543680e-02  7.49767936e-02  4.12887599e-02  1.04856805e-01
     1.09048528e-01]
   [-4.71293296e-04 -3.91565479e-02 -8.34782309e-02 -1.70531691e-01
    -6.40386833e-02]
   [-9.05246857e-02 -1.39290314e-01 -8.77227549e-02 -1.66773984e-02
     6.30880750e-03]
   [-8.44934392e-02 -1.00484347e-01 -1.27158938e-01 -2.70501499e-02
     3.66717878e-03]]

  [[-3.57693656e-03  1.79234587e-01  7.91649568e-02  7.98150985e-02
     7.99820919e-02]
   [ 8.33861511e-03  1.10614116e-01  5.94621142e-02  7.94264736e-02
     7.61149394e-02]
   [-7.36487023e-03 -3.59391043e-02 -7.08643929e-02 -3.02750398e-02
    -4.07738400e-02]
   [-1.24474925e-02  3.08848756e-03 -7.75291367e-02 -3.55424571e-02
    -4.18321599e-03]
   [-6.63443084e-02 -1.37160242e-02 -4.32079940e-02 -8.50416437e-02
    -8.11814207e-02]]

  [[-1.33855171e-01 -1.12368039e-01 -2.19698967e-02 -1.12482036e-01
    -8.54196184e-02]
   [-1.04790326e-01 -6.52584496e-02 -1.46067328e-01 -1.53043640e-01
    -1.63849650e-01]
   [-1.22613460e-02  8.63915977e-02 -3.65440455e-02 -1.00201004e-01
    -1.72381755e-01]
   [ 8.89493676e-02  3.19243813e-02  1.36038607e-02  1.17453403e-01
     4.49523441e-02]
   [ 8.70545112e-02  8.52639359e-02  2.15711507e-02  1.05173627e-01
     1.79840417e-01]]

  [[ 7.03244795e-02 -2.59440747e-02  5.17852390e-02  7.91181939e-02
     7.98036582e-02]
   [ 1.26438776e-01  1.03982919e-01  8.36728599e-02  7.28450372e-02
     8.82446007e-02]
   [-5.60079858e-02 -6.33809029e-02 -7.26538287e-02  3.77738990e-03
    -9.65183989e-03]
   [-7.83868711e-02 -7.50810234e-03  1.83040776e-03 -6.37709825e-02
    -1.16693428e-01]
   [-1.12853582e-01 -8.36395292e-02 -4.81167038e-02 -2.24375015e-02
    -7.37581428e-02]]

  [[ 1.04088893e-02 -8.05683730e-02 -4.63240707e-02 -1.67836788e-01
    -8.37943969e-02]
   [-8.62389537e-02 -1.57574995e-01 -8.41956837e-02 -2.77956793e-02
    -8.26158081e-02]
   [-7.68039713e-02  1.05331106e-01 -8.22632686e-02 -9.26594954e-02
    -8.18333473e-02]
   [ 9.39773031e-02  7.95538432e-02  7.99872023e-02  8.03930422e-02
     8.03475599e-02]
   [ 2.79998764e-02  8.04254223e-02  1.79754233e-01  1.65764371e-01
     1.41623639e-01]]]


 [[[ 2.68285684e-02  5.43904139e-02  9.70363156e-02  8.54506565e-02
     7.79783820e-02]
   [-2.40940547e-02 -1.84301672e-03 -3.80729941e-02  8.77848745e-02
     1.33195952e-01]
   [ 9.62569693e-04 -8.35884969e-03 -7.92235070e-02 -7.82023480e-02
     3.91267161e-02]
   [-8.94688207e-02 -2.33279833e-02  1.14423468e-02 -5.13922873e-02
    -1.70718243e-01]
   [-1.79504032e-02 -5.53543099e-02 -8.89011361e-02 -1.37484583e-01
    -2.61780294e-03]]

  [[ 5.28121684e-02  8.71610107e-02  2.56456216e-02  8.11221949e-02
     8.11545846e-02]
   [ 8.45434395e-02  2.16932957e-02  1.43898921e-01  8.10401559e-02
     5.91875204e-02]
   [-7.38233819e-04 -4.70940370e-02 -6.38164980e-02  8.63137938e-02
     7.51465503e-02]
   [-1.29980343e-01 -8.37846941e-02 -9.29546422e-02 -7.42176423e-02
    -1.32483547e-01]
   [-8.70801082e-03 -1.75167133e-01  1.43692828e-02 -8.59501334e-02
    -8.14106991e-02]]

  [[-7.11382621e-02 -2.44713491e-02 -1.19416691e-01 -1.91199954e-02
    -1.35184916e-01]
   [-6.64823181e-02  3.39183908e-02 -7.88697038e-02 -1.57752169e-01
    -1.28903959e-01]
   [ 8.18925436e-02  1.51077640e-02  2.86032725e-02 -6.42961794e-02
    -7.20330607e-02]
   [ 1.22574518e-01  2.17244248e-02  6.40455337e-02  4.33004963e-02
     7.11976417e-02]
   [-2.51381798e-03  7.92431771e-03  4.16406074e-02  1.65832298e-01
     1.66885171e-01]]

  [[ 1.64688975e-01  9.42696449e-02  5.81753810e-02  1.16818920e-01
     5.83673872e-03]
   [ 7.96061613e-02  8.65190259e-02  1.29169693e-02  1.22423014e-01
     2.61739206e-02]
   [-1.27641660e-01 -3.55317816e-02 -1.54432010e-02  8.22446839e-02
     8.19763093e-02]
   [ 2.61052318e-02 -1.29606251e-01 -3.19683970e-02 -8.78019525e-02
     7.21613288e-03]
   [-1.17304964e-01 -8.52456341e-02 -8.98178674e-02 -1.54302204e-01
    -7.33514546e-02]]

  [[-8.20442827e-02 -2.16986304e-04 -8.56632261e-02 -8.37012321e-02
    -1.21843702e-01]
   [-1.20416981e-01 -1.67381667e-01 -1.50989019e-02 -1.45049236e-01
    -8.22056030e-02]
   [ 7.60459994e-02  4.29028363e-02 -8.45332423e-02 -8.07666940e-02
     1.02651819e-02]
   [ 8.11595839e-02  8.01701964e-02  8.10419004e-02  1.46022779e-01
     8.28614582e-02]
   [ 4.79825283e-02  8.10170629e-02  3.80551288e-02  1.40415055e-01
     4.37525171e-02]]]


 [[[ 1.51985005e-01  1.04617020e-01  1.48942336e-01  8.88069950e-02
     8.81557649e-02]
   [-6.82209720e-02  1.72407261e-02  1.19526600e-01  1.73781890e-01
     7.97807927e-02]
   [-8.58808576e-02 -4.40944421e-02 -7.94220813e-02 -5.46142064e-02
    -3.17326933e-02]
   [-4.33633441e-02 -8.93918156e-02 -1.61231079e-01 -8.52401011e-02
    -4.81702725e-02]
   [-8.49226339e-02 -1.36437904e-01 -8.77184679e-02 -2.84624761e-02
    -7.71858891e-02]]

  [[ 8.09305918e-02  1.14077714e-01  5.54374105e-02  8.01830246e-02
     8.02796500e-02]
   [ 7.98777826e-02  1.34302574e-01  9.29132900e-02  7.75866733e-02
     8.44703102e-02]
   [-1.28842156e-01 -2.64690241e-02 -1.29680664e-01 -1.83717665e-02
     6.05506216e-02]
   [ 3.93342006e-03 -1.72695006e-01 -4.87623640e-02 -1.19806983e-01
    -5.57051828e-02]
   [-8.26451178e-02 -1.69179149e-01 -2.17481217e-02 -3.84630142e-02
    -7.21991208e-02]]

  [[-8.88019327e-02 -1.64877743e-01 -8.40629162e-02 -9.11864127e-02
    -6.44556329e-02]
   [-6.74054995e-02  3.68545611e-03 -5.30635228e-02 -4.50759228e-02
    -1.51287968e-01]
   [ 1.40579263e-01  5.74025180e-02 -4.08602050e-02 -8.60209426e-02
    -7.63258565e-02]
   [ 8.97612257e-02  8.66127876e-02  9.07457556e-02  1.54244722e-01
     5.67300464e-02]
   [ 1.81698307e-01  8.53820135e-02  1.50865680e-01  1.35790033e-01
     4.91151495e-02]]

  [[ 6.47390902e-02  1.42448230e-01  1.33739403e-01 -6.33831502e-03
     7.12660337e-02]
   [-1.55632798e-02  1.02963763e-01  6.65429998e-02  1.82531652e-01
     1.51559096e-01]
   [-5.53472318e-02 -1.24327417e-01  1.04593026e-03  8.01692923e-02
     1.71931077e-01]
   [-4.31924904e-02 -1.17529106e-01 -8.84840699e-02 -6.42489914e-02
    -1.53541920e-01]
   [-7.58926776e-02 -1.78848392e-01 -5.60316529e-03 -5.37841859e-02
    -7.49733503e-02]]

  [[-1.24909606e-01 -4.64810152e-02 -8.44152765e-02 -8.28581416e-02
    -1.28563128e-01]
   [-8.19376177e-02 -1.56874214e-01 -8.25651689e-02 -3.47116716e-02
    -1.75151771e-01]
   [ 6.29885231e-02  1.32413560e-01 -2.71004839e-02 -5.05772298e-02
    -8.03534798e-02]
   [ 4.51656566e-02  7.94313976e-02  2.87613198e-02  8.03653669e-02
     8.03338858e-02]
   [ 1.19623358e-01  1.54893370e-01  7.46247749e-02  6.79121509e-02
     1.24121258e-01]]]


 [[[ 8.25801362e-02  1.46796401e-01  4.20226584e-02  1.24675354e-01
     1.36217084e-01]
   [ 3.19219540e-02 -4.36187466e-02  3.23464549e-02  1.53327881e-02
     9.07273831e-02]
   [-1.44623803e-01 -8.80132600e-02 -1.25001468e-01 -5.34904293e-02
    -3.39217375e-02]
   [ 3.78048756e-03 -9.06182519e-02 -6.91531546e-02  1.08620334e-02
    -8.36696236e-02]
   [-8.59227673e-02 -8.68336044e-02 -8.78265470e-02 -8.26443369e-02
    -8.45862795e-05]]

  [[ 1.53110047e-01  1.54523758e-01  1.78669217e-01  8.04952799e-02
     8.05801436e-02]
   [ 1.77723257e-01  8.47614856e-02  1.52014223e-01  8.04146018e-02
     1.79178432e-01]
   [-1.07155629e-01 -1.07292580e-01 -7.89473296e-02  5.17243677e-02
     1.10397965e-01]
   [-1.05859365e-01 -1.46798059e-01 -9.72041614e-02 -7.59897931e-02
    -8.10338919e-02]
   [-8.27973247e-02 -1.21743492e-01 -2.73406362e-02 -1.09028151e-01
     5.86015269e-03]]

  [[-5.84755002e-02 -7.45934904e-02 -8.50615496e-02 -1.44271182e-01
    -1.57682224e-01]
   [ 1.54037572e-02 -1.52279821e-01 -1.08002593e-04 -6.28784351e-02
    -1.50390373e-01]
   [ 8.94614092e-02  9.93391765e-02 -8.78542133e-02  5.87053598e-03
    -7.69936470e-02]
   [ 2.35611005e-02  8.71250153e-02  5.00804956e-03  9.73584627e-02
     1.06158779e-01]
   [ 8.77044442e-02  8.57814657e-02  3.00626585e-02  1.63279118e-01
     1.37349497e-01]]

  [[ 7.03442724e-02 -9.49224192e-05  3.62830010e-02  6.78422283e-02
     7.31434043e-02]
   [ 5.49025751e-02  8.39927456e-02  1.24145663e-01  1.42281546e-01
     8.98701394e-02]
   [-8.67939306e-02 -6.30967721e-02 -5.41694553e-02  2.87968389e-02
     5.37135735e-02]
   [-1.00693451e-01 -5.16376627e-02 -1.73120488e-01 -2.91156582e-02
    -5.80537981e-02]
   [-7.55576784e-02 -5.53401039e-02 -8.88412406e-02 -1.29128122e-01
     4.88184607e-03]]

  [[ 1.53061604e-02 -7.89415777e-02 -8.45345868e-02 -1.22854555e-01
    -1.10332591e-01]
   [-1.83247573e-01 -6.57973798e-02 -1.36401571e-01 -1.56030186e-01
    -4.84516892e-02]
   [ 1.64147654e-01  6.17799759e-02 -1.70868244e-01  1.82925330e-03
    -7.05859689e-02]
   [ 1.07029815e-01  6.70388920e-03  9.60963808e-02  1.72141330e-01
     5.94534423e-02]
   [ 2.99409509e-02 -7.25875435e-03  1.08306983e-01  8.59498161e-02
     1.33405894e-01]]]


 [[[ 6.46699094e-02  4.46492320e-02  6.97645874e-02 -1.92585846e-03
     9.14040824e-02]
   [ 4.49046057e-02  5.12462976e-02  6.75413809e-02 -1.30454675e-02
     9.16031379e-02]
   [-1.78027137e-01 -8.71811545e-02 -8.37669589e-02 -1.58129696e-02
    -1.43631019e-02]
   [-1.68919052e-01 -9.83063096e-02 -8.55746780e-02 -1.71032217e-01
    -8.14060945e-02]
   [-8.50027418e-02 -1.57358837e-01 -8.80678316e-02 -4.09223609e-02
    -1.09012556e-02]]

  [[ 8.21834795e-02  1.53278035e-01  9.64967869e-02 -3.97585447e-03
     8.07872994e-02]
   [ 1.60878108e-01  1.09650629e-01  1.70918338e-01  1.20462622e-01
     6.71171826e-02]
   [-5.99913293e-02 -8.13291286e-02 -6.15554170e-02  1.67190333e-01
     1.67191726e-01]
   [-7.91172148e-02 -1.79598186e-01  7.20172155e-03 -1.65884045e-01
    -6.86538449e-02]
   [-8.26927378e-02 -8.23443658e-02 -1.34769482e-01 -1.08197537e-01
    -1.58992390e-01]]

  [[-7.67558848e-02  2.14765303e-02 -8.43547230e-02 -8.20369363e-02
    -1.35441358e-01]
   [-6.53009902e-02 -6.29270636e-02 -7.81116924e-02 -1.56637524e-01
    -7.68114347e-03]
   [ 9.09395176e-02  7.91972691e-02  5.07883283e-02 -1.09243519e-01
     5.97909611e-03]
   [ 1.71397441e-01  9.55269842e-02  6.97666469e-02  8.96352091e-03
     7.04877334e-02]
   [ 9.81383058e-02  3.25225122e-02  8.69494211e-02  7.57059752e-02
     1.46258440e-01]]

  [[ 2.13920241e-02  5.56087722e-02  5.67805484e-02  7.20339909e-02
     1.63104431e-01]
   [ 1.44474695e-01  8.51813756e-02  1.60155065e-01  8.64362050e-02
     1.23840911e-01]
   [ 1.86675018e-02 -5.08895292e-02  3.46465877e-02  1.23931289e-01
     6.79633696e-02]
   [-6.43789042e-02 -7.21800337e-02 -8.79988929e-02 -4.78272573e-02
    -1.44469843e-01]
   [-1.72557809e-01 -8.38696239e-02 -2.24003416e-02 -8.87780054e-02
     1.13393552e-02]]

  [[-1.51501014e-01 -1.40361927e-01 -8.47204579e-02 -8.30591158e-02
     9.09457773e-03]
   [-1.05153781e-01 -8.14368371e-02 -1.57387749e-01 -6.91890640e-02
    -8.16060704e-02]
   [ 1.73469901e-01  7.06522053e-02 -8.29334256e-02 -4.29568551e-02
     1.04275564e-03]
   [ 1.04286846e-03  7.97606188e-02  8.03167537e-02  1.71502507e-02
     1.37305727e-01]
   [ 9.78889996e-02  8.05616810e-02  8.03075495e-02  8.09988112e-02
     2.08877123e-03]]]


 [[[ 8.42807381e-02  8.57294039e-02  7.10227433e-02  8.90854275e-02
     8.84091311e-02]
   [ 1.38331465e-02  1.03147041e-01  5.65932459e-02  7.05826457e-02
     3.48311396e-02]
   [-8.54917992e-02 -1.71950173e-01 -7.48928592e-02 -4.31709770e-02
     3.66862529e-02]
   [-2.68505742e-02 -8.97939525e-02 -1.19661785e-01 -1.67766563e-01
    -1.57844019e-01]
   [-3.85438688e-02  5.51207207e-03 -8.79077068e-02 -8.01897263e-02
    -1.20352799e-01]]

  [[ 1.32105324e-01  1.30242712e-01  1.21053704e-01  1.26523212e-01
     2.55488523e-02]
   [ 1.34919119e-01  1.11912386e-01 -4.69216258e-03  4.69237526e-02
     1.47528754e-01]
   [-1.88868308e-03 -1.08872644e-01 -4.92628802e-02  7.66480773e-02
     7.71673906e-02]
   [-1.10133176e-01 -8.29173420e-02 -1.79063720e-01 -1.50212854e-01
    -6.75615455e-02]
   [-8.24727675e-02 -6.41042905e-03 -7.85232493e-02 -9.50090795e-02
    -1.18245246e-01]]

  [[-7.90345760e-02 -1.29831704e-01 -1.11348485e-01 -8.18981469e-02
    -8.54919119e-02]
   [-1.10609815e-01 -6.19935961e-02 -9.15660709e-02 -5.74229354e-02
    -7.13252630e-02]
   [ 1.08424063e-01  9.01265472e-02  1.93552873e-03 -1.38433784e-01
    -8.93030660e-02]
   [ 1.78046740e-01  1.39433549e-01  1.07302577e-01  8.28738657e-02
     1.45848536e-01]
   [ 1.20486498e-01  8.55300550e-02  8.69264757e-02  5.88537175e-02
     8.44894029e-02]]

  [[ 8.23825077e-02  3.41449795e-02  2.71834530e-02  9.15071142e-02
     8.01485945e-02]
   [-3.70566405e-03  1.69180245e-01  7.35271596e-02  1.42543992e-01
     8.94679835e-02]
   [-3.31694684e-02 -1.20680259e-01  6.37478426e-02  8.28887951e-02
     8.24721532e-02]
   [-9.35171269e-02 -2.95501452e-02 -6.45248713e-02  2.91577576e-02
    -4.92145376e-02]
   [-7.31367660e-02 -8.40996287e-02 -8.90260331e-02 -7.85985971e-02
    -1.66725144e-01]]

  [[ 7.10303337e-03 -7.73776230e-02 -2.50180573e-02 -6.75186835e-03
    -8.26589565e-02]
   [-9.88228279e-02 -1.08648987e-01 -8.26925374e-02 -7.19098682e-02
    -1.45231110e-01]
   [ 1.46141300e-01  1.51507123e-01 -1.80133776e-01 -1.43127460e-01
    -8.00267653e-02]
   [ 6.12613697e-02  1.58346968e-01  2.22765677e-02  6.34791903e-03
     8.14204545e-02]
   [ 8.13539639e-02  1.24001278e-01  3.39826085e-02 -1.66023645e-02
     1.12789827e-01]]]


 [[[-1.26898760e-02  1.52496164e-01  1.36666812e-01  1.22417599e-01
     1.78379631e-01]
   [-3.87879841e-02  1.41101285e-02 -1.42599787e-02  1.87790490e-02
     9.23942905e-02]
   [-8.62509290e-02 -4.86416492e-03 -1.39751022e-01 -4.97199611e-02
     3.51554493e-03]
   [-1.85362690e-01 -1.57071643e-01 -6.61051167e-03  1.07020095e-02
    -4.61675419e-02]
   [-8.53800961e-02 -6.56680435e-03 -9.45743177e-02 -8.12088679e-02
    -4.95737581e-02]]

  [[ 1.07746432e-02  8.46302482e-02 -8.55172286e-03  8.16333699e-02
     4.38302879e-02]
   [ 8.41793419e-02  8.65034639e-02  3.35089493e-02  2.27144927e-02
     1.50954982e-01]
   [-8.31800574e-02  1.57379886e-02 -1.04236384e-01  7.53080017e-02
     1.68361234e-01]
   [-5.56605422e-02 -8.39935149e-02 -1.14286419e-01 -7.43059258e-02
    -1.65258666e-01]
   [-8.35325408e-02 -8.31939771e-02 -2.67600099e-02 -8.96360459e-02
    -1.01257158e-01]]

  [[-8.95356387e-02 -1.00496440e-01 -7.88274183e-02 -6.37704133e-02
    -5.62739667e-03]
   [ 9.31296632e-04 -6.42853206e-02 -7.86937170e-02 -1.00055783e-01
    -3.50260985e-02]
   [ 1.74124233e-01  7.97367014e-02  1.21329987e-01 -6.49746618e-02
    -3.68618878e-03]
   [ 1.71255989e-02  1.51413434e-01  1.37368082e-01  1.58785951e-01
     1.53635572e-01]
   [ 8.81889319e-02  1.26492243e-01  5.00254573e-02 -6.47833198e-03
     3.72716777e-02]]

  [[ 1.27006770e-01  1.46659713e-01  1.24863261e-01  3.99464366e-02
     7.49675165e-02]
   [ 1.01346247e-01  8.64940340e-02  1.55911112e-01  8.75286676e-02
     9.02097701e-02]
   [-1.31468791e-01 -9.29705773e-02 -7.59799186e-02  8.31055011e-02
     1.44676705e-01]
   [ 2.43244288e-02 -1.23926280e-01 -8.71013486e-02 -1.56550068e-01
    -3.40280997e-02]
   [-1.62297179e-01 -8.47069702e-02 -9.01020904e-02 -1.55664223e-01
     2.52752056e-03]]

  [[-8.20516965e-02 -7.86916026e-02 -1.45971944e-01 -8.16370449e-02
    -8.36613252e-02]
   [-1.33069189e-01 -1.68079660e-01 -8.37422374e-02 -1.08992838e-01
    -2.39040154e-02]
   [ 7.66043452e-02  8.83207065e-02 -8.34983808e-02 -1.38639522e-02
    -1.28346111e-01]
   [ 1.01865107e-01  2.02080340e-02  8.12832633e-02  8.22248078e-02
     8.24670865e-02]
   [ 8.22499827e-02  1.19026272e-02  1.76489821e-01  3.49370814e-02
     8.42741498e-02]]]


 [[[ 1.71252780e-01  1.41104052e-01  2.75274969e-03  8.60174097e-03
     1.81989213e-01]
   [ 2.77064411e-02 -1.91655775e-03  3.37780413e-02  5.65335716e-02
     1.13444973e-01]
   [-2.92416513e-02 -8.78038709e-02 -9.05819668e-02 -5.24303806e-02
     3.36507099e-02]
   [-8.88080934e-02 -9.38235401e-03 -1.81549343e-01 -8.77328270e-02
    -8.25034475e-02]
   [-8.53052506e-02 -1.49762806e-01 -9.05890132e-02 -8.17101341e-02
    -6.05037696e-02]]

  [[ 8.10015711e-02  1.79736748e-01  8.12312837e-02  5.14842227e-02
     1.74807576e-01]
   [ 7.97853736e-02  8.39339670e-02  1.60320248e-01  1.00343487e-01
     8.01619827e-02]
   [-8.75315646e-02 -8.20417016e-02 -5.85295411e-02  3.22336029e-02
     7.17160964e-02]
   [-8.35145179e-02 -8.31821957e-02 -8.56925631e-02 -1.30455290e-01
     1.82792241e-02]
   [-8.27025933e-02 -8.81425151e-03 -1.36953963e-01 -8.48354508e-02
    -2.12900458e-02]]

  [[-7.73733935e-02 -1.55231427e-01 -8.44764631e-02 -6.52293915e-02
    -7.75857813e-02]
   [-1.07350200e-01 -6.40723149e-02 -7.88121231e-02 -7.77816525e-02
    -8.21654509e-02]
   [ 8.15405309e-02  7.82868211e-02 -5.02183226e-02 -1.34405180e-01
     5.08734558e-03]
   [ 6.62443203e-02  6.98081832e-02 -1.57053467e-03  8.08560753e-02
     5.93741523e-02]
   [ 8.72685812e-02  1.45772128e-01  5.16223295e-02  1.53173505e-01
     7.78829794e-02]]

  [[ 1.68925006e-01  1.46627122e-01  1.37948207e-02  6.81043675e-02
     7.39942207e-02]
   [ 7.58146510e-02  5.36448172e-02  1.62099909e-01  9.18514229e-02
     8.93834872e-02]
   [-1.39776003e-01 -4.97848467e-02 -1.83727269e-02  4.10285587e-04
     2.02959582e-02]
   [-1.58523965e-01 -7.47488693e-02 -8.49594432e-02 -6.21783376e-02
     3.15038540e-02]
   [-1.35577702e-01 -1.82866409e-02 -8.86416398e-02 -8.18082018e-02
    -6.02637223e-02]]

  [[ 1.53470981e-03 -1.66714746e-01 -8.45283663e-02 -7.84112469e-02
    -1.46805549e-01]
   [-5.83631756e-02 -8.10431914e-02 -8.26792648e-02 -8.17005660e-02
    -8.14705985e-02]
   [-2.51648209e-02  5.37871423e-02  1.02301332e-02 -8.04960179e-02
    -1.69328331e-01]
   [ 1.33002491e-01  1.54534411e-01  9.75935500e-02  8.28062383e-02
     1.28917457e-01]
   [ 3.16669556e-02  8.02194135e-02  8.10304423e-02  4.24042129e-03
     1.58421105e-01]]]


 [[[ 1.73962649e-01  1.17908626e-01  9.57580878e-02  6.76311574e-02
     1.53258144e-01]
   [-1.90534801e-02 -7.55099676e-02  1.26913110e-01  8.17836903e-02
     1.62457631e-01]
   [-3.98339382e-02 -1.39493828e-02 -1.17199552e-01 -1.49486671e-02
    -6.06249297e-02]
   [-8.84472555e-02 -8.95873882e-02 -8.67910654e-02 -1.30295288e-01
    -8.25174911e-02]
   [-7.92183989e-02 -1.24769332e-01  6.79001964e-03 -8.15011310e-02
    -8.71761979e-02]]

  [[ 1.29475818e-01  5.41655117e-02  6.78406730e-02  8.41028593e-02
     1.70705896e-01]
   [ 7.43119255e-02  1.68795994e-01  7.77706528e-02 -1.22616849e-02
     1.61579429e-01]
   [-8.45381175e-02 -8.36360226e-02 -2.33496083e-02 -6.59593864e-02
     4.63954695e-02]
   [-7.04252304e-02 -4.32756862e-02 -8.68779685e-02 -1.05542301e-01
    -2.66271009e-02]
   [-2.98826081e-02  1.46391193e-02 -1.09479755e-01 -8.51762279e-02
    -8.12938183e-02]]

  [[-1.37608319e-01 -7.38192761e-02 -8.42227086e-02 -8.20484032e-02
     1.09181502e-03]
   [-1.42373942e-01 -7.87961904e-02  9.67375411e-03 -7.76554503e-02
    -1.09113981e-01]
   [ 7.77817537e-02  7.34152598e-02 -1.23164737e-01 -5.76841136e-02
    -1.57281451e-01]
   [ 8.93259159e-02  9.84719322e-02  7.77379347e-02  7.90331590e-02
    -2.53461462e-02]
   [ 1.73119027e-01 -1.09641199e-03  6.12965691e-02  1.18080473e-01
     2.26499591e-02]]

  [[ 1.15390092e-01  1.15914947e-01  4.82381332e-02  1.04289122e-01
     8.96177272e-02]
   [ 7.24623694e-02  1.30464780e-01  6.75674173e-02  2.69617961e-02
     8.86957069e-02]
   [-1.22263490e-01 -1.59971420e-01 -4.85452949e-02  8.01519889e-02
     1.55999234e-01]
   [-6.73227083e-02 -2.07685200e-02 -7.00551620e-02 -4.43140358e-02
     4.20289929e-03]
   [-7.73905483e-02 -1.04458715e-01 -9.01659256e-02 -1.52084226e-01
    -1.60570759e-01]]

  [[-8.11936641e-02  5.76411020e-03 -1.97066146e-02 -8.35814429e-02
    -8.32876452e-02]
   [-1.56423003e-01 -9.42675371e-02 -9.68510299e-02 -8.23887388e-02
    -4.90832777e-03]
   [ 2.32342570e-02  4.63283273e-02 -8.41140731e-02 -1.54333541e-01
     3.62503830e-03]
   [ 1.17247941e-01  1.24223260e-01  1.56463614e-01  1.70882104e-01
     7.70456286e-03]
   [ 7.96489610e-02  1.49984421e-01  8.10717545e-02  2.30258476e-04
     3.22527161e-03]]]]