[[0.14092054 0.11573723 0.10775816 0.08758224 0.18298006 0.0407367
  0.17155204 0.12411866 0.13623413 0.17720089 0.05349201 0.01575875
  0.09603981 0.11698903 0.04298923 0.10877702 0.14650098 0.10439635
  0.09205622 0.10456495 0.16786299 0.09675343 0.13217936 0.04684194
  0.07212047 0.15266081 0.11624067 0.15090739 0.15753698 0.12546651
  0.16844247 0.16292202 0.13973674 0.12501371 0.10013487 0.06332686
  0.16353189 0.17828294 0.12246252 0.09071382 0.0429667  0.13544498
  0.18806332 0.03359275 0.16572069 0.12752573 0.07501723 0.0994487
  0.08616635 0.10338318 0.13908251 0.05486768 0.13637106 0.1116129
  0.05829429 0.08627403 0.10680048 0.07605546 0.09535678 0.11869934]
 [0.10994449 0.17443719 0.1048094  0.03597291 0.15108352 0.0683116
  0.1500537  0.04488297 0.16960728 0.16754158 0.12375634 0.07304606
  0.07859215 0.11432247 0.10398126 0.12877786 0.15085234 0.06912619
  0.16417343 0.05638988 0.13282345 0.11856273 0.1664891  0.0580732
  0.08659804 0.0736981  0.10485835 0.10602221 0.12991674 0.16641546
  0.11939313 0.14515099 0.16819699 0.12594179 0.16858428 0.0763037
  0.12926538 0.1637539  0.16340593 0.11156887 0.03500714 0.11355958
  0.09126257 0.04943305 0.10915791 0.07595991 0.04749494 0.12983838
  0.04942777 0.0633568  0.12587964 0.09389407 0.13547271 0.07513168
  0.11197036 0.10934998 0.13589139 0.07944756 0.14621293 0.15486067]
 [0.15014733 0.11262023 0.16196825 0.03916972 0.17772056 0.11710742
  0.17475202 0.06364051 0.15699116 0.14131303 0.08908179 0.04058292
  0.05521424 0.09993203 0.03361324 0.16315496 0.09836975 0.14241172
  0.16976664 0.13649898 0.18309377 0.11348829 0.11081905 0.13688394
  0.05300709 0.09282055 0.05282529 0.09797606 0.1304474  0.09931645
  0.12583813 0.14613197 0.13515724 0.07836143 0.11934217 0.03299765
  0.08906915 0.09802625 0.1564549  0.08976374 0.12078775 0.09522839
  0.1481538  0.04743612 0.17635166 0.06450864 0.08111719 0.17233599
  0.05162824 0.03693978 0.14375556 0.08354935 0.1196765  0.06600351
  0.06415582 0.09649804 0.08904544 0.08967695 0.09733184 0.09323106]
 [0.10204372 0.16940547 0.18083647 0.05150447 0.11226168 0.14025767
  0.16439202 0.12754655 0.17577355 0.14258381 0.05504494 0.08576288
  0.06469192 0.08763115 0.02559215 0.18178618 0.14681904 0.1200266
  0.17973163 0.11093983 0.17239337 0.13975697 0.13462583 0.11653265
  0.06529186 0.10376663 0.10033935 0.14949622 0.15534401 0.17183561
  0.09846047 0.1052083  0.12349785 0.08200364 0.17893585 0.11691765
  0.13520267 0.15632922 0.15335063 0.13572009 0.10362669 0.11880264
  0.16640764 0.049625   0.11371179 0.06134306 0.05532866 0.12348698
  0.05813408 0.08467175 0.17919101 0.11823413 0.16341809 0.12558835
  0.08310297 0.14641894 0.13474872 0.07050441 0.11957069 0.13075713]
 [0.11849566 0.14832168 0.15411901 0.11970342 0.13036189 0.04686925
  0.13606989 0.08369847 0.14186729 0.16744872 0.08082147 0.00125234
  0.11471719 0.08574155 0.03549996 0.09334708 0.17367332 0.15217703
  0.13499636 0.13100773 0.14628928 0.16434913 0.10300941 0.10002161
  0.0367434  0.12783743 0.08752336 0.14452078 0.12233963 0.1692597
  0.13910537 0.13536047 0.08919761 0.15504052 0.17342871 0.08929006
  0.10252614 0.154446   0.14131649 0.14330442 0.07856971 0.11517833
  0.15887885 0.03711383 0.17346334 0.06295921 0.0905426  0.17748791
  0.02791364 0.0427556  0.11565305 0.04436263 0.1386324  0.14266258
  0.08318022 0.12899308 0.12501147 0.08058404 0.10513621 0.11745414]
 [0.15858416 0.14459014 0.13274849 0.08332147 0.13885547 0.09240438
  0.18408605 0.04842505 0.18774449 0.14591154 0.07937067 0.09141582
  0.09143275 0.13166308 0.04072829 0.10358845 0.1548885  0.08317817
  0.18648902 0.09514012 0.11877878 0.15281631 0.14344026 0.05744492
  0.06697962 0.14081205 0.08096443 0.14902764 0.12834465 0.13010788
  0.13136473 0.12188673 0.11790964 0.15660006 0.17755347 0.09371854
  0.12249198 0.12759485 0.16405793 0.12686716 0.11748203 0.0550992
  0.16301307 0.10649815 0.16086186 0.1458036  0.06403236 0.17276642
  0.04549464 0.02479076 0.15453533 0.05918997 0.1849778  0.10568607
  0.10429183 0.11562906 0.10240183 0.08005929 0.07603989 0.0874942 ]
 [0.16290492 0.18409866 0.09618349 0.059066   0.11705174 0.06062641
  0.10970602 0.10391049 0.14295806 0.10394669 0.06011503 0.04708462
  0.09491541 0.13022876 0.10096774 0.10679482 0.16819696 0.1410364
  0.18498019 0.12319181 0.18821652 0.17869957 0.17011847 0.04750258
  0.04168171 0.15056126 0.04061081 0.14597572 0.12404516 0.12087437
  0.12774796 0.11564014 0.17456065 0.13870325 0.11904004 0.06116675
  0.17207693 0.17689768 0.12522871 0.15156638 0.05797956 0.11318731
  0.14088713 0.09900906 0.11432132 0.10126733 0.099092   0.15480012
  0.06851973 0.10894416 0.1452237  0.07110547 0.18881623 0.09476975
  0.10952918 0.1244104  0.16632561 0.03342317 0.09299178 0.08152458]
 [0.15048847 0.10906751 0.09129119 0.08681463 0.12098857 0.05857615
  0.09130526 0.0933601  0.17904624 0.10174683 0.0630016  0.02516954
  0.06399241 0.12458566 0.11088527 0.11186658 0.1063255  0.14041782
  0.17980591 0.0567925  0.14496606 0.16630678 0.09826204 0.06978486
  0.05488527 0.07638996 0.04482349 0.18295886 0.15173906 0.16622488
  0.12858489 0.13537765 0.11329215 0.08927393 0.11155672 0.0997779
  0.11389507 0.10979619 0.18056071 0.0997275  0.04549051 0.10880558
  0.09415651 0.04297769 0.10625101 0.10912219 0.0707198  0.11851424
  0.02997962 0.03271509 0.13513179 0.04122684 0.14239373 0.09187606
  0.05741914 0.08818815 0.17340708 0.0970629  0.14995671 0.15665822]
 [0.14641569 0.18162136 0.13905362 0.10954938 0.16323962 0.05972874
  0.09093158 0.09576634 0.1846719  0.13556298 0.09369575 0.09032514
  0.05995684 0.13794885 0.0594723  0.11407511 0.11996728 0.11698484
  0.08767414 0.06905543 0.1193779  0.11332918 0.14082407 0.12792293
  0.09729234 0.06594172 0.02921646 0.11977747 0.18759613 0.10683737
  0.16672955 0.11051291 0.14062426 0.14887272 0.17871106 0.08320325
  0.15379405 0.1451512  0.1671246  0.12014756 0.1333334  0.13078874
  0.14359889 0.11878368 0.10964382 0.09088162 0.07953598 0.10880634
  0.04068097 0.09535086 0.09254826 0.1018022  0.0973876  0.0579202
  0.03693563 0.12933218 0.15006558 0.03834361 0.11038425 0.10451675]
 [0.15276979 0.14473168 0.10694494 0.07153209 0.1001586  0.08647337
  0.18809489 0.129685   0.15344992 0.10572303 0.07485234 0.09539214
  0.05152107 0.09023772 0.03098219 0.16252007 0.16979753 0.12099171
  0.17151669 0.11547063 0.10771597 0.11677192 0.18185021 0.10911651
  0.0866146  0.12267724 0.11229568 0.15133987 0.15902486 0.17015583
  0.18549552 0.11563138 0.10858833 0.12908745 0.12959809 0.11686137
  0.07950546 0.1427404  0.12066728 0.13397843 0.07943167 0.0969557
  0.11859594 0.11807051 0.10640911 0.07113641 0.07087031 0.15758286
  0.11529385 0.08070814 0.15773038 0.06208886 0.13389212 0.10151339
  0.07904705 0.13078332 0.11050593 0.05131946 0.13073611 0.16654402]]