[[ 9.33274981e-02  3.07160783e-02  1.02595276e-01  1.13309840e-01
   1.62067775e-01  3.65651298e-02  1.09977283e-01  1.59839609e-01
   1.10173287e-01  8.79601836e-02  1.31573649e-01  6.19874187e-02
   8.55388133e-02  3.01238329e-02  7.94302624e-02  9.15793681e-02
   1.09623575e-01  6.31263822e-02  1.07935071e-01  1.20330816e-01
   5.98533215e-02 -2.76740085e-02  1.32062652e-01  8.02884376e-02
   1.28719141e-01  1.15253691e-01  1.15166537e-01  7.22304771e-02
   1.09447131e-01  8.12998904e-02  4.38943707e-02  1.29714182e-01
   1.14795132e-01  1.12541211e-01  4.93606616e-02  4.59082567e-02
   9.60221204e-02  1.39855175e-01  9.50299769e-02  1.03856573e-01
   1.08308130e-01  1.36144921e-01]
 [ 7.06032995e-02  1.01136398e-01  9.44478185e-02  8.08505034e-02
   1.52763950e-01  7.72615570e-02  8.43837972e-02  1.67657599e-01
   9.32773587e-02  5.10509589e-02  1.13560855e-01  8.82762788e-02
   5.97499225e-02  8.73322862e-02  7.54303209e-03  6.65919822e-02
   6.48563226e-02  7.57389303e-02  8.93366758e-02  6.42579278e-02
   1.02790564e-01 -6.65445317e-03  6.96561148e-02  8.37875781e-02
   8.29493978e-02  1.20437614e-01  7.14809776e-02  1.18435445e-01
   7.09717932e-02  1.37514169e-01  1.24204270e-01  7.45230019e-02
   6.24531789e-02  6.07077269e-02  4.37685952e-02  6.97167536e-02
   6.77076065e-02  1.53923847e-01  6.95362566e-02  7.82416487e-02
   7.38881334e-02  9.70274803e-02]
 [ 7.87555309e-02  3.72049274e-02  4.23924548e-02  8.64655258e-02
   1.41959102e-01  1.11055300e-01  9.32284673e-02  7.71737591e-02
   2.91691490e-02  2.95045521e-02  1.55038159e-01  7.92652503e-02
   1.30973534e-01  1.09710971e-01 -1.61215560e-02  2.53727114e-02
   5.89422329e-02  1.41972859e-01  5.88702982e-02  3.14923456e-02
   4.40391586e-03  1.55235603e-02  1.41201812e-01  1.09333655e-01
   1.16118721e-01  6.39917706e-02  1.03651584e-01  1.35883407e-01
   7.76553878e-02  1.01900475e-01  3.39072309e-02  6.89334351e-02
   5.40336107e-02  1.13439295e-01  6.06677317e-02  5.80927493e-02
   9.86966512e-02  1.61225360e-01  7.45738506e-02  4.75686414e-02
   6.74272768e-02  5.68144866e-02]
 [ 3.47766080e-02 -2.26889542e-02 -2.70028327e-02 -3.44907372e-02
   1.16994674e-01 -4.56047217e-02  8.12521361e-02  1.69153032e-01
  -5.31455211e-03 -6.55768622e-02  8.99641032e-02  7.90549328e-02
   1.32385508e-01  7.93693771e-03  1.02235727e-02 -1.37848093e-02
  -5.45734877e-02  6.49889239e-02 -4.53940407e-02  1.61893140e-02
   3.61594330e-02 -3.46134419e-02  1.14688742e-01 -5.93039111e-02
  -4.58903612e-03  3.51395066e-02 -5.95069470e-02  1.02188178e-01
  -5.69391091e-02  2.69640338e-03 -6.93736519e-03  9.34356245e-02
  -2.35684303e-02  7.89274060e-02  7.47929583e-03  1.10066329e-02
   9.31551836e-02  7.67429259e-02 -6.41522449e-04 -2.62366246e-02
  -3.25905678e-02 -1.21578606e-02]
 [ 3.31830814e-02  2.35486716e-02  8.64785541e-02  8.57129149e-02
   1.49729380e-01  3.48093262e-02  1.10340254e-01  1.02835753e-01
   9.97675267e-02  9.52188941e-02  1.05267586e-01  7.04586448e-02
   1.13869037e-01  7.81917042e-02  1.02760124e-02  8.79632084e-02
   8.16791425e-02  7.64130637e-02  4.90355380e-02  4.11893456e-02
   6.60565310e-02 -4.77247706e-02  8.91358951e-02  1.17477077e-01
   6.86624594e-02  1.02061211e-01  5.79963033e-02  1.50495458e-01
   5.58483995e-02  4.74140165e-02  6.34985750e-02  1.09442979e-01
   9.86731645e-02  1.36392842e-01  6.10513755e-02  9.47632524e-02
   1.10496490e-01  1.15572203e-01  1.05408740e-02  7.67772906e-02
   6.81297622e-02  1.02196364e-01]
 [ 4.19846398e-02  1.44768681e-02  2.97861055e-03 -5.56304179e-02
   1.71581470e-01  1.47005958e-02  1.57343184e-01  1.39365187e-01
  -1.97856967e-03 -7.58298503e-03  1.62454303e-01  1.23927378e-01
   1.44842822e-01 -2.13823538e-02  3.72712526e-02  1.06092019e-02
   2.77431941e-02  1.00361133e-01 -5.48141175e-02 -3.79276256e-02
   3.08140129e-02 -5.64526926e-02  7.92003427e-02 -5.85271274e-02
  -6.36147846e-02 -5.35681799e-03 -5.24227858e-02  1.43165989e-01
  -3.76477735e-02  8.68314509e-03 -8.97480980e-04  7.87985493e-02
  -3.04149291e-02  1.50666466e-01  2.78773393e-02  1.67437986e-02
   9.64666304e-02  8.56368848e-02  8.40389255e-03 -2.75164716e-02
  -3.71842688e-02 -7.26228209e-02]
 [ 8.58124261e-02  9.72731398e-02  6.59370874e-02  9.98542808e-02
   1.66189425e-01  7.62943509e-02  9.24869624e-02  1.32868764e-01
   5.02961289e-02  9.54408809e-02  1.09208459e-01  1.07755468e-01
   8.56576624e-02  8.40591782e-02 -1.88969451e-03  1.16830705e-01
   8.69321560e-02  6.86312085e-02  1.18208498e-01  1.04311628e-01
   8.40955996e-02 -2.87763373e-02  8.69149253e-02  6.29132885e-02
   4.73409273e-02  6.62832919e-02  7.51823545e-02  1.18102615e-01
   6.03283743e-02  5.32933678e-02  6.01836105e-02  5.85385356e-02
   7.14034161e-02  1.44353681e-01  6.96172725e-02  3.91915106e-02
   1.46842176e-01  1.67259647e-01  8.53083552e-02  9.95680754e-02
   8.99336737e-02  1.24433715e-01]
 [-1.62403188e-02 -4.79615175e-03 -8.35250376e-03 -3.21759653e-02
   1.69551764e-01 -6.15116463e-02  7.95243332e-02  1.41489665e-01
   3.05172844e-02 -2.29737344e-02  1.21186747e-01  1.26313596e-01
   1.01633822e-01 -2.78423015e-02 -1.46235160e-02 -5.47150237e-02
   3.38678832e-02  1.44479056e-01 -8.58497979e-03 -4.30262647e-02
  -1.95879523e-02 -2.17794457e-02  6.51219039e-02 -1.40165172e-02
  -4.84097184e-02 -4.22286121e-02 -4.57537833e-02  6.97076027e-02
  -2.85785172e-02 -2.36314175e-02  1.68749316e-02  9.60495122e-02
   1.67450598e-02  1.30029308e-01 -7.78698616e-03  2.06590303e-02
   1.07472604e-01  1.34983371e-01 -4.79374680e-03  2.80407830e-03
  -5.98687515e-02 -5.14446933e-02]
 [ 8.00685191e-02  4.54901381e-02  9.83289473e-02  1.03377448e-01
   8.96883950e-02  8.45189444e-02  7.86677173e-02  1.51215812e-01
   8.20012100e-02  1.37398404e-01  1.21704679e-01  1.08847538e-01
   1.10669642e-01  1.23391056e-01  8.33809548e-02  1.50777724e-01
   1.12086011e-01  1.18279525e-01  1.33822563e-01  1.06968974e-01
   5.53606996e-02 -4.37141746e-02  5.86300764e-02  1.13897261e-01
   1.27996031e-01  5.65445114e-02  1.58684385e-01  1.44365679e-01
   1.32266004e-01  1.53826703e-01  1.26679018e-01  1.29941062e-01
   1.53775248e-01  1.37865986e-01  7.28905527e-02  9.61185903e-02
   9.45362875e-02  1.14035712e-01  7.13154228e-02  1.00422486e-01
   9.89929796e-02  6.24216134e-02]
 [ 1.06657421e-02  1.41207313e-02  5.03405948e-02  2.81404131e-02
   9.48798359e-02  2.57302055e-02  7.30946476e-02  1.25251826e-01
   5.74153368e-02  5.24509769e-02  9.90444666e-02  1.34911520e-01
   1.03786042e-01  2.89796251e-02  4.10535844e-02  8.12887987e-02
  -1.50631633e-02  8.63678964e-02  1.06657055e-01  9.51891431e-03
   1.23995859e-02  8.50320881e-03  9.92071371e-02  1.13332910e-01
   5.31506957e-02  3.81213952e-02  8.86433964e-02  9.96854615e-02
   4.12645674e-02  6.51864651e-02  6.88781882e-02  1.41676567e-01
   7.01742618e-02  1.16334934e-01  9.22066287e-02  4.51928524e-02
   1.39273098e-01  1.25366521e-01  6.42756108e-02  1.29963756e-02
   7.96214536e-02  3.75651484e-02]
 [ 2.05643788e-02 -1.77170243e-02 -3.04717072e-02 -6.23724724e-02
   1.46500166e-01 -4.60094492e-02  7.37491254e-02  1.66787348e-01
   2.08107849e-02 -6.78684617e-02  1.62731861e-01  1.16201276e-01
   1.08764177e-01 -4.05281122e-04  2.54381612e-02 -9.85886490e-03
  -4.04172545e-02  1.44657948e-01  1.12646624e-02 -4.75367610e-02
   2.16819599e-02 -4.54231678e-02  7.59059487e-02  2.55077686e-03
  -4.62176610e-02 -2.81252126e-03  2.48511199e-02  7.46631121e-02
   7.20192629e-03 -3.79222949e-02  2.76224190e-02  1.47666541e-01
  -6.34818348e-02  1.49583308e-01  2.60126261e-02 -1.53470594e-02
   1.35709269e-01  1.26400072e-01 -2.59335931e-02 -9.41949489e-03
  -5.60566585e-02 -7.22716585e-02]
 [ 1.37270261e-02 -5.43126162e-02 -4.07650680e-02 -2.34359589e-02
   1.34776944e-01  1.50033647e-02  1.56223518e-01  1.41332110e-01
  -4.92772811e-03 -4.09215586e-02  8.90247640e-02  6.34675244e-02
   1.45799639e-01 -3.15055112e-03  3.04222162e-02 -5.78450494e-02
   1.50101059e-02  7.37098652e-02 -5.61409564e-02 -2.94205510e-02
  -4.01098230e-03  1.09529549e-02  1.60076906e-01 -2.32064464e-02
  -6.20358697e-02 -2.81057762e-02 -4.47850649e-02  8.91832304e-02
  -6.20706421e-02 -1.73685513e-02 -5.48972187e-02  1.03445993e-01
  -3.35958707e-02  1.30120683e-01 -7.13177523e-03 -4.10650513e-03
   1.11717824e-01  1.37730151e-01 -3.73460017e-02 -4.72809797e-02
  -7.28185499e-02 -7.20338522e-02]
 [ 3.66777701e-02 -4.07470076e-02 -4.78655948e-02 -4.57772582e-02
   1.50023993e-01 -8.10014026e-03  1.27694339e-01  1.71207042e-01
   1.03701764e-02  9.86756158e-04  1.56639776e-01  5.91365349e-02
   1.33525176e-01 -6.08413886e-02  4.26522368e-02  1.00361987e-02
  -1.36086697e-02  1.25645979e-01  3.23612042e-02 -2.64954384e-02
  -3.50483533e-02 -1.22028774e-02  9.71230058e-02 -6.54641182e-02
   5.35780276e-03 -5.24584888e-02 -4.01836549e-02  7.54477032e-02
  -6.74040976e-02  2.22039144e-02  3.26030718e-02  9.06471824e-02
   1.86174200e-02  1.13324619e-01 -1.36652014e-03 -2.41487480e-02
   1.08607256e-01  1.19799260e-01 -4.01132217e-02 -2.93191009e-02
   5.24046112e-03 -5.16330341e-02]
 [-3.65358068e-02 -4.57120458e-02 -5.43709905e-02  1.34809804e-03
   1.09124799e-01 -4.73917527e-02  6.59533143e-02  8.76279247e-02
   3.96738278e-02 -2.49548453e-02  1.29358230e-01  1.39329095e-01
   7.21934354e-02  5.28153862e-04 -1.13638541e-02  1.76493385e-02
  -4.72169299e-02  1.28540005e-01  2.55722458e-02 -2.44882292e-02
   2.87266273e-02 -1.05436561e-02  1.08265745e-01 -1.97366755e-03
  -2.16659604e-02 -3.82768512e-02 -5.93798311e-03  1.02521985e-01
  -3.62824606e-02 -3.09193659e-02  7.75755534e-03  7.49699157e-02
   2.09481304e-02  1.39210627e-01  4.77022664e-03 -1.10862348e-02
   1.09205514e-01  1.09372547e-01  1.35536067e-02 -4.86012818e-02
  -5.31203672e-02 -3.60437882e-02]
 [-3.63190760e-02  1.61274014e-02 -5.23407455e-02  2.38446551e-02
   1.11407871e-01 -4.53613295e-02  9.60574315e-02  1.55610510e-01
  -4.76548196e-02 -6.11509022e-03  1.16857706e-01  1.32091277e-01
   1.07611700e-01 -1.08829812e-02  6.52056793e-03 -4.12850713e-02
  -4.08092412e-02  1.00603289e-01 -4.41936216e-02 -2.83595538e-02
  -1.08046382e-02 -3.49799769e-02  1.39621779e-01 -1.17505269e-02
  -6.36561366e-02 -3.18683577e-02 -5.61949633e-02  9.67218662e-02
  -4.65955629e-02 -5.43644294e-02  2.84130663e-02  1.32543518e-01
  -6.14593776e-02  6.79925709e-02 -1.33387575e-02  1.55974515e-02
   1.31922666e-01  1.02035634e-01 -9.00264327e-03 -4.06009915e-02
  -6.03520135e-02 -3.69263817e-02]
 [ 8.66181821e-02  6.84485247e-02  1.00781457e-01  4.51888058e-02
   8.96285299e-02  6.85517404e-02  9.46987083e-02  1.25616956e-01
   3.66044706e-02  8.71075381e-02  1.48146137e-01  8.54228665e-02
   1.00695091e-01  3.91435708e-02  4.46920842e-03  8.96658357e-02
   5.44034686e-02  8.04188502e-02  8.81155960e-02  3.74488685e-02
   2.81923400e-02 -4.31807513e-02  1.12597804e-01  4.44749075e-02
   3.18025523e-02  4.90639334e-02  6.45682739e-02  1.40767627e-01
   1.19662538e-01  1.18593351e-01  8.07403646e-02  1.46139449e-01
   3.03474221e-02  1.16650430e-01  4.53716094e-02  9.86930049e-02
   1.41248014e-01  1.53094050e-01  1.07928205e-01  2.88762478e-02
   1.00006768e-01  1.28484845e-01]
 [ 3.17425578e-02  9.02748123e-02  5.40597754e-02  1.03720296e-01
   1.48550225e-01  9.24433057e-02  6.71085032e-02  7.57152754e-02
   4.63512191e-02  4.91089872e-02  1.07531413e-01  1.24826300e-01
   1.40552371e-01  7.41152686e-02  3.89019592e-02  8.78480463e-02
   1.13413763e-01  5.66218206e-02  7.46549723e-02  7.29065983e-02
   5.11322533e-02  2.63230045e-02  6.17543987e-02  3.68318963e-02
   9.13908677e-02  1.11005827e-01  1.24514358e-01  1.12060970e-01
   1.02461553e-01  1.13439677e-01  1.04403520e-01  7.09681778e-02
   3.91592987e-02  9.32787202e-02  4.98618077e-02  1.04051557e-01
   6.74307775e-02  1.10408656e-01  4.21475387e-02  4.74411970e-02
   1.27285880e-01  1.22614520e-01]
 [ 2.58131555e-02 -3.90118549e-04  2.10958644e-02  8.59541869e-03
   1.52518147e-01 -2.45927727e-02  1.03639635e-01  8.27401140e-02
   1.81841852e-02 -2.91588940e-02  8.76935245e-02  1.16858204e-01
   9.80183050e-02 -8.82449626e-03 -4.28398798e-02 -4.34358461e-03
   3.13588202e-02  1.03702718e-01 -1.50076447e-02 -3.54122339e-02
   2.71005650e-03 -3.53462983e-02  8.50900266e-02 -1.02218264e-02
   1.27216795e-02  2.48406343e-02 -8.07980785e-03  8.31377001e-02
  -4.50674161e-02  5.73513585e-04 -7.90022688e-03  1.28965473e-01
  -3.82311277e-02  8.35254393e-02  1.27207042e-03 -3.79238906e-02
   1.31685409e-01  1.29539355e-01  2.92723277e-02  7.39334416e-03
  -2.87405631e-02 -7.56100710e-02]
 [ 1.37686795e-02  2.05685177e-02  4.98966158e-02  4.31155475e-03
   1.16402814e-01  1.00659027e-01  1.44192140e-01  9.54839433e-02
   2.94873241e-02  7.05534320e-02  6.74355322e-02  5.01516438e-02
   9.95912310e-02  2.63523072e-02  1.10919781e-02  7.82039604e-02
   3.99918741e-02  1.26935274e-01  1.13064527e-01  8.28491306e-03
   2.50686988e-03  1.60489110e-02  1.21940859e-01  1.21287783e-01
   7.40924810e-02  4.65087015e-02  1.08987100e-02  7.62893383e-02
   7.98487266e-02  7.66074794e-02  7.59644772e-02  1.11758740e-01
  -1.30018923e-03  9.90496369e-02  4.84337621e-02  1.27133835e-02
   1.27558258e-01  7.77681356e-02  6.68745722e-02 -1.71112955e-02
   9.73663200e-02  1.13197370e-01]
 [-4.43232234e-02  1.10585585e-02 -2.71380332e-02 -3.97035540e-02
   1.81152280e-01  8.59131015e-03  1.29316359e-01  1.62411574e-01
  -2.90590364e-03 -2.67350719e-02  7.85053199e-02  1.13876062e-01
   9.26028835e-02 -5.70853480e-02 -1.39693529e-02  1.80819342e-02
  -5.36634563e-02  1.20873590e-01 -2.32445922e-02 -9.01543834e-03
  -5.21198460e-02  2.29001439e-03  7.48336726e-02 -4.62668702e-02
  -5.69735589e-02 -3.91041166e-02  4.29058688e-03  1.29846592e-01
  -2.92692915e-02 -1.98753207e-02 -4.43153382e-03  1.23649546e-01
  -1.04085645e-02  7.57748425e-02 -5.67304338e-03  2.87284220e-02
   6.94515807e-02  1.55713215e-01  8.52753495e-03 -9.20882203e-03
  -3.16905402e-02  2.28471029e-02]
 [ 3.42894179e-02  5.32523796e-03  2.63647124e-02  9.06057557e-02
   1.39752593e-01  9.98627533e-02  6.89590945e-02  9.07015801e-02
   9.16519344e-02  5.20935651e-02  1.16305564e-01  1.11184467e-01
   8.66900560e-02  3.98804034e-02  1.39465898e-03  4.87555743e-02
   1.62244418e-02  1.27302745e-01  5.10715238e-02  1.13143744e-01
   7.06787358e-02 -5.94908346e-02  9.39055205e-02  5.37710917e-02
   6.92330870e-02  7.31498942e-02  1.24083676e-01  1.55112911e-01
   1.40153259e-01  3.58230166e-02  4.51340074e-02  1.38262190e-01
   6.71822940e-02  8.44273336e-02  2.27946628e-02  2.51896296e-02
   1.43268774e-01  1.43343902e-01  5.36891102e-02  1.08835803e-01
   5.39600823e-02  5.19433076e-02]
 [ 4.06731417e-02  4.26104339e-02  3.18094942e-02  9.64028155e-02
   1.30128574e-01  7.82441028e-02  1.45344775e-01  1.30259857e-01
   5.94058374e-02  2.24545233e-02  8.03266189e-02  1.16304795e-01
   8.36210241e-02  9.25607771e-02 -1.42426463e-03  3.15651994e-02
   5.35445370e-02  6.15571452e-02  5.03857093e-02  9.24578973e-02
  -1.15741120e-02 -4.18560882e-02  1.23062069e-01  8.39262622e-02
   1.12888110e-01  4.60941598e-02  7.30724116e-02  1.31487301e-01
   7.42490432e-02  2.83572398e-02  5.77404643e-02  1.45780475e-01
   7.44997229e-02  7.32770380e-02  1.05147724e-01  1.83564936e-02
   7.78731905e-02  1.09691578e-01  4.68127262e-02  2.95230349e-02
   6.46832282e-02  3.77887137e-02]
 [ 7.44969992e-02  6.61593069e-03  1.00921998e-01  9.25569626e-02
   1.31412869e-01  4.31909323e-02  1.58048344e-01  1.11004856e-01
   7.89192878e-02  1.20024508e-01  1.22436165e-01  9.65668685e-02
   7.27285644e-02  1.11730430e-01  5.98278319e-02  5.32840739e-02
   7.93187736e-02  8.89171041e-02  7.52068412e-02  8.66298007e-02
   6.87262028e-02 -2.39629138e-02  8.95473477e-02  3.98261287e-02
   1.05728867e-01  7.53174577e-02  2.20152668e-02  5.83946393e-02
   5.97156806e-02  2.95398679e-02  3.75170310e-02  6.16431465e-02
   9.57539368e-02  1.16568747e-01  5.45385602e-02  2.44028733e-02
   1.57581469e-01  1.42875268e-01  4.24086701e-02  6.55545343e-02
   5.72303900e-02  1.04572999e-01]
 [-1.85885880e-02  2.42025456e-02  5.03260794e-03 -1.59477303e-02
   1.05672001e-01  4.14767831e-03  1.29568871e-01  1.58756788e-01
  -1.70329302e-02 -3.20238634e-02  1.52366234e-01  9.71583041e-02
   1.65738082e-01 -5.41240112e-02 -4.14598383e-02  1.99518133e-02
  -5.93736520e-02  7.70499297e-02 -6.64709694e-02  2.28394952e-02
  -7.74704893e-03 -4.55354113e-02  1.60693511e-01 -2.81045823e-02
  -2.35047666e-02 -3.10098246e-02  1.67993608e-02  9.32253925e-02
   2.68105529e-03  1.87183823e-02 -3.81424571e-03  1.49582256e-01
  -4.39208337e-02  1.15437208e-01  5.62087367e-04 -1.53908222e-02
   1.15450738e-01  1.47486526e-01  1.69454273e-02 -3.81272438e-04
  -5.73199128e-02 -6.47779711e-02]
 [ 3.23503232e-02 -3.17218214e-02 -5.14376198e-02 -3.89372399e-02
   1.62817842e-01 -6.40399047e-02  1.15888159e-01  1.22533082e-01
  -4.94061109e-02 -5.01715579e-02  1.60162588e-01  1.30748905e-01
   1.17465289e-01 -6.16995317e-02  3.61532078e-02  1.18402841e-02
  -7.56958255e-03  6.67713945e-02 -3.32981518e-02 -2.61892986e-02
  -4.25625456e-02 -3.91030931e-03  8.65899740e-02 -2.01138419e-02
  -1.56422030e-02  3.63321661e-02 -5.62128322e-02  9.72398383e-02
  -3.15332597e-02 -6.01253360e-02  1.46613155e-02  1.40434977e-01
  -2.57233412e-04  9.57570690e-02 -3.57690944e-02 -1.07563348e-02
   1.57555181e-01  1.17480144e-01 -5.95576600e-02 -1.83420148e-02
   1.00284124e-02 -3.32017267e-02]
 [ 7.41127946e-02  3.44826907e-02 -4.73567785e-02  3.32229830e-02
   1.77177931e-01 -3.49855724e-02  1.49112915e-01  1.29240644e-01
   3.11312202e-02 -4.04076905e-02  1.45041374e-01  1.32738272e-01
   1.23536556e-01 -4.54287192e-02  7.84720881e-03 -2.01796827e-02
  -6.90800885e-03  1.56165407e-01 -3.28379361e-02 -1.39761121e-02
  -1.94805211e-02 -5.36400074e-02  1.00776809e-01  7.48316680e-03
  -4.43294283e-02 -2.59967602e-02 -6.90154028e-03  1.14931825e-01
  -1.74657316e-02 -3.94036357e-02  3.90268179e-02  8.18998541e-02
  -3.43370025e-02  1.16023103e-01  2.75181516e-03 -2.22553827e-02
   1.31666590e-01  9.98928841e-02 -8.48516348e-03  2.88008554e-02
  -3.09313380e-02  1.13061409e-02]
 [ 2.71622567e-02 -1.48431045e-02 -5.91090646e-02 -5.78930949e-02
   1.83459699e-01 -2.70857545e-02  8.52014953e-02  1.25194847e-01
  -5.68129354e-02 -4.18185775e-02  6.64580242e-02  1.10831263e-01
   1.14674594e-01  8.63567221e-03  2.92575462e-02  8.81424182e-03
  -3.72306603e-02  1.50565471e-01 -4.05666473e-02 -1.09539223e-02
  -4.87563240e-02 -1.83801528e-02  8.01373020e-02  1.36406037e-02
  -3.82122057e-02 -2.37235719e-02 -3.60294460e-02  1.25857323e-01
  -4.30249596e-02  3.76177770e-03 -1.89592863e-03  1.39906716e-01
   2.04116465e-02  1.47671331e-01  2.57975040e-02  6.84586724e-03
   1.50912416e-01  8.76824264e-02  3.14446216e-02 -2.57529973e-02
  -4.64044625e-02 -7.90571844e-02]
 [ 4.51024710e-02 -3.42837959e-02  5.97803358e-02 -1.17764962e-02
   1.34855503e-01  8.22884798e-02  1.42819405e-01  1.29603340e-01
   4.25887295e-02  2.16297409e-02  1.38882157e-01  8.34043880e-02
   9.16936922e-02  5.36365375e-02  5.43023989e-02  1.88626197e-02
   4.03565847e-02  1.23778270e-01  1.13704979e-01 -3.00264391e-02
  -1.56199682e-02 -3.01414275e-02  1.32171910e-01  2.50340162e-02
   2.86525050e-02 -1.20206112e-02 -1.45561985e-02  5.87926221e-02
   9.89041828e-02  4.20520564e-02  3.62297289e-02  1.22221777e-01
   4.23539513e-05  6.85118981e-02  2.69652318e-02  6.20221566e-02
   8.50414638e-02  1.30114500e-01  4.24349459e-02 -5.60780300e-05
   6.87457125e-02  5.92733570e-02]
 [ 8.01620179e-02  7.99287409e-02  6.35608257e-02  4.00088342e-02
   1.10897257e-01  9.01419696e-02  7.61139863e-02  7.81856205e-02
   7.71432398e-02  5.03317754e-02  7.36444392e-02  9.22845678e-02
   8.66269254e-02  8.62197628e-02  6.93271776e-02  1.22226982e-01
   6.91488369e-02  1.22554391e-01  5.07232306e-02  1.01139601e-01
   3.04277364e-02  9.49031709e-03  1.07160381e-01  3.20089270e-02
   1.15608778e-01  1.12607815e-01  3.30308738e-02  1.40456128e-01
   1.40252106e-01  7.63446772e-02  5.60392865e-02  1.56792442e-01
   2.60981962e-02  6.24524976e-02  6.97979710e-02  6.31084442e-02
   1.56474249e-01  8.08133215e-02  4.64445343e-02  6.44480692e-02
   3.39892831e-02  6.55907642e-02]
 [ 2.72495510e-02  8.46397847e-02  3.03589042e-02  1.26165099e-01
   8.54153924e-02  1.06862106e-01  1.09354033e-01  9.37220598e-02
   9.54211664e-02  4.12567763e-02  1.57068152e-01  7.53546370e-02
   9.74957879e-02  5.51587022e-02  4.49906153e-02  6.02502763e-02
   9.46570185e-02  6.56214128e-02  1.39692327e-01  7.48654730e-02
   8.67776041e-02 -1.38444522e-03  8.13981975e-02  6.04804436e-02
   8.49896988e-02  6.80567540e-02  1.16511456e-01  6.30144972e-02
   1.10382396e-01  4.87265185e-02  1.31723675e-01  1.12266558e-01
   1.10346757e-01  1.15510138e-01  7.37831175e-02  4.63820858e-02
   1.53919112e-01  1.12857760e-01  5.27220907e-02  1.18804253e-01
   1.06628319e-01  1.31886668e-01]
 [ 1.16385068e-01  1.12523232e-01  1.09278179e-01  1.24380873e-01
   1.81580501e-01  7.12733604e-02  1.07246786e-01  1.37093003e-01
   3.63911470e-02  5.79691479e-02  9.43275310e-02  8.67955499e-02
   7.57676494e-02  6.86337662e-02  7.61583251e-02  6.23512058e-02
   6.47623144e-02  1.31595876e-01  8.19232163e-02  4.97440351e-02
   5.68630951e-03 -5.10807650e-02  1.41860493e-01  4.65862806e-02
   4.86455941e-02  7.63164865e-02  9.00844338e-02  9.32962515e-02
   5.48819837e-02  1.16513037e-01  9.89551967e-02  1.49559192e-01
   1.23024058e-01  6.68302534e-02  3.22124956e-02  5.82651375e-02
   1.15680283e-01  1.59000710e-01  7.25817030e-02  6.92116518e-02
   1.21906453e-01  7.09574938e-02]
 [ 4.51857074e-02 -2.21338199e-02 -8.79013164e-03  1.19614297e-02
   1.01168254e-01 -9.67463103e-03  7.86477099e-02  9.34175687e-02
  -2.72548774e-02 -2.79952436e-03  1.42374885e-01  8.26515089e-02
   8.51031805e-02  2.85107835e-02 -4.50288035e-03 -1.29404020e-02
   4.03025560e-02  8.65781888e-02  3.19296600e-02  2.38693448e-02
   5.74583286e-02 -4.78222816e-02  7.39673991e-02  8.73208476e-02
   9.68130288e-03  2.08582790e-02  4.28365068e-02  1.47665979e-01
   6.01477458e-02 -1.99399389e-02  4.44815172e-02  1.15071486e-01
  -1.33645031e-02  7.17069545e-02  3.54627529e-02 -2.02049115e-02
   9.79747525e-02  1.31435855e-01  6.30921336e-02  5.35491318e-02
   4.37339044e-02  1.03178947e-01]
 [ 3.42877081e-02  7.63762112e-03 -1.26548906e-02  5.19757632e-02
   9.39194615e-02  8.35463386e-02  1.52158626e-01  1.03437110e-01
   7.31605612e-02  2.74474547e-02  9.97666447e-02  1.36256355e-01
   9.08450563e-02  5.13845617e-02  1.41992437e-02  6.93693941e-02
   1.27864852e-03  6.24113117e-02  2.52908909e-02 -1.31053669e-02
   3.86646638e-02 -5.34755036e-02  9.87138625e-02  9.36165066e-02
   5.91110651e-02  6.68869321e-02 -2.71864801e-02  6.39951610e-02
   1.02388290e-01  4.94765921e-02  8.10699905e-02  8.38671164e-02
  -1.89594561e-02  7.79630968e-02  9.51412566e-02  1.95299234e-02
   8.51906469e-02  1.66432836e-01  7.15151862e-02 -7.17649953e-03
   4.50087372e-02  8.00879913e-02]
 [-1.56826949e-02  2.46360764e-02  1.79942009e-03 -2.12081294e-02
   1.27096356e-01  2.78285761e-02  1.48979146e-01  7.31081588e-02
  -2.10129782e-03 -5.61047902e-02  6.60607463e-02  7.46783613e-02
   6.52018934e-02  7.84582533e-03 -4.49339696e-02  1.82697347e-02
   1.36580418e-02  6.53637022e-02 -4.06936801e-02  9.99988367e-03
   5.01865704e-02  1.14351604e-02  1.26487572e-01 -6.61135817e-03
   1.34579294e-02  8.27331930e-03 -4.23957647e-02  6.66384534e-02
  -1.22821111e-02  2.66473437e-02 -4.53868683e-02  1.39847992e-01
  -4.55281089e-02  9.45108276e-02 -3.07383888e-03  3.53430015e-02
   1.24964426e-01  1.29147640e-01  4.13265287e-02  4.01656237e-02
   2.25781784e-02  2.62822941e-02]
 [ 5.46337511e-02  4.21336922e-03 -7.11392374e-03  7.95703018e-03
   1.40101040e-01  1.56067596e-02  1.19958026e-01  1.13944566e-01
   2.29039908e-02  2.54232706e-02  8.65131305e-02  1.12540042e-01
   1.12089359e-01 -1.29895136e-02  9.39367550e-03 -1.85864707e-02
   5.14501416e-02  7.21206807e-02  5.84973009e-02  1.42378289e-02
  -1.81689644e-03  2.99833912e-03  6.67039712e-02  1.94541502e-02
   6.41821599e-02 -6.10103305e-03 -2.61361320e-02  1.48552134e-01
   2.71443775e-02  4.14931500e-02 -3.10698051e-02  7.20313426e-02
  -9.26335667e-03  8.25333689e-02  5.46145435e-02  7.06615358e-03
   1.24359062e-01  1.21180313e-01  2.44746954e-02  8.15015491e-03
   4.53409224e-02  6.57104385e-02]
 [ 1.35040793e-02  2.41384731e-02 -4.50980377e-02  5.50977215e-03
   9.83190899e-02 -4.14396345e-02  7.34846336e-02  9.87963914e-02
  -7.97976593e-04 -1.89825376e-02  1.42641447e-01  1.31944233e-01
   8.84285675e-02 -5.65944766e-02 -1.44385778e-02 -2.98513355e-02
  -2.54726369e-02  9.60877594e-02 -9.60604646e-03 -3.25326210e-02
  -3.66800648e-03 -7.20875069e-02  1.40637264e-01 -1.44086900e-02
   6.59062402e-03  8.07469293e-03 -5.76939212e-02  9.19267113e-02
  -6.86051082e-02 -5.48067627e-02 -5.43396460e-02  1.03321828e-01
   2.26822655e-02  1.57544199e-01 -1.87097253e-02 -6.51638790e-03
   1.62883207e-01  7.84248510e-02  5.54337180e-03 -3.90631435e-02
  -2.93245453e-02 -8.43308959e-03]
 [-5.78512797e-04 -5.51914649e-02  3.29331497e-02  6.90641690e-03
   8.67443228e-02  3.29361500e-02  1.26040363e-01  1.01920130e-01
   4.22227144e-02  8.90692748e-03  1.14621450e-01  1.39911317e-01
   9.13099400e-02  1.98324933e-02 -3.35612063e-02 -3.50291795e-02
  -5.75588250e-02  7.76871023e-02  1.00829763e-02 -2.20830693e-02
   4.38936489e-02 -5.12393858e-02  1.23514921e-01  2.88188967e-02
  -9.04068250e-03  6.13220421e-03  2.78790180e-02  6.38196052e-02
  -6.22053137e-02  1.41330307e-02  3.39622521e-02  1.37419066e-01
  -3.50497716e-02  9.51023069e-02 -1.99926615e-02 -4.96844035e-02
   1.28735356e-01  1.44655542e-01 -3.07437824e-03  1.43112940e-02
  -5.10081109e-02  2.37983577e-02]
 [ 6.32418171e-02  8.32964735e-03  1.19353772e-01  4.58640020e-02
   1.07447979e-01  7.21838492e-02  5.61967514e-02  1.59807390e-01
   3.60898982e-02  1.09331143e-01  1.29757778e-01  5.39662386e-02
   9.14626993e-02  9.05231242e-02  4.46989374e-02  1.41710659e-01
   1.55947695e-02  7.27609801e-02  1.17318377e-01  1.05426368e-01
   8.22333657e-02 -4.04239463e-02  6.71461356e-02  1.17358092e-01
   8.43375241e-02  7.45354431e-02  5.35721359e-02  9.82512150e-02
   1.33677476e-01  1.34184269e-01  9.61535920e-02  1.08774271e-01
   8.07266973e-02  9.72592342e-02  9.09684859e-02  4.65891041e-02
   6.99309943e-02  9.69057694e-02  6.80207791e-02  2.58209278e-02
   9.92895856e-02  1.42469679e-01]
 [ 5.99001092e-02  8.66763870e-02  8.89906493e-02  5.54204591e-02
   9.33154112e-02  6.20265895e-02  1.17751910e-01  1.47983595e-01
   9.67497686e-02  6.63394820e-02  1.21499710e-01  1.33449859e-01
   1.01949228e-01  6.54520554e-02  6.21950563e-02  4.92770829e-02
   7.93371165e-02  1.46416991e-01  6.21344307e-02  9.57820553e-02
  -2.20662496e-03 -6.54977763e-02  1.30176175e-01  1.31047629e-01
   4.62714542e-02  8.19514548e-02  1.23595319e-01  7.78333971e-02
   9.18223114e-02  3.90724254e-02  4.66197160e-02  1.35696365e-01
   5.42815568e-02  1.47197763e-01  4.82428210e-02  1.74355247e-02
   1.30530403e-01  1.32757378e-01  4.69181189e-02  1.25108097e-02
   1.15005949e-01  1.21494075e-01]
 [ 4.13435797e-02  2.17045761e-02 -2.59770645e-02 -6.17793136e-02
   1.25799500e-01 -5.28917413e-02  1.28398435e-01  1.29029486e-01
   1.59520041e-02 -2.91940081e-02  1.38071334e-01  7.90413777e-02
   8.68717370e-02  1.04372103e-03 -3.46538041e-02 -4.97094015e-03
   2.89486951e-02  1.43437637e-01 -5.10528609e-02 -4.52826113e-02
   1.15120671e-03 -5.26782885e-04  1.32426883e-01 -2.54171812e-02
  -4.86588848e-02  3.54908040e-02  3.87407422e-02  1.06446281e-01
   1.73169460e-03  4.02081362e-04 -6.30806062e-04  6.13204002e-02
   8.73795042e-03  8.75034852e-02 -7.72377391e-03  2.65932175e-02
   1.25622214e-01  1.05346510e-01  2.98913451e-02 -4.13402591e-02
  -2.69254456e-03  4.32878113e-03]
 [ 3.69627493e-04 -7.46743880e-03 -3.00595574e-02 -4.65269629e-02
   1.64927794e-01  1.65515004e-02  8.67329098e-02  1.24801104e-01
  -5.54088555e-02  1.59553143e-03  6.89964059e-02  7.31734463e-02
   8.38007556e-02 -4.46510486e-02  1.79415341e-03 -6.37470138e-02
  -2.93028165e-02  7.77172541e-02  8.14569483e-03  1.73177557e-02
   2.66282214e-02 -6.42953004e-02  1.45636768e-01 -5.75824498e-02
  -1.20630366e-03 -1.02307454e-02  2.10555112e-02  1.53078118e-01
  -5.00061922e-02 -3.34873106e-02 -6.10240919e-02  1.07998545e-01
   1.28853408e-02  1.09911247e-01 -4.08787461e-02  2.97492625e-02
   1.33153021e-01  1.23453495e-01 -3.89689378e-02  2.78722092e-02
  -1.07524258e-02 -9.95743483e-03]
 [-4.12085111e-03 -1.64491694e-02 -1.50597176e-02 -4.88260702e-02
   1.32982438e-01  1.65036213e-02  8.52849721e-02  7.29075999e-02
  -4.35736490e-02  1.18440285e-02  7.51181069e-02  1.23217767e-01
   1.06928813e-01 -7.28875841e-03 -3.79151561e-02 -9.63352150e-03
   1.74510963e-02  7.29782756e-02 -2.73295963e-02 -4.26121931e-02
   3.44461935e-02 -2.44282555e-02  1.44408940e-01 -4.76634053e-02
  -4.38683740e-02  1.95010823e-02  4.53310810e-03  9.52652039e-02
   1.21803242e-04 -2.61363459e-03 -5.14294811e-02  8.95490860e-02
  -6.70283553e-02  1.03101199e-01  2.68414613e-02  3.30852680e-02
   1.45495554e-01  1.58135220e-01  1.20013261e-02 -3.62203866e-02
  -2.72199043e-02 -6.42201744e-02]
 [ 3.74445762e-02  7.22425081e-02  3.95761449e-02  9.32374557e-02
   1.71921317e-01  1.28053671e-01  1.03275169e-01  1.16380099e-01
   9.66209730e-02  5.12748749e-02  1.06105071e-01  9.15707447e-02
   1.45944817e-01  8.05752455e-02  7.06229853e-02  8.89120131e-02
   1.07977199e-01  6.89759561e-02  9.72749525e-02  7.04671471e-02
   2.39983975e-02 -5.92354915e-02  8.05172996e-02  1.27961856e-01
   1.39201700e-01  8.57683311e-02  9.69409141e-02  9.37047247e-02
   1.28602810e-01  1.36577546e-01  6.32466389e-02  1.38743784e-01
   5.40713870e-02  6.77373544e-02  2.46233446e-02  7.62367103e-02
   1.49417124e-01  1.48919463e-01  5.73701590e-02  8.54195918e-02
   4.33806957e-02  9.02633435e-02]
 [-6.47673862e-03 -3.48623394e-02  1.65162136e-02 -5.89176201e-02
   1.21088389e-01 -6.32829580e-02  1.10105577e-01  1.23587622e-01
  -2.31708642e-02 -5.31422342e-02  1.22969932e-01  1.16841420e-01
   8.36989759e-02  3.66712951e-02  2.79663769e-02 -1.88834495e-02
  -1.83055358e-02  1.50360714e-01 -1.94796315e-02 -5.91236540e-02
  -3.20555081e-04 -2.99363362e-02  1.16321163e-01  3.44262448e-02
  -5.33452714e-02 -5.24471771e-02 -4.77080917e-02  1.21379842e-01
  -8.16057998e-02 -4.01658289e-02 -2.59237568e-02  8.23024177e-02
  -2.02056704e-02  1.14943621e-01  1.96103453e-02 -1.89123264e-02
   1.35795682e-01  1.66097509e-01 -5.83228577e-02  2.68939782e-02
   2.68458277e-02 -8.77460446e-03]
 [ 1.06925751e-01  6.60372259e-02  3.30715896e-02  9.37913131e-02
   1.08566738e-01  1.20204276e-01  1.17564224e-01  1.46016315e-01
   9.69436658e-02  7.23775576e-02  1.15626260e-01  5.60788121e-02
   7.93582042e-02  8.73357372e-02  3.41476680e-02  8.73298662e-02
   5.44109731e-02  1.21517182e-01  8.33245834e-02  3.77735530e-02
   2.10457590e-02 -4.20899152e-02  7.95185517e-02  5.92666702e-02
   7.43812439e-02  1.11018675e-01  5.45487993e-02  1.36795147e-01
   7.85226079e-02  4.02398529e-02  1.03001413e-01  1.28372357e-01
   8.82221245e-02  1.45263219e-01  3.54931479e-02  7.58712904e-02
   7.43533749e-02  1.20224459e-01  8.68914100e-02  7.78999161e-03
   6.43709959e-02  9.21706548e-02]
 [-1.34128050e-02  3.28150997e-02 -2.16759926e-02 -1.35482593e-02
   1.72112475e-01 -6.07833522e-02  9.90836586e-02  1.03877088e-01
  -4.19127142e-03  2.89574723e-03  1.59094811e-01  9.59821675e-02
   7.15979345e-02 -4.67647455e-03  6.90222023e-03  6.58285823e-04
   6.14566032e-03  6.66176532e-02 -3.85184359e-03  4.25776039e-03
  -1.20973572e-02 -4.60068648e-02  8.97033482e-02 -7.70795537e-03
  -4.32686568e-02 -1.33068059e-02 -6.12148613e-02  1.47165368e-01
  -4.94764096e-02  7.35144668e-03  1.81372885e-02  9.96150818e-02
   9.23575739e-03  7.81816328e-02  3.32845984e-02 -4.77886821e-02
   1.67198491e-01  8.82056550e-02  3.74086457e-02  3.19860954e-03
   2.22507279e-02 -2.97647921e-02]
 [ 1.07477229e-02 -2.29212025e-02  1.01708733e-02  4.58099925e-03
   9.34448182e-02  2.31629677e-02  7.32961098e-02  1.41938877e-01
  -5.50806763e-02 -3.61943250e-03  1.07040885e-01  1.50454235e-01
   1.13920848e-01 -1.06581479e-02 -1.83395571e-02 -2.06324543e-02
  -1.52892321e-02  1.08580777e-01 -1.82340640e-02  3.06364140e-03
   3.24513407e-02 -3.83929701e-02  1.14849035e-01 -6.29498396e-02
   2.69978911e-02 -2.93805712e-02  1.80677615e-02  7.51439346e-02
  -3.72945272e-02  3.49563201e-03 -2.83939486e-02  9.60254103e-02
  -1.93885650e-02  1.42296928e-01 -1.36337292e-03  1.19166831e-02
   8.64148225e-02  1.70809945e-01  6.51582117e-03  1.46313943e-02
  -2.46427167e-03 -5.17049669e-02]
 [ 8.40991665e-02  5.73677047e-02  1.38004039e-01  8.83459785e-02
   1.40440210e-01  1.23755202e-01  1.32172056e-01  1.40979410e-01
   8.94172076e-02  8.03462706e-02  7.88488821e-02  1.00113077e-01
   1.50869231e-01  1.10008391e-01  1.04396499e-01  1.21477705e-01
   6.84923853e-02  9.39765036e-02  9.56970914e-02  9.24767996e-02
   7.87302121e-02 -3.09197571e-02  7.10452604e-02  8.55818964e-02
   7.82886054e-02  7.05616523e-02  9.64133120e-02  1.31921157e-01
   1.29036534e-01  1.33244449e-01  1.20887354e-01  8.60854946e-02
   6.63946293e-02  8.25379526e-02  8.36689336e-02  9.24716902e-02
   1.03210440e-01  1.54955374e-01  7.52769372e-02  1.28037193e-01
   5.53366879e-02  1.38748012e-01]
 [ 3.76464788e-02 -3.29214384e-02  2.88695795e-02 -6.07919489e-02
   1.31438060e-01 -2.01943297e-03  1.52762335e-01  1.23588410e-01
   1.34110660e-02 -5.25492684e-02  1.05618854e-01  1.11058478e-01
   1.14319832e-01  1.83391511e-02 -1.45186467e-02  2.23540186e-02
  -6.62034760e-02  1.56180560e-01 -4.59500994e-02 -6.53082287e-02
  -4.28265672e-02 -4.29062957e-02  1.63280990e-01  7.78098401e-03
  -2.12688193e-02 -5.15415034e-03 -6.72457892e-02  1.12756936e-01
  -3.21596560e-02 -1.99029781e-02 -5.60640931e-02  1.59733654e-01
  -2.49223772e-02  1.19502820e-01 -5.68867040e-02  2.71380062e-02
   1.27136698e-01  1.58137189e-01 -1.90497096e-02 -3.33427655e-02
   1.94553336e-02 -7.66005670e-02]
 [ 3.63246808e-02 -5.01647893e-02 -4.65895638e-04 -1.71206740e-02
   1.05693219e-01 -5.19119417e-02  8.87371682e-02  1.28565439e-01
  -6.60186607e-04 -4.45852969e-02  1.27283049e-01  1.08957946e-01
   7.97437223e-02 -4.51806353e-02  2.60572624e-02 -7.02609875e-02
  -2.36654439e-02  9.35607109e-02  2.36709243e-02  2.64155037e-02
  -1.33568883e-02  2.44267822e-02  1.05040798e-01 -5.42558069e-02
  -5.94679404e-02  1.72854876e-02 -5.97294735e-02  1.01754747e-01
   9.09592524e-03 -6.17713732e-02 -5.42052471e-02  1.18264322e-01
  -9.01544179e-03  9.20635363e-02 -4.83209983e-02 -3.14846434e-02
   8.78128919e-02  1.22544061e-01  3.86888126e-02 -9.40119732e-03
  -2.09760869e-02 -7.37916832e-02]
 [ 4.91124191e-02  1.03054346e-01  4.12852824e-02  1.13944826e-01
   1.34636142e-01  1.24475994e-01  1.21788572e-01  1.23761116e-01
   7.13940747e-02  1.24319505e-01  8.87171057e-02  4.48351431e-02
   1.24826472e-01  1.02879156e-01  6.33109253e-03  6.98510260e-02
   1.04604173e-01  8.44430403e-02  1.17381695e-01  7.45088795e-02
   9.55349196e-02  3.47942503e-03  9.43980096e-02  5.82480589e-02
   9.18832371e-02  9.95151395e-02  9.20748640e-02  7.59883834e-02
   1.15730728e-01  5.12644772e-02  6.21130658e-02  6.63713870e-02
   8.04192071e-02  9.97904661e-02  1.02094965e-01  7.26293104e-02
   9.30076480e-02  1.33935107e-01  1.01869670e-01  9.85108619e-02
   4.81260013e-02  7.49885811e-02]
 [-1.51834083e-02 -4.42178826e-02  3.20228139e-02 -2.64100857e-02
   1.72424027e-01  8.25332276e-03  1.44553172e-01  1.41699547e-01
  -1.86616041e-03 -6.29080209e-02  1.48289733e-01  8.53120530e-02
   1.25900004e-01 -5.13151521e-02 -1.51998970e-02  1.94502280e-02
  -5.40647328e-03  8.95224174e-02 -3.38052555e-02  2.85300177e-02
   1.97433273e-02 -4.27508767e-02  9.15336647e-02  1.85618127e-02
  -3.52391572e-02 -3.16653710e-02 -7.79655859e-03  1.30303120e-01
  -3.81293852e-02 -4.67342316e-02 -6.33111461e-02  7.10828671e-02
  -2.59969600e-02  1.23952252e-01  3.50875217e-02 -1.01822373e-02
   7.19359149e-02  1.46644653e-01  1.41047986e-02 -2.41941015e-02
  -4.30633107e-02 -3.14335181e-02]
 [ 6.43367782e-02  1.00891053e-01  9.32461122e-02  8.87632579e-02
   9.14637889e-02  1.41031737e-01  9.60213017e-02  8.59024803e-02
   9.26644749e-02  5.49610670e-02  1.58581213e-01  5.73856778e-02
   6.66205690e-02  4.99223099e-02  7.03428522e-02  9.14163893e-02
   1.26127900e-01  1.45150388e-01  9.27344174e-02  7.73907108e-02
   6.08805166e-02 -1.89322153e-02  1.01008884e-01  7.47613307e-02
   1.17966601e-01  5.49271176e-02  1.17059340e-01  7.49802685e-02
   9.72109474e-02  9.57906465e-02  8.53038401e-02  1.32016957e-01
   1.19714356e-01  1.33425623e-01  1.17421592e-01  8.05609516e-02
   1.03995564e-01  1.24209249e-01  3.31473136e-02  5.83559730e-02
   4.15152072e-02  1.45271322e-01]
 [ 2.31367109e-02 -1.72965163e-03  3.39031120e-02  3.76663483e-03
   1.04991641e-01 -1.50227748e-02  9.38611308e-02  8.58576861e-02
  -4.06526040e-02 -2.41039613e-02  1.57750460e-01  7.74349928e-02
   1.64986216e-01 -1.65459772e-02  1.60321813e-02  2.90072199e-02
   3.55348224e-02  9.82279999e-02 -4.44336192e-02 -3.05229067e-02
  -1.82905870e-02 -7.28621205e-02  1.44398401e-01  6.62996832e-03
  -2.05031415e-02  1.39713380e-02 -2.61609678e-02  1.48931414e-01
   1.36388185e-02 -3.53577893e-02 -3.53600973e-02  1.37935017e-01
  -1.43414465e-02  9.88664603e-02  5.85771193e-03  2.38776666e-02
   1.48661788e-01  8.45705288e-02 -2.74542319e-02  3.27443944e-02
  -2.40334827e-02 -6.87086951e-02]
 [-8.27787551e-03 -4.44909229e-02  6.26019523e-03 -2.29605261e-02
   1.00326769e-01  2.59228873e-02  8.39583579e-02  1.62163779e-01
  -2.62626173e-02 -5.37252635e-03  1.31932935e-01  8.74838991e-02
   1.26549560e-01 -5.63660163e-02 -1.95356555e-03 -5.91461584e-02
  -4.10249300e-02  1.15329922e-01 -1.38845168e-02 -1.77139010e-02
   3.85248596e-02 -5.45704243e-03  1.26027127e-01 -9.30330957e-03
   1.81952550e-02 -5.85115148e-02 -5.55544980e-02  1.35842237e-01
  -6.92019677e-02 -3.59911468e-03  2.35882504e-02  7.68766186e-02
  -3.24580846e-02  1.53037379e-01  5.04258046e-02  2.45624966e-02
   7.85915261e-02  1.50048673e-01 -5.26435545e-02  4.88706561e-03
   8.47841880e-03 -3.69874722e-02]
 [ 9.17877559e-03  3.59345510e-02 -4.65585081e-02 -1.99565367e-02
   1.11404613e-01  1.21628603e-02  8.83875856e-02  7.68655154e-02
   5.07333566e-02 -5.78719461e-02  1.25216615e-01  9.70709468e-02
   1.43109600e-01 -3.74179605e-02  4.58108653e-02  1.42588297e-02
  -6.12410999e-03  1.52118225e-01 -5.05831668e-02 -1.32667139e-02
   1.76477253e-02  2.27578702e-02  9.12433264e-02  5.65185136e-02
  -2.68890453e-02  2.41855761e-02 -1.29695659e-02  9.62087824e-02
  -5.75088223e-02 -3.47658243e-02  4.17435788e-02  1.44188020e-01
  -5.83342841e-02  9.43705070e-02  5.39406241e-02  1.02792596e-02
   1.56026566e-01  1.69646980e-01 -1.54490367e-02 -2.83576614e-02
   2.83144678e-02 -4.88179931e-02]
 [ 7.45406304e-02  8.97879118e-02  5.25772422e-02  1.03758766e-01
   1.31954516e-01  4.45523598e-02  8.10835113e-02  9.62241809e-02
   9.53234440e-02  9.68863059e-02  1.52866916e-01  1.09586772e-01
   6.48727043e-02  8.46399043e-02  9.77481871e-02  5.83541928e-02
   8.39101209e-02  1.32017112e-01  9.68583803e-02  3.64319811e-02
   5.77802867e-02  9.37476556e-04  1.35951052e-01  6.02435905e-02
   8.86241172e-02  7.43841831e-02  1.24923152e-01  8.30876153e-02
   9.33893793e-02  7.45876996e-02  1.26332655e-01  8.42090440e-02
   1.14560961e-01  1.47076592e-01  1.10001601e-01  3.19014891e-02
   6.46569060e-02  1.65095143e-01  5.88185552e-02  1.15132950e-01
   2.47882898e-02  1.05670751e-01]
 [ 1.11781422e-02 -5.14210177e-02  3.09553241e-03 -5.32400141e-02
   1.35838679e-01 -4.23568835e-02  1.56539855e-01  9.73779563e-02
  -1.18336860e-02 -1.23456745e-02  1.09822465e-01  1.42417659e-01
   8.84787878e-02  3.48462722e-02 -2.00530173e-02 -4.90269370e-02
   1.32601230e-02  9.56473248e-02  2.26443957e-02 -1.09300227e-02
  -4.12766557e-03 -1.43212697e-02  1.06662344e-01 -4.62750858e-03
   1.90570967e-02 -3.01145538e-02 -4.51149284e-02  6.40343564e-02
  -6.33946652e-02 -3.18634609e-02 -4.62184525e-02  1.02452395e-01
  -3.17039018e-02  7.75634077e-02  2.09236460e-02 -4.26144354e-02
   1.51281780e-01  1.04521170e-01  1.27366150e-03 -5.49337017e-02
   7.12240832e-03 -3.82178472e-02]
 [ 1.99693441e-02 -4.38938437e-03  2.97207172e-02 -3.24442661e-02
   1.56143112e-01 -1.86666536e-03  9.69128314e-02  1.28267852e-01
  -2.73910890e-02  2.14552594e-02  9.28270807e-02  1.10425755e-01
   7.81591300e-02  2.35966992e-02  2.41913109e-02  1.31272984e-02
   3.05077562e-02  9.76783391e-02 -4.82002689e-02  3.75097954e-02
   1.14514075e-02 -4.23102644e-02  1.59351597e-01 -2.81055006e-02
  -1.49272075e-02 -5.59971094e-02 -6.25108933e-02  9.79200193e-02
  -6.42275508e-02 -9.86956155e-04 -3.08022305e-02  7.29844079e-02
   6.19127084e-03  1.37905998e-01  4.49906531e-02  1.84686595e-02
   1.07893085e-01  1.14962133e-01  1.77543406e-02  4.70967141e-02
  -4.18900389e-02  9.71481377e-03]
 [-2.27213472e-02 -4.38818406e-02 -1.67299645e-02 -2.69383746e-02
   1.13689894e-01 -1.43849546e-03  1.01299980e-01  1.39698769e-01
   4.57541129e-03 -4.01577384e-02  7.67816653e-02  6.47712066e-02
   1.65249696e-01  3.07458253e-02  2.59261432e-02  1.59065248e-02
  -1.16531178e-02  1.32670126e-01 -3.33929521e-04 -1.16172478e-02
   4.83758561e-02 -3.41887814e-02  1.56302289e-01  6.11318746e-03
   2.72010469e-02 -4.32123970e-02  7.68933633e-03  1.05091224e-01
  -1.31790895e-03 -5.26816934e-02 -2.58407954e-03  6.17199011e-02
  -2.88102645e-02  1.52097617e-01  1.29691527e-02  4.21662698e-02
   1.51971742e-01  1.42289263e-01  6.08798064e-04 -1.91965791e-02
   1.67782145e-02  1.91945205e-02]]