[[-0.03379133 -0.01740787 -0.01733942 -0.02918069]
 [ 0.00476287  0.07341097 -0.00733487  0.02678902]
 [ 0.04614954  0.13335414  0.07971542  0.02917905]
 [ 0.00825957  0.03598779 -0.02208106 -0.03862646]
 [ 0.0221632   0.00199088 -0.00498254  0.11215891]
 [ 0.00753185  0.11451572  0.05909525 -0.01029912]
 [ 0.02217464 -0.02658365  0.01425725 -0.0004474 ]
 [-0.01666758 -0.02276431  0.01883873  0.10490554]
 [ 0.00411653  0.06751206  0.10661108 -0.01988206]
 [ 0.04629682  0.06691236  0.0263516   0.01738476]
 [ 0.00563159 -0.03476908 -0.01608767  0.0635139 ]
 [ 0.05735344 -0.00836249  0.01278507  0.03586082]
 [ 0.03177576  0.00222647 -0.00042971  0.07043442]
 [ 0.0307315   0.03784454  0.07501739 -0.05024901]
 [ 0.00707695  0.05326621  0.00253831  0.02323355]
 [ 0.03978655  0.1081572   0.07906376 -0.0628974 ]
 [ 0.03062796  0.04949232  0.07486157 -0.03475481]
 [ 0.04611957  0.02591969  0.03708764  0.07823203]
 [ 0.01898966  0.08528299  0.10002161 -0.05846087]
 [ 0.02754319  0.05870659  0.03160199 -0.01638685]
 [ 0.02199147  0.00501504  0.04307171 -0.00629982]
 [ 0.0881501   0.00500537  0.04493394  0.04996372]
 [ 0.0492239   0.00183435  0.05582211  0.09726758]
 [ 0.03945021 -0.00322904 -0.00751058 -0.0540392 ]
 [ 0.02051924 -0.01112288  0.03804181 -0.04727721]
 [ 0.0055278   0.10957435  0.07577619 -0.00974826]
 [ 0.01864135  0.09689825  0.03325108 -0.02679268]
 [ 0.01682313  0.01641455  0.01646614  0.03497758]
 [ 0.03112813  0.0907618   0.03111363 -0.05562411]
 [-0.02106444  0.10057718  0.01642616 -0.03004464]
 [ 0.03733633  0.14260767  0.11960593 -0.01828206]
 [ 0.04859948 -0.03249727  0.02474945  0.10626916]
 [ 0.05466642  0.04580331  0.02206371 -0.01450696]
 [ 0.00392845  0.00587099  0.02662301  0.07830591]
 [-0.02740855 -0.02078501 -0.01692712 -0.03301308]
 [ 0.00417838  0.08823179  0.07181598  0.01140971]
 [ 0.0492996   0.02430802  0.01045387  0.06247595]
 [ 0.0391423   0.00721116  0.04455601  0.13250492]
 [-0.02348489  0.01209201  0.01286154 -0.0350629 ]
 [-0.02434685  0.04493969  0.05802056  0.00141618]
 [ 0.02190009  0.0187493   0.02167838 -0.02512928]
 [ 0.02986166  0.09007275  0.031605   -0.04908042]]