[[ 0.18941779  0.79674118  0.211578    0.2425703   0.18511771  0.47795507
   1.02753309  0.70137563  0.86595141  0.35204211  0.29375913  0.01367757
   0.19732386  0.05415554  0.1487115   0.67283503  0.90010334  0.82195287
   0.58592421  0.18363536  0.65015312  0.28587854  0.94740734  0.65004702
   0.58699401  0.29272459  0.64470297  1.1352576   0.47274855  0.16031221
   0.02977623  0.19895167  0.21242627  0.23551355  0.25318056  0.18229813
   1.14852855  0.46664712  0.19997965  0.55547183  0.35794266  0.13448848
   0.18510681  0.83883553  0.1238169   0.61515779  0.90547596  0.44020992
   0.89067641  0.08846931  0.92610756  0.82310657  0.5266425   0.80952407
   0.14339188  0.14538616  0.19851001  1.09021662  0.28434124  0.6535186
   0.87090525  0.75116316  0.39539906  0.14318357  0.24204594  1.09914596
   0.06896737  0.17859757  0.18543522  0.81265328  0.36007839  0.29164317
   0.20384636  0.26775633  0.89386219  1.0576694   0.33514224  0.60097366
   0.07829977  0.34871697  0.57777204  0.17401715  0.85322412  0.43508862
   0.33797713  0.11366586  0.76437786  0.22681318  0.89139222  0.35188424
   0.31219357  0.75976796  0.32453601  0.17126091  0.28860829  1.01077896
  -0.073077    0.79733646  0.24877001  0.01709995  0.70322732  0.20599943
   0.72509677  0.9344513   0.20423552  0.06564846  0.89065923  0.82935545
   0.86039315  0.3670026   0.68918684  0.81602878  0.48119319 -0.0251141
   0.13448172  0.6659399   0.9424888   0.54067535  0.25406017  0.22045243]]