[[ 5.38397400e-01  1.87517444e-04  3.36655075e-01  3.83873240e-01
   8.57951143e-01  5.23593533e-01  8.82568517e-01  2.50901772e-01
   1.14467476e+00  2.56446437e-01 -2.30991927e-02  9.14020918e-01
   8.58660005e-01  7.69186785e-01  2.81701028e-01  1.13469652e+00
   3.96334483e-01  6.49838788e-01  4.13788290e-01 -1.88408105e-01
   4.25408199e-01 -4.20696496e-01  5.88499843e-01 -1.64165643e-01
   1.29342387e-01  1.62302812e-01  7.82038607e-01  1.40597446e-02
   4.79724570e-01  1.11949152e+00  6.15127402e-01  4.27856160e-01
   8.21353323e-01  5.75583205e-01  8.43446723e-01  6.34768451e-01
   6.83933162e-01  2.30933918e-01  5.25391221e-01  8.80274187e-01
  -3.72650336e-01  1.79257221e-01  5.03390882e-01  5.22253856e-01
   4.53930539e-01  2.85263783e-01  5.96850399e-01  5.24956943e-01
   3.48679047e-01  3.51219558e-01 -3.76339709e-01  1.93839041e-01
  -1.02014687e-01  7.61617531e-01  1.18495008e+00  5.75455474e-01
   5.79955071e-01  6.97982384e-01  2.07661449e-01  2.82002169e-01
   6.96755828e-01 -6.88471862e-02  4.90523608e-01  7.40145759e-01
   1.06825523e+00  8.65859970e-01  6.84682795e-01  7.59048572e-01
   3.80902644e-01  3.53815546e-01  5.54488723e-01  6.08215506e-01
   9.28892219e-02 -1.03734599e-01  2.06822400e-02  3.92977130e-01
  -1.63155240e-01  6.94052309e-01  7.68135145e-01  2.09778119e-01
   4.25095560e-01  6.98896875e-01 -1.70980893e-01  1.58467802e-01]]