[[[ 5.25247877e-07 -1.17309461e-07 -8.32403600e-08  3.45951020e-09
    7.02251103e-07  1.46479855e-06 -2.09512707e-07  3.67915399e-07
    1.68159693e-08 -7.46988709e-07 -2.20116628e-07 -1.18387590e-08
   -1.13580565e-07  2.40492071e-06  3.49685814e-07  1.47523701e-06
    2.26568522e-08 -2.83878528e-07  8.85195500e-08 -2.15361214e-06
    7.54254312e-07 -2.84973163e-06 -1.29229072e-08  7.26727977e-07
    1.14961676e-08 -3.47802711e-09  7.42433061e-07 -1.13503630e-07
   -1.10222041e-07  6.01210249e-07  1.02602300e-06 -3.47298998e-07
   -5.10458552e-07  4.75908372e-08 -7.93073807e-08  1.94227470e-07
   -3.48348158e-08  5.83931588e-08  1.81442992e-06 -3.38988337e-08
    1.57039034e-07  2.05166272e-07  1.79368503e-07  4.02556594e-07
    1.15035252e-07 -4.10166291e-07  9.08269367e-08 -7.83222877e-08
    3.17967729e-07  1.26970169e-07 -8.72558258e-07 -5.64615766e-07
    1.46601281e-06  1.51882405e-07  1.45529077e-06 -1.55506434e-09
   -3.25528405e-08  1.50869286e-06 -3.29712653e-09 -2.14591342e-08
    7.56555097e-07  1.33949933e-07 -1.63553102e-07  1.15504411e-07
    1.56353608e-06 -1.60369849e-07 -5.44176744e-08 -1.82524218e-07
    1.99614444e-07 -1.30247794e-07  6.91762489e-07 -1.43615703e-07
   -1.43638959e-07  8.44378809e-09  1.13365034e-08  1.80431183e-07
   -1.48862057e-08  7.81077888e-08  9.54045406e-09  6.66936946e-07
    3.65432300e-07  1.59195074e-07 -2.25718940e-06  6.67840142e-09]]

 [[ 1.77834350e-09  2.22241310e-09  2.74823694e-08  7.70034464e-09
    6.16427871e-09  6.15402285e-09  1.56633223e-08  1.17407487e-08
    6.97430471e-09  2.31803457e-08  2.83289361e-08  6.20045801e-09
    6.27532684e-09  3.72598259e-08  1.99491925e-08  1.87717539e-08
    4.11726879e-08  8.32876241e-08  2.42010105e-08  4.78986881e-08
    4.32840799e-09  4.46343049e-08  2.22089777e-09  8.44460078e-09
    1.58545720e-09  1.12633359e-08  1.20405446e-08  4.93961836e-08
    1.17459125e-07  2.59601810e-08  1.53031835e-08  3.35153766e-08
    7.37789915e-09  2.02259513e-09  8.85008534e-09  6.39057348e-09
    1.53281236e-09  1.60960555e-08  1.64088361e-08  3.27090511e-08
    9.82169741e-10  3.26218779e-09  3.67578303e-08  3.46843052e-08
    2.26405340e-08  1.15819716e-08  1.89548642e-08  5.33997315e-08
    1.89048661e-09  1.21153403e-08  7.34823847e-09  4.28120987e-08
    5.21395454e-09  5.91619399e-10  9.40719146e-09  1.37099251e-09
    4.57767329e-09  2.71028499e-08  1.50815892e-08  2.79077830e-08
    1.48776061e-08  8.88994170e-10  1.07206329e-08  7.24963886e-09
    2.75216963e-08  9.10107405e-09  3.99268831e-08  1.13835511e-08
    9.07379724e-09  2.45675612e-08  1.42827585e-08  2.01729720e-08
    1.29520339e-07  8.22721449e-09  3.81114883e-09  1.48763007e-08
    4.91041751e-09  2.01300771e-09  5.33413383e-09  3.77741331e-09
    6.43349579e-09  3.52050939e-08  3.24662354e-08  1.64778794e-09]]]