[[[[1.58864828e-05]]

  [[2.60573761e-05]]

  [[7.96813328e-06]]

  [[3.67288558e-05]]

  [[3.39002293e-05]]

  [[7.52848712e-06]]

  [[2.16232253e-05]]

  [[9.95909253e-06]]

  [[1.68436980e-05]]

  [[2.09302279e-05]]

  [[4.27485310e-05]]

  [[9.48286246e-06]]

  [[9.84914830e-06]]

  [[1.53303550e-05]]

  [[1.70626050e-05]]

  [[3.53372629e-05]]]


 [[[1.00967258e-05]]

  [[8.19593949e-06]]

  [[3.87008239e-06]]

  [[1.46866423e-06]]

  [[2.06790079e-05]]

  [[1.15385802e-05]]

  [[1.09138362e-05]]

  [[7.10632506e-06]]

  [[8.18224781e-06]]

  [[9.56829634e-06]]

  [[1.07555198e-05]]

  [[6.94800139e-06]]

  [[5.69964546e-06]]

  [[8.41548223e-06]]

  [[7.83525769e-06]]

  [[1.16290397e-05]]]]