[[[-3.08002629e-07 -1.59528311e-06 -7.59756143e-08 -1.46298582e-07
    2.05237581e-07 -1.53177794e-08 -1.02994950e-06 -4.42386528e-07
    1.56206543e-07  1.84927985e-07 -1.92528132e-07  1.45406561e-06
    2.07360900e-06 -1.19367783e-07  9.81318530e-09 -4.62362495e-09
   -8.04509720e-08 -6.54161175e-07 -3.01001077e-06 -2.91217104e-06
   -4.35341324e-06 -4.92125003e-07 -1.26741305e-06 -1.60937173e-06
    4.29179765e-07  5.29334624e-08 -2.54219088e-07  5.44321921e-07
   -1.17956026e-07 -3.15920068e-07 -1.38472849e-08 -2.92754931e-06
    1.12823272e-07  1.52160026e-07 -2.28214195e-07 -8.02935358e-08
    2.23908134e-07 -5.05002494e-07 -2.55189726e-08 -1.17665615e-06
    5.39660799e-07  2.36617624e-06 -1.24615303e-07 -3.54047711e-07
    2.15950813e-07 -8.29986100e-07 -2.57520175e-08 -2.51641191e-07
   -9.97398443e-09  2.88765042e-06 -2.05543196e-06  1.24916093e-07
    4.02161502e-07 -5.65245324e-08 -5.20796170e-08  7.62534455e-08
   -8.33449041e-08 -7.96792086e-08  1.55381649e-07 -3.69643387e-07
    7.46575607e-09 -6.12167676e-07  1.14771445e-08  1.11189945e-07
    1.20451743e-07 -2.07462495e-06  5.63823242e-07  8.55216102e-07
   -3.84279553e-07 -1.23251079e-08  6.50564309e-07  5.13161982e-07
    2.81835663e-07 -1.12195116e-07  1.07328003e-07  2.40033562e-07
   -3.75423591e-08  1.78185040e-08 -2.69182588e-07 -1.35278522e-09
   -3.82274977e-06  7.66929603e-07 -3.67255558e-08  1.34489581e-06
    1.05592051e-07  8.70997506e-07 -2.98929265e-08 -9.87107361e-07
   -2.18783342e-07 -4.84118206e-07 -7.59342403e-09 -1.33022700e-08
    6.68574852e-08 -1.19614749e-06 -3.10393975e-06 -5.09392804e-06
   -9.71391431e-08 -5.28166060e-07 -3.54370666e-08  1.04012173e-07
   -1.91958224e-06  1.92721500e-07  4.70546368e-07 -9.00132796e-08
   -3.13048766e-08 -2.67754006e-07  1.81222626e-07 -9.25322697e-07
   -2.88078725e-07 -1.87481810e-07 -9.37282406e-07  1.53690936e-10
   -9.49114902e-09 -2.16103377e-08 -3.53047317e-09 -1.80189586e-06
   -1.15371698e-08  1.28022579e-06  8.12185591e-09 -1.20103682e-06]]

 [[ 1.53462516e-08  1.02684139e-09  2.17662268e-09  4.75169722e-09
    1.74806535e-09  4.95018656e-09  6.62339431e-09  1.15264039e-08
    1.57556761e-08  1.63235354e-07  4.45476727e-08  6.58688688e-09
    1.42991629e-07  3.29415457e-09  1.06143074e-09  1.06076568e-10
    1.03906348e-09  1.74426857e-09  3.46049331e-09  4.77609940e-08
    1.04753046e-07  2.78630281e-08  1.33559051e-08  6.01659587e-09
    4.21773352e-08  7.08261406e-08  8.04515028e-10  1.52304755e-07
    5.35766322e-10  1.71833379e-08  1.62984202e-09  4.30477173e-07
    6.72158380e-08  2.70489397e-09  3.70695643e-10  1.40837108e-09
    2.93242109e-09  5.89022897e-08  2.95135751e-08  4.12498651e-08
    1.94125028e-08  6.43491177e-08  3.95918017e-08  8.21847237e-09
    6.05817300e-08  1.64780781e-08  3.21475600e-09  1.19634314e-08
    6.35550389e-09  7.00736571e-09  8.39674858e-09  2.38096857e-08
    4.05056040e-08  1.02117863e-07  2.07438137e-09  1.18858761e-09
    8.46928993e-10  3.38493614e-08  4.71649500e-08  1.68777173e-09
    3.73804647e-09  4.06440486e-08  1.43944808e-08  3.84263906e-07
    1.10516147e-07  2.46540420e-08  1.69799505e-09  1.41108112e-08
    4.98243567e-09  4.01847881e-09  4.99581249e-08  6.83424355e-08
    1.21179014e-08  2.45844553e-09  3.00723997e-07  5.42009222e-08
    3.33276470e-08  7.14620261e-10  5.51787377e-07  3.62322483e-10
    6.33966708e-08  7.65962156e-09  2.29342823e-08  1.07251083e-07
    4.98340313e-09  1.19112045e-07  2.40677259e-09  6.41562537e-08
    1.37662394e-08  1.68717660e-08  2.67262393e-10  2.48673681e-09
    2.64053480e-08  5.34764541e-07  1.60801863e-09  4.42947219e-08
    5.08798035e-09  8.02534932e-09  8.83596866e-09  8.27190340e-09
    2.54003428e-09  4.00244525e-10  6.54345484e-08  6.16965375e-09
    1.77917647e-08  1.90052444e-09  2.43804242e-08  7.68989475e-09
    8.64453878e-09  4.21797534e-09  3.20968519e-09  3.18488076e-09
    5.77091763e-09  6.64973939e-08  1.94904523e-11  8.72012587e-08
    1.18144919e-08  1.00049602e-07  3.92950812e-09  5.17622974e-07]]]