[[[ 3.16558312e-08 -7.81648305e-07  2.44725138e-06  6.24375614e-07
    1.70175663e-07 -9.98780842e-09 -1.65525179e-07  7.06315565e-10
    1.38667526e-08  5.26411627e-10]
  [ 4.27575519e-07 -1.40168848e-06  3.34717000e-06  1.06494482e-06
   -2.80790962e-06  1.65678293e-09 -6.80809142e-09 -1.56923545e-07
    2.51012002e-08  8.92929358e-08]
  [ 5.97825933e-08 -1.40646167e-06  5.26623085e-06  1.07857543e-06
   -2.07502883e-06  9.00136198e-09 -2.86044618e-07  2.11335587e-08
    1.83407121e-08  2.06716670e-09]
  [ 5.74246900e-08 -1.41281226e-06  5.40475655e-06  1.09361668e-06
   -2.67894733e-06 -1.56557482e-09 -2.85603456e-07  2.63113309e-08
    2.30066716e-08  3.11478250e-09]
  [ 4.81446137e-07 -1.98523193e-08  2.07296166e-06  2.75220236e-08
   -6.29818426e-07  7.44939413e-09 -2.85609361e-07 -1.71464940e-07
   -6.17982834e-09  9.04643350e-08]
  [ 4.74589747e-07 -1.92741630e-08  2.06965526e-06  4.15056753e-08
   -6.11072033e-07 -2.94012762e-09 -2.81919340e-07 -1.68786882e-07
   -1.48825752e-09  8.90928725e-08]
  [ 4.18587962e-07 -1.41257257e-06  3.71182355e-06  1.07188233e-06
   -2.20171179e-08  1.83534212e-09  7.47666378e-11 -1.79014699e-07
    2.40738248e-08  8.87049006e-08]
  [ 5.65978125e-08 -3.61255529e-08  5.74533013e-07  5.25695849e-08
    1.84510775e-07  6.36878369e-10 -2.67400754e-07 -1.80877069e-09
    1.94819817e-10  1.37888884e-09]
  [ 4.30654290e-07 -1.99302949e-09  5.21031264e-08 -7.64942392e-09
    2.50136602e-09 -3.92240674e-10 -1.35637670e-08 -1.82275833e-07
    3.47804229e-10  8.96444549e-08]
  [ 6.60751187e-08 -5.24494283e-07  1.58570315e-06  3.13185655e-07
   -2.12146670e-06  2.67917155e-09 -2.86243979e-07  1.85839430e-08
    3.09160219e-09  1.27593996e-09]
  [ 7.31777513e-08 -1.39643237e-06  5.18538132e-06  1.06833518e-06
   -2.02992217e-06  8.68488884e-09 -2.86059614e-07  1.51207203e-08
    1.84883127e-08  4.81227454e-09]
  [ 4.35780419e-07 -1.08849260e-07  2.50181598e-07  6.10337328e-08
   -2.96322050e-06  1.52224676e-09 -1.22434920e-08 -1.58262613e-07
    3.40478214e-10  9.04165104e-08]
  [ 1.23932044e-07 -8.40916253e-09  6.77996608e-07  1.43196431e-08
   -2.41750243e-06 -8.61446092e-09 -2.72596399e-07  2.13691000e-09
    5.12026825e-09  7.56215060e-09]
  [ 3.26562833e-07 -5.68834803e-07  1.51904074e-06  4.03639325e-07
    1.71251516e-09 -2.70538370e-09 -1.20213778e-08 -1.48034232e-07
    2.83912530e-09  7.76353883e-08]
  [ 5.67452919e-08 -5.88809813e-07  1.53978058e-06  2.97120746e-07
   -2.62116434e-06 -8.36904487e-09 -2.62654003e-07  2.43882005e-08
    5.85228753e-09  9.72726679e-10]
  [ 4.29147275e-07 -5.32390296e-09  6.22354129e-08  1.23470683e-08
   -1.18565774e-06 -1.05029981e-08  5.91295345e-10 -1.72581440e-07
    4.92145422e-09  9.03466679e-08]
  [ 4.88508437e-07 -6.49606401e-09  2.00813311e-06  2.84024364e-08
   -2.67941596e-06 -2.04000808e-09 -2.85639105e-07 -1.56472071e-07
   -2.53822676e-09  9.20745055e-08]
  [ 4.33398920e-07 -1.37092913e-06  4.56551067e-06  1.03701237e-06
   -2.98135706e-06 -3.05067030e-09  5.62534353e-10 -1.57230148e-07
    2.12260544e-08  9.20898974e-08]
  [ 1.19614396e-09 -1.41213960e-06  3.56546549e-06  1.07134654e-06
    1.14084145e-08  8.87295832e-10 -8.22408367e-09  2.81915433e-10
    2.54256310e-08  1.14880942e-10]
  [ 4.88716321e-07 -1.14608633e-06  4.41438834e-06  8.71711333e-07
   -2.67959294e-06 -3.13078796e-09 -2.85529993e-07 -1.56609058e-07
    2.32084615e-08  9.21432457e-08]
  [ 4.79871002e-07 -3.09851761e-08  2.10198842e-06  4.57127687e-08
   -5.24294535e-07 -1.67969966e-09 -2.84771488e-07 -1.71674491e-07
   -2.05467666e-09  9.01447030e-08]
  [ 4.88831974e-07 -1.01697077e-06  3.69618232e-06  7.40129056e-07
   -2.67950251e-06 -4.59172579e-09 -2.85712425e-07 -1.56645496e-07
    2.31546280e-08  9.21360396e-08]
  [ 6.60511593e-08 -1.41290294e-06  5.38271348e-06  1.09360311e-06
   -2.68002458e-06 -1.70810408e-09 -2.84667666e-07  2.25048480e-08
    2.29994458e-08  4.94943904e-09]
  [ 5.91331662e-08 -6.08990311e-08  2.14504073e-06  6.81328196e-08
   -7.61970997e-08 -3.39297263e-09 -2.82306820e-07  2.98935734e-09
    2.34842318e-09  2.78894662e-09]
  [ 4.32982454e-07 -1.40567690e-06  4.69755990e-06  1.08444928e-06
   -2.97758243e-06 -2.70284472e-09 -2.44912525e-10 -1.57012686e-07
    2.21765773e-08  9.20638843e-08]
  [ 4.68271595e-07 -2.03270284e-09  5.20515447e-07  1.47388744e-09
   -2.83424737e-06  3.41516768e-09 -1.89151880e-07 -1.56910274e-07
   -1.82539179e-09  9.19402058e-08]
  [ 4.83634191e-07 -2.89423898e-08  2.08082034e-06  3.54811172e-08
   -7.98265498e-07  6.63608876e-09 -2.85597183e-07 -1.70867795e-07
   -5.05847697e-09  9.08711619e-08]
  [ 4.25177488e-07 -1.37284494e-06  3.30063716e-06  1.04703154e-06
   -2.49899531e-08  1.86204296e-10  7.00064768e-12 -1.80859839e-07
    2.59324622e-08  8.90244277e-08]
  [ 4.33138645e-07 -1.39987539e-06  4.67945549e-06  1.06862403e-06
   -2.98174354e-06 -3.06220315e-09  1.08385111e-09 -1.57182213e-07
    2.25517106e-08  9.20904708e-08]
  [ 4.81959247e-07 -4.19335780e-07  1.37923212e-06  2.40812807e-07
   -2.51112773e-06 -3.54954997e-09 -2.86144721e-07 -1.55441056e-07
    4.28977080e-09  8.85637659e-08]
  [ 4.29199390e-07 -6.24480970e-09  1.15013797e-07  1.18709930e-08
   -7.37139258e-07 -1.03549052e-08  5.03339648e-10 -1.76282668e-07
    4.53392739e-09  9.05205981e-08]
  [ 7.99838844e-08 -1.39854480e-06  5.23534679e-06  1.07336318e-06
   -2.02158521e-06  8.91838552e-09 -2.85958942e-07  1.18339583e-08
    1.83779739e-08  6.56417738e-09]
  [ 4.31374316e-07 -5.56705513e-07  1.96084394e-06  4.52116374e-07
   -2.73672424e-06  1.49490096e-09 -2.07566848e-07 -1.36736460e-07
    6.85259741e-09  7.88460206e-08]
  [ 4.43885426e-07 -4.74310026e-11  1.84492328e-07  1.77987260e-08
   -5.48108974e-07 -1.03743339e-08 -1.02744880e-07 -1.74100562e-07
    4.73962317e-09  8.79590108e-08]
  [ 4.37656015e-07 -8.64239304e-08  2.59760979e-07  5.89748605e-08
   -2.95775352e-06  1.40031154e-09 -2.31260266e-08 -1.58088391e-07
    5.01371777e-10  9.03514039e-08]
  [ 5.57258449e-08 -1.04272726e-06  3.55552115e-06  8.95877804e-07
    2.99125547e-07  1.92027451e-09 -2.82295618e-07  7.48149467e-10
    2.43254086e-08  1.08601728e-10]
  [-1.65488721e-09 -1.22666995e-06  4.33870855e-06  9.48828509e-07
   -5.04064041e-10  4.20979934e-09  2.89478900e-10  1.26169476e-09
    1.74736894e-08  1.77674515e-09]
  [ 2.13692342e-07 -1.35708069e-09  6.78093594e-07  2.13618009e-08
   -2.49450802e-06 -8.64022577e-09 -2.83662784e-07 -2.28038905e-08
    5.03114663e-09  1.47725345e-08]
  [ 1.65681243e-08 -4.28484058e-07  2.13133940e-06  3.10127099e-07
   -7.95791902e-09 -5.14533236e-09 -8.39686163e-09 -8.93635824e-09
    1.17057688e-09  7.88391545e-09]
  [ 4.29071956e-07 -1.39497487e-06  3.34595788e-06  1.06134181e-06
   -2.30213394e-08  2.43298328e-10  1.80904210e-11 -1.82270649e-07
    2.59909696e-08  8.96049655e-08]
  [ 5.32444583e-08 -1.41095823e-06  5.38881157e-06  1.09728638e-06
    2.32312455e-07 -3.19207111e-09 -2.77323422e-07  2.61292099e-09
    2.30021987e-08  1.78862734e-09]
  [ 1.25487811e-07 -2.06916813e-10  6.68479224e-07  2.10016389e-08
   -2.30487138e-06 -8.71518015e-09 -2.81336188e-07  2.21322854e-09
    4.99505524e-09  6.57193730e-09]
  [ 6.97894592e-08 -4.60307884e-08  8.33267118e-07  6.00400072e-08
    3.00549260e-07  1.49296730e-09 -2.86853491e-07 -3.37346514e-09
    7.68430674e-10  1.33250540e-09]
  [ 4.81257819e-07 -4.93003868e-08  1.52080412e-06  4.01766078e-08
   -2.64994478e-06  6.81962568e-09 -2.86042799e-07 -1.53847037e-07
   -4.07105636e-09  9.05237844e-08]
  [ 5.95190026e-08 -1.40533201e-06  4.27107931e-06  1.08045576e-06
   -2.48088401e-06 -1.22695055e-09 -2.86106166e-07  2.39878993e-08
    2.66761571e-08  7.09929655e-10]
  [ 4.33249960e-07 -1.09753577e-06  3.58820575e-06  7.39408984e-07
   -2.98084991e-06 -3.16714417e-09 -1.68511949e-10 -1.57199577e-07
    9.76987173e-09  9.20309829e-08]
  [ 4.29049427e-07 -1.21825338e-08  6.55816210e-08 -1.17643747e-09
   -5.51952584e-08 -1.18909936e-09  5.19158419e-11 -1.81706998e-07
    5.42470479e-10  8.92880182e-08]
  [ 4.88003517e-07 -1.14724902e-08  2.06136218e-06  1.59840706e-08
   -2.68047287e-06 -1.69597672e-09 -2.84610390e-07 -1.56248226e-07
   -2.23496632e-09  9.19601004e-08]
  [ 4.24756146e-07 -1.40519798e-06  4.73154391e-06  1.08889450e-06
   -1.19306711e-07 -4.31991156e-09  4.44726602e-10 -1.79567166e-07
    2.29500914e-08  9.13268494e-08]
  [-6.49160729e-11 -1.40982123e-06  3.55162210e-06  1.07038014e-06
    2.35937330e-10  1.15837665e-09 -3.31768559e-11  3.17022166e-10
    2.47671830e-08  9.40700721e-11]
  [ 4.19681953e-07 -8.59956085e-07  2.67325606e-06  7.98075139e-07
   -2.53253168e-08  9.28329684e-10  3.92773166e-11 -1.78591786e-07
    2.30573745e-08  8.97367443e-08]
  [ 4.88607460e-07  1.15862945e-10  1.31896674e-06  2.12164143e-08
   -2.67945211e-06 -5.27370635e-09 -2.85819616e-07 -1.56612405e-07
    1.15935805e-09  9.20601233e-08]
  [ 8.98094258e-08 -1.41032867e-06  4.96817185e-06  1.09211875e-06
   -1.11300789e-06 -3.31442100e-09 -2.39058306e-08 -4.33698846e-08
    2.29784213e-08  3.70658741e-08]
  [ 4.25714260e-07 -1.40833251e-06  4.73525673e-06  1.07913657e-06
   -6.02520342e-08 -3.32312416e-11 -1.70003174e-09 -1.80223787e-07
    2.14368158e-08  9.12660517e-08]
  [-5.98739084e-11 -4.09338516e-07  1.24471835e-06  3.08833482e-07
    2.91189990e-09 -9.76247609e-09 -5.65150975e-09 -1.09238826e-10
    5.36035948e-09  9.08461552e-10]
  [ 5.95866143e-08 -1.41290291e-06  5.38192346e-06  1.09357617e-06
   -2.67735837e-06 -1.69626054e-09 -2.83844830e-07  2.65040492e-08
    2.29941555e-08  2.35523894e-09]
  [ 4.79924877e-07 -1.41022929e-06  3.98930169e-06  1.07518827e-06
   -2.67086116e-06  3.02006540e-09 -2.75897429e-07 -1.53969081e-07
    2.60726709e-08  8.84441366e-08]
  [ 4.27879600e-07 -5.49352517e-07  1.65776952e-06  4.96187735e-07
    2.06207684e-08 -2.14071220e-09 -4.27564477e-08 -1.79296342e-07
    5.35122078e-09  8.86727722e-08]
  [ 6.35996090e-08 -1.41098325e-06  5.36245722e-06  1.10385768e-06
   -2.67587354e-06 -1.59135483e-09 -2.85555075e-07  2.42360910e-08
    2.29154556e-08  3.61682388e-09]
  [ 3.58333811e-07 -4.47452201e-09  6.52619528e-07  2.24417769e-08
   -2.68817067e-06 -6.96418523e-09 -2.75396110e-07 -8.97303900e-08
    4.27386062e-09  5.11699386e-08]
  [ 4.84187493e-07 -3.53864664e-08  2.08619000e-06  4.11892975e-08
   -9.27114407e-07  6.32678008e-09 -2.85652193e-07 -1.69979438e-07
   -4.45211930e-09  9.09945715e-08]
  [ 5.33777166e-08 -1.41278326e-06  5.39694366e-06  1.09356036e-06
    2.38122206e-07 -3.13502400e-09 -2.78198576e-07  2.65905817e-09
    2.30045402e-08  1.78425637e-09]
  [ 4.39905505e-07 -5.76255871e-08  3.80610837e-07  5.67028685e-08
   -2.90621127e-06 -9.48811340e-09 -9.01979422e-08 -1.52037065e-07
    5.77071518e-09  8.69381141e-08]
  [ 4.31481205e-07 -6.63424986e-09  8.41963623e-08  1.45283618e-08
    2.33556479e-08  1.21681862e-10 -3.82870650e-08 -1.80947898e-07
    7.49956727e-11  8.91124962e-08]
  [ 2.54546511e-08 -3.10942720e-07  1.39401275e-06  3.77049242e-07
    6.52140548e-08  4.75381173e-10 -1.04406152e-07 -2.42676000e-09
    3.27114047e-09  1.80756843e-09]
  [ 2.10969659e-07 -1.41147796e-06  3.41436308e-06  1.07161386e-06
    7.34557637e-10  3.79413710e-11 -1.36117644e-09 -9.97841613e-08
    2.58287349e-08  5.39459721e-08]
  [ 4.26209650e-07 -1.39452475e-06  3.34155852e-06  1.06023570e-06
   -1.53774290e-08  2.25185970e-10  1.13936022e-11 -1.81409572e-07
    2.60013659e-08  8.92793043e-08]
  [ 5.96769113e-08 -1.41162068e-06  4.47707091e-06  1.09196189e-06
   -2.46023980e-06 -6.31948997e-09 -2.85446095e-07  2.39071251e-08
    2.83108451e-08  8.29701648e-10]
  [ 4.28063183e-07 -1.11302841e-06  3.95464238e-06  8.91091885e-07
   -1.88490134e-06  6.77190712e-09  1.65333073e-10 -1.65233611e-07
    1.67979229e-08  9.12798763e-08]
  [ 3.51970718e-07 -1.39758503e-06  3.32271198e-06  1.07073427e-06
    2.18825335e-09  4.68817887e-11 -3.71252861e-09 -1.53085112e-07
    2.48911492e-08  7.69171228e-08]
  [ 4.84360545e-07 -4.79304165e-08  2.11310593e-06  5.00923227e-08
   -1.44257138e-06  6.21449631e-09 -2.85939244e-07 -1.65613088e-07
   -4.05654588e-09  9.11166123e-08]
  [ 4.50772491e-07 -1.42567990e-09  3.97226848e-07  1.14230336e-09
   -2.90904166e-06  3.16738550e-09 -9.92707272e-08 -1.57004626e-07
   -1.69035699e-09  9.19400159e-08]
  [ 4.32629985e-07 -1.39676469e-06  4.66619649e-06  1.06477267e-06
   -2.98158103e-06 -3.06322094e-09  8.92374496e-10 -1.57016496e-07
    2.23862053e-08  9.20387923e-08]
  [-8.90471879e-11 -1.41214560e-06  4.69192591e-06  1.07299317e-06
    1.46289910e-10  6.08604221e-09  2.25438648e-10  7.44753556e-10
    1.85678741e-08  8.02082164e-10]
  [ 4.08951281e-07 -1.62255449e-10  6.78542348e-07  1.49574070e-09
   -2.64207502e-06  2.73372408e-09 -2.86211411e-07 -1.08649989e-07
    1.01309308e-10  5.92670861e-08]
  [ 5.75758216e-08 -1.41184105e-06  4.71379787e-06  1.09178482e-06
   -2.21409717e-06 -5.27933158e-09 -2.74635658e-07  2.17008451e-08
    2.68242393e-08  8.03619796e-10]
  [ 4.24156059e-07 -2.09012808e-10  6.78586489e-07  1.03728657e-09
   -2.60889700e-06  2.81849525e-09 -2.86186886e-07 -1.18374551e-07
    8.50045330e-11  6.52443733e-08]
  [ 3.12312752e-07 -1.40527457e-06  4.73168488e-06  1.06915938e-06
   -2.04880035e-08  6.85801332e-09 -2.37553708e-09 -1.46512077e-07
    1.80570303e-08  8.11386400e-08]
  [ 4.34199852e-07 -1.53124185e-08  4.77959457e-08  5.01051898e-09
   -2.97357242e-06 -9.31813869e-10 -4.73175376e-09 -1.58166506e-07
    8.20515827e-10  9.04874775e-08]
  [ 2.26124728e-07 -1.40697936e-06  4.74106018e-06  1.09029850e-06
   -2.49681505e-07 -4.33740443e-09 -1.18982656e-10 -1.18382619e-07
    2.29414244e-08  7.32481021e-08]
  [ 5.83151673e-08 -1.93023425e-07  1.18647768e-06  1.75199851e-07
    2.66215362e-07 -9.88465727e-09 -2.84706303e-07  2.49731591e-10
    6.89934914e-09  6.71289326e-10]
  [ 4.80597131e-07 -2.42447782e-07  1.03257921e-06  1.30835856e-07
   -2.34473759e-06  2.67953962e-09 -2.86310084e-07 -1.54859375e-07
    4.71158417e-10  8.67766743e-08]
  [ 9.33408102e-08 -6.19321717e-07  3.34942410e-06  4.70767466e-07
   -2.68007325e-06  3.63830352e-10 -2.83605694e-07  1.33441644e-08
    1.68440320e-08  7.91227699e-09]
  [ 4.32729011e-07 -1.40834479e-06  4.70853300e-06  1.08729845e-06
   -2.97807105e-06 -2.73044137e-09  1.76878653e-10 -1.56963807e-07
    2.24482265e-08  9.20577167e-08]]

 [[ 5.90885304e-09  3.26590129e-11  8.88087218e-08  5.91665629e-08
    1.52176359e-11  6.35557687e-09  3.51048730e-10  1.00141838e-10
    1.26343204e-09  8.84144827e-11]
  [ 7.76935424e-12  1.62994144e-08  2.03056774e-07  3.09250460e-09
    5.10665685e-09  1.53891690e-11  7.12809963e-12  1.91405474e-08
    2.84870900e-10  7.53864102e-08]
  [ 2.70266839e-12  1.66457159e-08  3.44085055e-07  4.31902264e-08
    3.25925559e-09  6.39226105e-10  3.41348625e-10  1.53029381e-09
    8.01946333e-09  3.19377627e-08]
  [ 6.32048851e-09  1.67013545e-08  4.28536078e-07  1.53023229e-07
    5.13483940e-09  9.21270761e-09  4.28121320e-10  6.74466677e-09
    1.02860628e-08  8.16064514e-08]
  [ 4.91978138e-09  2.68957671e-10  2.91249587e-07  1.04213231e-07
    2.06919920e-11  8.85423212e-10  2.91642402e-10  6.86959237e-09
    3.79887508e-09  7.64402860e-09]
  [ 6.34885118e-09  2.28693791e-10  3.01406809e-07  4.89012743e-08
    3.79561094e-12  8.12797542e-09  4.13476626e-10  1.84683877e-09
    5.16582331e-09  3.90264747e-09]
  [ 2.14205780e-09  1.65267711e-08  2.92810850e-07  1.10112878e-07
    7.61920630e-10  3.71703085e-09  2.71366893e-12  1.84400851e-08
    7.88985070e-09  2.75844808e-08]
  [ 1.93500113e-09  4.70978048e-13  1.60310103e-07  8.95177842e-08
    3.60591700e-09  5.89800552e-11  1.03114443e-10  1.90456617e-11
    1.67920487e-10  5.60280500e-08]
  [ 2.77960985e-09  1.96939764e-13  1.72478010e-08  1.59526449e-09
    1.32598701e-13  1.56244223e-10  4.10299216e-11  3.49667204e-09
    1.08960118e-09  2.20989654e-10]
  [ 1.59701387e-12  1.27655297e-08  1.68508926e-07  4.32267469e-09
    2.88765620e-09  9.28268542e-11  9.26134844e-11  9.39654587e-10
    3.30081248e-11  2.39507486e-08]
  [ 5.50838532e-12  1.66011075e-08  3.73843904e-07  5.36956878e-08
    3.49945209e-09  4.75720285e-10  3.32557948e-10  2.69123808e-09
    8.41652997e-09  3.90602241e-08]
  [ 7.59111950e-11  1.62798532e-08  1.09796029e-07  1.88670518e-08
    5.02497340e-09  4.87691476e-10  1.01908886e-12  2.12713767e-08
    6.41877599e-11  7.85443637e-08]
  [ 3.88280153e-09  1.34289150e-12  9.48026073e-09  9.89489943e-10
    5.72068566e-10  1.87112579e-09  3.72230214e-10  3.27428148e-11
    1.06000734e-09  3.98881440e-09]
  [ 7.43224994e-10  7.61598891e-09  2.54742295e-07  1.41481422e-07
    2.43268591e-10  9.30098201e-10  2.50019809e-11  1.17946436e-08
    1.57307569e-09  1.41283354e-08]
  [ 1.01254619e-10  1.14403111e-08  1.96273930e-07  3.50834514e-08
    2.98706641e-09  4.44118781e-09  3.25279595e-10  1.67421355e-09
    1.13424937e-09  2.43750114e-08]
  [ 6.16024552e-09  1.66829679e-11  7.85326581e-08  1.06753959e-08
    5.01309445e-10  7.18855297e-09  2.74854328e-11  1.90795592e-08
    1.88247538e-09  1.57849064e-08]
  [ 6.30532302e-09  2.77320250e-09  4.26663458e-07  4.48049615e-08
    5.14265926e-09  6.26613284e-09  4.26712089e-10  2.03734529e-08
    3.18571527e-09  8.26605611e-08]
  [ 1.09473407e-09  1.66688332e-08  1.50302440e-07  9.92961201e-08
    4.80591953e-09  8.33391193e-09  1.14636908e-10  2.20386081e-08
    9.83770942e-09  7.88049473e-08]
  [ 3.09165257e-12  1.62760069e-08  1.18494934e-07  1.21125109e-07
    5.42814195e-10  3.24112287e-10  2.00636821e-11  9.22246831e-10
    3.51634810e-09  1.01024631e-08]
  [ 5.27920112e-09  1.63090451e-08  2.14038826e-07  2.96010912e-10
    4.54737886e-09  2.89542401e-09  4.12583608e-10  1.02743814e-08
    9.08557642e-09  6.11741129e-08]
  [ 6.26861442e-09  2.03798840e-10  3.14576117e-07  9.04020964e-08
    4.03368644e-12  3.25138942e-09  3.76559348e-10  3.43431469e-09
    4.34309589e-09  9.33366520e-09]
  [ 4.51671615e-09  1.63148155e-08  2.12458765e-07  1.84489465e-10
    4.91453826e-09  2.63063314e-09  3.99954158e-10  1.16829404e-08
    8.77266705e-09  6.52909373e-08]
  [ 1.46469095e-09  1.67124283e-08  4.71563910e-07  1.54196628e-07
    5.13837105e-09  9.02954010e-09  3.65522010e-10  2.21573349e-08
    1.08662096e-08  8.26046828e-08]
  [ 6.25362428e-09  4.45890856e-10  9.37016488e-08  3.10642407e-09
    1.91601081e-12  5.59128963e-09  4.13091074e-10  1.93577163e-10
    9.09295082e-09  2.69235204e-11]
  [ 8.56541008e-10  1.66763210e-08  4.42591267e-07  1.54035033e-07
    5.06868327e-09  8.47209509e-09  1.36770884e-10  2.22087656e-08
    8.92137745e-09  8.21172434e-08]
  [ 1.90765320e-10  4.61160382e-09  7.04715931e-08  1.39316701e-09
    4.43413859e-09  1.12820704e-10  2.90781337e-11  1.96576781e-08
    3.82249521e-10  7.27302246e-08]
  [ 4.96195028e-09  3.16164911e-10  2.69652937e-07  7.46714821e-08
    9.56360026e-12  7.08643819e-10  3.08248159e-10  3.94419247e-09
    3.69224477e-09  6.33383004e-09]
  [ 6.78141265e-11  1.58923937e-08  5.02263391e-08  1.93332687e-09
    6.43732075e-10  3.85647040e-10  3.19349846e-14  1.45826712e-08
    2.19167766e-09  1.39964914e-08]
  [ 2.76125667e-09  1.66949727e-08  1.66897114e-07  9.26278284e-08
    3.80768310e-09  8.41902484e-09  1.27523185e-10  2.21138170e-08
    1.04112158e-08  6.83264343e-08]
  [ 2.24719713e-10  1.34788750e-08  3.80773134e-07  6.42568914e-08
    2.46275932e-09  3.91170325e-10  2.86112796e-10  6.89543534e-09
    1.24073639e-09  2.39445269e-08]
  [ 6.15794919e-09  2.19153625e-11  9.73035712e-08  2.15830545e-08
    3.90899462e-10  7.44627539e-09  6.90296192e-12  1.97741181e-08
    2.15980364e-09  1.56040340e-08]
  [ 7.43115769e-12  1.65166494e-08  3.79430158e-07  3.15313474e-08
    4.58868457e-09  3.88561560e-10  2.64696133e-10  3.11138547e-09
    7.86145905e-09  6.29377425e-08]
  [ 7.14432120e-11  1.57864690e-08  5.67867271e-08  8.26935844e-09
    4.29009806e-09  1.53993022e-10  2.39786226e-11  1.28735039e-08
    1.16583859e-11  5.32883765e-08]
  [ 4.72478558e-09  4.80743854e-16  7.18781194e-10  6.00053635e-10
    4.50650157e-11  8.73830302e-10  1.34653493e-10  5.02904401e-11
    5.02143221e-10  6.04871432e-10]
  [ 6.96879511e-11  1.62660385e-08  8.37466163e-08  4.55597678e-09
    4.79131155e-09  4.61994816e-10  8.14968309e-13  2.10159827e-08
    5.59335480e-11  7.36000424e-08]
  [ 3.14472137e-10  4.21607833e-10  1.95975892e-07  4.71251957e-10
    1.74073362e-12  3.85701054e-10  1.57976997e-10  1.22049365e-11
    1.17305279e-09  2.07689852e-12]
  [ 5.05324008e-09  9.21573096e-10  1.84139368e-08  1.27539845e-07
    4.09571990e-14  7.02781243e-09  4.56550178e-11  5.67695437e-10
    8.17847019e-09  1.87711829e-10]
  [ 2.64190016e-09  1.27103255e-13  9.61151066e-09  3.50613624e-10
    3.20157447e-10  1.12495582e-09  3.92896183e-10  2.21604356e-11
    1.63688038e-09  2.24327298e-09]
  [ 5.60843976e-09  7.17162190e-11  1.09465984e-07  1.50943894e-07
    2.91310660e-11  7.45638694e-09  1.58658573e-10  7.07296003e-10
    1.88189179e-09  3.66643290e-09]
  [ 1.29313694e-09  1.58965071e-08  1.17408958e-07  2.64052732e-08
    6.18966579e-10  1.47260936e-09  2.93815518e-14  1.60632931e-08
    5.15897313e-09  2.01312264e-08]
  [ 6.28147949e-09  1.30274865e-09  2.32102082e-07  1.05429656e-07
    4.09547338e-12  8.75591436e-09  4.26822876e-10  5.81946533e-10
    1.09159262e-08  5.80605363e-11]
  [ 6.74935717e-10  1.21900768e-14  6.04905952e-09  1.47866273e-10
    6.76950122e-11  9.14818262e-10  3.87953423e-10  7.10205978e-12
    1.62807093e-09  3.49394128e-10]
  [ 7.15961486e-10  3.02530073e-12  1.93793240e-07  2.51546511e-09
    3.47867853e-09  3.70463633e-10  1.66295687e-10  2.29058665e-11
    1.34318044e-10  3.92864364e-08]
  [ 2.09191317e-10  1.21631703e-08  3.37301239e-07  7.01664631e-08
    4.86611650e-09  4.75358259e-10  2.97951105e-10  1.28614688e-08
    9.91457916e-10  7.29302093e-08]
  [ 4.96928132e-12  1.64938256e-08  2.88726622e-07  1.09081465e-08
    2.54461053e-09  7.71835821e-10  3.54118501e-10  6.52949109e-10
    7.21030421e-09  1.85389438e-08]
  [ 3.98791943e-10  1.67072491e-08  2.34915862e-07  1.27423570e-07
    4.82773542e-09  8.40831890e-09  1.56621039e-10  2.20783028e-08
    9.38138542e-09  7.93100691e-08]
  [ 1.40338783e-09  1.56206142e-10  1.06248881e-08  2.98807055e-08
    1.81198055e-13  4.47678178e-09  5.18271695e-13  1.61704482e-08
    6.09587308e-10  1.91105181e-09]
  [ 6.28450219e-09  8.57892427e-10  9.37269378e-08  2.56088420e-08
    1.03417297e-09  9.17944662e-09  3.97382972e-10  1.57185540e-08
    5.12823656e-09  1.99547051e-08]
  [ 6.33958555e-09  1.02623752e-08  2.66210291e-07  1.51362446e-07
    3.38547344e-09  8.91085320e-09  2.78997669e-10  1.77306796e-08
    1.08971001e-08  7.12946884e-08]
  [ 2.36445193e-11  1.06666668e-08  5.07570101e-08  1.29697002e-07
    1.92684816e-11  4.20865510e-10  1.46183363e-11  2.75648328e-10
    3.27375152e-09  1.59482356e-09]
  [ 1.35964877e-10  1.96636987e-09  1.19002909e-07  1.33997340e-10
    2.05809691e-09  2.73887252e-11  4.59861391e-14  4.39560402e-09
    3.43831367e-09  3.71733199e-08]
  [ 5.48644973e-09  4.41369944e-11  2.58532321e-08  1.44511092e-09
    4.98059898e-09  3.89599504e-09  3.72308596e-10  1.36570515e-08
    2.05844611e-09  6.59391302e-08]
  [ 6.34709061e-09  1.43502939e-08  3.86994074e-07  1.48442244e-07
    2.03149293e-09  9.21390255e-09  4.11212970e-10  6.47493780e-09
    1.08678144e-08  4.96026693e-08]
  [ 6.27347177e-09  1.60523570e-08  3.86121034e-07  1.52979918e-07
    3.80961623e-09  8.08916850e-09  5.92629457e-11  1.89594258e-08
    9.52360079e-09  7.35336955e-08]
  [ 5.56882456e-09  6.73622128e-12  5.92116321e-08  1.27119771e-07
    1.21746335e-11  6.94365515e-09  1.55389243e-10  1.55112226e-10
    8.35020898e-10  8.05996376e-10]
  [ 3.00373169e-09  1.67124272e-08  4.70679543e-07  1.54163335e-07
    5.13745672e-09  9.05130715e-09  3.67004729e-10  2.17890413e-08
    1.08559303e-08  8.25714892e-08]
  [ 3.74608263e-11  1.63447793e-08  4.21333429e-07  2.62584116e-09
    5.12339250e-09  2.87541796e-11  3.83159647e-11  1.64021877e-08
    2.06587113e-09  6.98999864e-08]
  [ 3.18047052e-09  3.44771990e-09  2.13461672e-07  1.37182519e-07
    3.59023992e-12  7.71115092e-10  2.80995734e-11  5.44660348e-09
    1.63345695e-09  1.18845735e-09]
  [ 8.56567570e-10  1.63689574e-08  4.17806013e-07  3.11961914e-08
    5.13745784e-09  3.46564812e-09  3.70792803e-10  3.65171500e-09
    9.12595122e-09  7.91070009e-08]
  [ 6.65296737e-11  1.17710173e-11  2.39011438e-08  4.79906433e-10
    5.03054717e-09  1.41369607e-09  2.23434667e-10  6.95510887e-09
    9.51305727e-10  5.82544461e-08]
  [ 4.90132646e-09  3.91610611e-10  2.65517005e-07  6.72259627e-08
    1.03146278e-11  6.75620777e-10  3.21008177e-10  3.36698687e-09
    3.62417565e-09  5.85401464e-09]
  [ 6.27599558e-09  5.95649651e-09  2.82675212e-07  1.51306443e-07
    7.93769509e-12  9.12851704e-09  4.27396815e-10  7.80266625e-10
    1.09846996e-08  2.13946535e-10]
  [ 1.79005084e-09  3.05393487e-09  3.13513005e-08  3.25682497e-09
    4.16910777e-09  5.13880101e-09  1.24946261e-10  7.55973272e-09
    1.96715150e-10  5.28889754e-08]
  [ 6.31129452e-10  2.71374396e-13  8.75484104e-08  3.13185140e-09
    1.32568310e-12  3.48983111e-11  2.69881376e-11  2.14799900e-10
    4.65968102e-10  3.81792081e-11]
  [ 5.15455528e-09  4.60774853e-11  1.34786275e-07  1.42551617e-07
    7.41427570e-10  2.22617644e-09  4.51529171e-11  8.37786107e-11
    1.31782218e-10  2.14302139e-08]
  [ 1.05329053e-10  1.55178823e-08  3.48044524e-07  1.05784427e-07
    1.33818048e-10  7.93888117e-11  1.50764899e-11  4.27783235e-09
    2.72724108e-09  2.59338996e-09]
  [ 8.50214201e-10  1.57916101e-08  1.07866257e-07  2.47551789e-08
    7.96702464e-10  1.39182631e-09  1.57927270e-14  1.63311635e-08
    5.11723690e-09  2.24132956e-08]
  [ 4.42342116e-11  1.63706629e-08  2.87412138e-07  2.99887158e-08
    2.91469342e-09  1.32409598e-09  3.77273168e-10  5.31268618e-10
    8.36754633e-09  2.43528204e-08]
  [ 2.45122132e-10  1.47131819e-08  1.58369386e-07  9.49895601e-10
    2.35084802e-10  8.55270008e-10  2.30629197e-12  1.17045009e-08
    5.64977646e-09  1.48774454e-08]
  [ 1.96661316e-11  1.27691090e-08  2.51623563e-07  1.04819718e-08
    3.06706346e-10  3.59165836e-13  9.19761881e-12  1.55608079e-09
    1.59665025e-09  4.01605493e-09]
  [ 4.45084887e-09  8.56762703e-10  2.84325114e-07  8.20390825e-08
    3.37636768e-11  6.79985145e-10  3.48299522e-10  4.06526025e-09
    3.55623980e-09  6.97138258e-09]
  [ 2.06411476e-10  3.95837116e-09  5.72070511e-08  3.56966873e-10
    4.63351719e-09  3.14390621e-10  1.68899062e-11  2.06173720e-08
    3.91341871e-10  7.38206526e-08]
  [ 2.31172770e-09  1.66922761e-08  1.70061047e-07  9.46388494e-08
    4.34721050e-09  8.42550501e-09  1.36508980e-10  2.21117701e-08
    1.03662945e-08  7.39363528e-08]
  [ 1.45759521e-09  1.03578705e-08  5.71281099e-08  1.45210176e-07
    1.40396463e-11  3.51437085e-09  1.51489389e-11  4.47219403e-10
    7.50092284e-09  1.02515108e-09]
  [ 3.69654668e-11  9.21041410e-13  1.13205790e-09  2.59171896e-13
    1.62956161e-10  2.83101573e-10  1.95752389e-10  9.51772533e-12
    1.18138934e-11  8.22889491e-10]
  [ 1.81315726e-10  1.64194820e-08  2.89665694e-07  8.39899225e-08
    3.42025015e-09  3.25482120e-09  3.56924318e-10  7.56450536e-10
    7.84945628e-09  3.71731649e-08]
  [ 3.57611094e-11  1.40679905e-12  1.49393796e-09  2.28824307e-13
    2.42409173e-10  2.47247663e-10  1.83348849e-10  1.16720710e-11
    8.71633869e-12  1.28706200e-09]
  [ 5.95530656e-09  1.59849253e-08  3.09958921e-07  1.49575327e-07
    8.63804646e-10  6.36248524e-09  1.12333409e-11  1.23359963e-08
    7.94803222e-09  3.51548564e-08]
  [ 1.05235248e-10  1.54617662e-08  7.40623539e-08  2.03003796e-08
    5.03995155e-09  1.75431369e-09  1.17434115e-12  2.06748944e-08
    8.33576431e-11  7.89306064e-08]
  [ 6.34403349e-09  1.01850986e-08  2.44507156e-07  1.51372048e-07
    3.00735126e-09  9.16445337e-09  3.62263889e-10  1.23040840e-08
    1.08863152e-08  6.54169000e-08]
  [ 5.37808863e-09  3.42841258e-12  1.22726365e-07  3.58515887e-08
    4.03953478e-10  2.14109416e-09  4.07264300e-10  2.74813688e-11
    1.01203530e-09  2.85907465e-09]
  [ 5.05729723e-11  1.20643774e-08  3.37805209e-07  2.41526837e-08
    3.38459523e-09  2.35772855e-11  6.41410009e-11  5.99031588e-09
    5.38031349e-10  3.56631755e-08]
  [ 2.06990278e-09  6.25592835e-09  1.32322481e-08  8.43526195e-10
    4.44430218e-09  3.33739080e-09  3.05238587e-10  5.84415894e-10
    8.62904183e-09  5.34175891e-08]
  [ 8.95017498e-10  1.66907372e-08  4.48964132e-07  1.54093603e-07
    5.05604172e-09  8.51721514e-09  1.65060510e-10  2.22070745e-08
    9.19973746e-09  8.20056275e-08]]]