[[[[[-8.85216439e-03  1.47833446e-03  1.21767126e-02  2.22857815e-02
      2.36468808e-02]
    [-1.09751547e-02  1.43315944e-03  1.44543540e-02  2.33859299e-02
      2.23084052e-02]
    [-1.44072041e-02 -2.37409230e-03  1.08111055e-02  1.84794558e-02
      1.60849756e-02]
    [-1.84151834e-02 -5.85413851e-03  6.96411043e-03  1.10516679e-02
      4.36321966e-03]
    [-2.13096484e-02 -6.59143157e-03  5.22298414e-03  4.49868291e-03
     -8.85979807e-03]]]


  [[[ 2.74587544e-02  1.92838162e-02  2.15166858e-02  2.93315628e-02
      3.22624063e-02]
    [ 2.91548995e-02  2.35240715e-02  2.60638854e-02  3.22241505e-02
      3.44816269e-02]
    [ 2.76968263e-02  2.14519171e-02  2.61398280e-02  3.47381813e-02
      3.53970950e-02]
    [ 1.96728655e-02  1.14351820e-02  1.95017188e-02  3.23351014e-02
      3.29677153e-02]
    [ 1.27769741e-02  8.01800279e-03  1.89738580e-02  3.20593261e-02
      3.24899960e-02]]]


  [[[-5.73698257e-03  4.40069057e-03  1.99705726e-02  2.54604861e-02
      2.05079864e-02]
    [-9.91196608e-03  1.94341371e-03  1.72005234e-02  2.38156452e-02
      2.08354023e-02]
    [-1.05164964e-02  1.14565420e-03  1.46630307e-02  2.17061585e-02
      2.02576776e-02]
    [-1.03626045e-02  4.28752363e-03  1.72873578e-02  1.99434368e-02
      1.63824006e-02]
    [-4.84748649e-03  1.15225266e-02  1.81711430e-02  1.55418916e-02
      1.09084166e-02]]]


  [[[ 1.65026279e-02  2.19777364e-02  2.94347855e-02  3.07525675e-02
      2.69469192e-02]
    [ 1.87125223e-02  2.72291977e-02  3.29240368e-02  3.00619651e-02
      2.20263029e-02]
    [ 1.87845528e-02  2.77825755e-02  3.37574110e-02  2.94652455e-02
      1.68493110e-02]
    [ 2.10933741e-02  2.86327593e-02  3.04648985e-02  2.32192441e-02
      8.23218627e-03]
    [ 2.00118270e-02  2.70205118e-02  2.52786829e-02  1.45469355e-02
     -1.40517041e-03]]]


  [[[ 1.88156038e-02  2.94030612e-02  2.98600364e-02  2.64133842e-02
      3.04358253e-02]
    [ 2.16506657e-02  2.97177131e-02  2.86104445e-02  2.43183117e-02
      2.62377091e-02]
    [ 2.11520997e-02  2.72985138e-02  2.76511903e-02  2.40556525e-02
      2.48642215e-02]
    [ 1.91144557e-02  2.43386379e-02  2.45231784e-02  2.43287907e-02
      2.59418338e-02]
    [ 2.19320760e-02  2.54967600e-02  2.17660213e-02  2.41441058e-02
      2.48817840e-02]]]


  [[[ 2.74913162e-02  1.32412916e-02  4.12973548e-03  6.62257106e-03
      1.92465539e-02]
    [ 2.97872709e-02  1.83671544e-02  1.07100910e-02  1.21473510e-02
      2.18449524e-02]
    [ 2.78923051e-02  1.58271270e-02  1.13973590e-02  1.64046951e-02
      2.30952405e-02]
    [ 1.99124421e-02  6.13724360e-03  5.63951472e-03  1.43855871e-02
      2.11661700e-02]
    [ 1.33940014e-02  2.88443591e-03  4.24847287e-03  1.27011681e-02
      2.14809652e-02]]]]



 [[[[ 2.51217110e+01  1.07590298e+01  6.39334400e+00  8.28018399e+00
      1.44162763e+01]
    [ 1.15943129e+01  4.05166798e+00  6.06771717e+00  1.70497384e+01
      2.61373700e+01]
    [ 1.72477271e+01  1.92821975e+01  2.74459425e+01  3.67210988e+01
      3.52801699e+01]
    [ 4.76579814e+01  5.61891619e+01  5.82060475e+01  5.37844622e+01
      4.51617585e+01]
    [ 5.63955551e+01  5.53657474e+01  5.76773314e+01  5.76762064e+01
      5.34675584e+01]]]


  [[[ 2.22375260e+01  4.48861950e+01  7.84994728e+01  9.23658544e+01
      9.18631934e+01]
    [ 3.85018973e+01  7.30689909e+01  9.88486286e+01  9.54029297e+01
      7.06633237e+01]
    [ 4.14737127e+01  5.53136057e+01  5.87055575e+01  5.39829901e+01
      4.05332205e+01]
    [ 3.00926016e+01  2.47033468e+01  2.33949236e+01  2.68621337e+01
      2.62266132e+01]
    [ 1.48006915e+01  1.11498810e+01  1.60001442e+01  2.36376948e+01
      2.52147052e+01]]]


  [[[ 4.78407957e+00  1.30793564e+01  2.07601362e+01  2.03578575e+01
      1.86186177e+01]
    [ 1.27819845e+01  2.06344484e+01  3.55524281e+01  4.00727653e+01
      4.34228497e+01]
    [ 1.35946803e+01  1.42814088e+01  1.72831694e+01  1.76461971e+01
      1.88207262e+01]
    [ 1.85274218e+01  1.20117750e+01  1.01869005e+01  1.16064009e+01
      7.27930693e+00]
    [ 1.02793560e+01  2.42810075e+00  8.49704201e+00  1.38060716e+01
      7.66603278e+00]]]


  [[[ 5.89810007e+00  7.87492220e+00  1.11128358e+01  1.05940816e+01
      8.71139593e+00]
    [ 6.99829918e+00  8.23849786e+00  1.17028825e+01  1.15263187e+01
      1.04332288e+01]
    [ 7.75328530e+00  9.63244523e+00  1.25493264e+01  1.05295384e+01
      7.49779742e+00]
    [ 5.52665680e+00  7.42196655e+00  1.10986296e+01  1.03192567e+01
      6.38309851e+00]
    [ 7.18837600e+00  8.14518236e+00  1.08278664e+01  1.30244092e+01
      1.17508461e+01]]]


  [[[ 1.60588398e+01  2.46275838e+01  2.90826378e+01  3.61961393e+01
      3.13574360e+01]
    [ 4.93554323e+01  5.70041222e+01  5.99124456e+01  5.31041803e+01
      3.14712305e+01]
    [ 6.63043214e+01  6.40891481e+01  5.82639882e+01  5.13111253e+01
      2.93239106e+01]
    [ 7.48161319e+01  7.28661240e+01  6.58907088e+01  4.78577559e+01
      2.90962666e+01]
    [ 6.83225290e+01  4.10319598e+01  2.74556149e+01  1.57257885e+01
      1.32495103e+01]]]


  [[[ 1.66117287e+01  3.48702596e+01  6.17524722e+01  7.78696537e+01
      8.66506695e+01]
    [ 2.82125478e+01  6.05744053e+01  8.65400164e+01  9.04809125e+01
      7.14477559e+01]
    [ 3.28390204e+01  4.64182382e+01  5.04672372e+01  4.89578805e+01
      3.96482691e+01]
    [ 2.26738887e+01  1.96358325e+01  1.92172380e+01  2.57312737e+01
      3.10780680e+01]
    [ 1.19945621e+01  1.10905087e+01  1.55193801e+01  2.56201366e+01
      3.36013794e+01]]]]]