[[[[[ 7.22457948e-06  8.28196183e-06  3.36057132e-06  6.00534562e-06
      1.84375014e-05]
    [ 7.16907527e-06  6.84825646e-06  2.65367424e-07  4.39164769e-06
      1.89550205e-05]
    [ 6.86717970e-06  4.45145831e-06 -2.10171922e-07  7.21670216e-06
      2.02402589e-05]
    [ 3.81031318e-06  1.98252177e-06  1.12410061e-06  1.15139136e-05
      1.88892318e-05]
    [ 3.16205721e-06  1.25102690e-06  4.22918970e-06  1.46594227e-05
      1.63531899e-05]]

   [[-1.48084664e-07  4.18898367e-06  3.00917407e-06  4.52104188e-06
      1.27153429e-05]
    [ 4.51009716e-07  7.25681842e-06  7.47904274e-06  7.75443690e-06
      1.25886550e-05]
    [ 1.89738880e-06  9.14597241e-06  1.08501456e-05  1.19026542e-05
      1.25769284e-05]
    [ 5.47712322e-06  9.77052104e-06  1.14426597e-05  1.23777720e-05
      9.79167162e-06]
    [ 1.02187329e-05  1.12771768e-05  1.17989384e-05  1.19430150e-05
      6.78812010e-06]]

   [[ 9.25953146e-06  1.11723926e-05  1.90376849e-06  3.77535854e-07
      1.15047820e-05]
    [ 8.06498770e-06  8.06956370e-06  8.07016399e-07  2.61285049e-06
      1.14262812e-05]
    [ 5.83901956e-06  3.92818767e-06 -5.65458770e-07  5.40175198e-06
      1.01478987e-05]
    [ 7.73617371e-06  2.59525954e-06  1.97240347e-06  1.06339328e-05
      8.63606949e-06]
    [ 1.07941613e-05  2.34010074e-06  5.51758020e-06  1.41092695e-05
      7.60866246e-06]]

   [[ 7.77155682e-06  7.70544124e-06  2.42781459e-07 -6.42510023e-06
      4.39703312e-06]
    [ 5.97257675e-06  6.46236458e-06 -1.36248376e-06 -4.79278624e-06
      8.00591887e-06]
    [ 4.42740844e-06  3.81126701e-06 -3.52517406e-06 -1.68083817e-06
      1.24284319e-05]
    [ 3.95049116e-06  1.48570901e-07 -4.00028603e-06  3.50313320e-06
      1.69832083e-05]
    [ 3.11787794e-06 -2.83131755e-06 -1.75698479e-06  9.24987902e-06
      1.84126929e-05]]

   [[ 7.66920720e-06  8.14665366e-06  3.71211184e-06  6.84041819e-06
      1.00787585e-05]
    [ 6.83361414e-06  7.32623350e-06  5.16828306e-06  1.10673544e-05
      9.10100860e-06]
    [ 6.67080563e-06  6.59833728e-06  7.07686606e-06  1.32931334e-05
      6.62365094e-06]
    [ 9.65485306e-06  8.28469345e-06  1.20399458e-05  1.40076208e-05
      3.62597380e-06]
    [ 1.21250525e-05  9.33481824e-06  1.46953919e-05  1.32534885e-05
      1.06636556e-06]]

   [[-7.76485133e-07  3.37386953e-06  2.47862791e-06  6.18888355e-06
      1.42901076e-05]
    [-6.69288056e-08  6.11595035e-06  6.67066364e-06  8.41409380e-06
      1.29751653e-05]
    [ 2.11502242e-06  8.50962342e-06  1.04722356e-05  1.11641196e-05
      1.15899807e-05]
    [ 7.02784081e-06  1.10928660e-05  1.17156463e-05  1.14499361e-05
      8.48651456e-06]
    [ 1.14475406e-05  1.30763747e-05  1.22144178e-05  1.05384726e-05
      5.18583634e-06]]]


  [[[ 1.82513651e-05  1.67472461e-05  1.16533786e-05  8.88120067e-06
      1.03711802e-05]
    [ 1.57803962e-05  1.30075605e-05  7.50944749e-06  5.60298700e-06
      1.14984545e-05]
    [ 1.52833201e-05  1.05865152e-05  5.03083475e-06  5.80990559e-06
      1.52930718e-05]
    [ 1.11588392e-05  7.17730393e-06  4.34392137e-06  9.49193894e-06
      1.79915549e-05]
    [ 8.03339282e-06  5.62882776e-06  7.20046131e-06  1.43175768e-05
      1.84420034e-05]]

   [[ 5.60555956e-06  4.81929643e-06  3.99033696e-06  6.75236753e-06
      1.17661748e-05]
    [ 7.45922993e-06  7.02402080e-06  5.12730366e-06  7.32875067e-06
      1.26166061e-05]
    [ 7.23017689e-06  7.78745849e-06  7.99611524e-06  1.04635197e-05
      1.34007098e-05]
    [ 8.46068701e-06  8.86365425e-06  1.07331503e-05  1.25677813e-05
      1.27747051e-05]
    [ 1.29001763e-05  1.32343167e-05  1.34906322e-05  1.37558043e-05
      1.14872312e-05]]

   [[ 1.62200267e-05  1.57785094e-05  9.83695244e-06  6.90077557e-06
      1.09580769e-05]
    [ 1.59778107e-05  1.42733493e-05  8.04188485e-06  5.58835092e-06
      1.26252451e-05]
    [ 1.20517314e-05  1.00080146e-05  6.76872635e-06  8.11961000e-06
      1.42993405e-05]
    [ 1.13054267e-05  8.80659829e-06  1.03779258e-05  1.53376020e-05
      1.60965987e-05]
    [ 1.51967038e-05  1.27160093e-05  1.55016486e-05  1.92192710e-05
      1.56600978e-05]]

   [[ 1.72134280e-05  1.75594419e-05  1.20839705e-05  4.63034389e-06
      3.81501774e-06]
    [ 1.70745074e-05  1.68587266e-05  8.99816807e-06  9.65569205e-07
      3.54522961e-06]
    [ 1.69892424e-05  1.59263194e-05  6.40849332e-06  8.22768418e-08
      6.93753690e-06]
    [ 1.60183187e-05  1.12232933e-05  4.07467700e-06  2.60937881e-06
      1.20059329e-05]
    [ 1.26619799e-05  6.15682514e-06  3.59033412e-06  8.74528911e-06
      1.63025865e-05]]

   [[ 9.91718608e-06  7.51841198e-06  6.87956321e-06  9.04933972e-06
      1.26672390e-05]
    [ 1.06830695e-05  9.70601820e-06  8.03638985e-06  1.09670158e-05
      1.53833140e-05]
    [ 8.86603382e-06  1.02839066e-05  1.08793760e-05  1.48183995e-05
      1.60308844e-05]
    [ 1.08327313e-05  1.20354538e-05  1.59031349e-05  1.90528353e-05
      1.51254069e-05]
    [ 1.57938691e-05  1.64749593e-05  1.91842292e-05  1.93732735e-05
      1.36859995e-05]]

   [[ 3.97786645e-06  3.93698508e-06  4.14709919e-06  7.50334110e-06
      1.20948548e-05]
    [ 6.26712818e-06  6.26286664e-06  5.43109592e-06  8.26626120e-06
      1.26022063e-05]
    [ 6.67329761e-06  7.54607128e-06  8.17603985e-06  1.01412682e-05
      1.25995954e-05]
    [ 8.74303502e-06  1.03267229e-05  1.12763619e-05  1.22286224e-05
      1.19223640e-05]
    [ 1.36913163e-05  1.40982794e-05  1.31603159e-05  1.33044125e-05
      1.10618646e-05]]]


  [[[ 6.49729067e-06  4.42571262e-06 -7.11127791e-07 -1.92377604e-06
      2.45445485e-06]
    [ 4.50232579e-06  2.51111398e-06 -4.01751495e-06 -6.09417855e-06
      2.07377558e-06]
    [ 2.94951906e-06  6.32059094e-07 -5.45004469e-06 -4.91447221e-06
      7.59362626e-06]
    [-3.98245328e-07 -3.33013040e-06 -5.80451880e-06  1.17729579e-06
      1.17696840e-05]
    [-3.04737770e-06 -5.86491987e-06 -2.64100859e-06  7.93547440e-06
      1.28283312e-05]]

   [[-2.00475626e-06 -2.70355329e-06 -3.23225213e-06  5.49491601e-07
      8.02114007e-06]
    [-9.38521161e-07  5.88375351e-07  4.04206453e-07  4.09734885e-06
      1.11847638e-05]
    [-2.88024862e-07  2.67497146e-06  5.38929869e-06  8.58356895e-06
      1.07738446e-05]
    [ 1.88773453e-06  6.21752004e-06  1.04592491e-05  1.04695445e-05
      8.12171039e-06]
    [ 9.15379266e-06  1.36456577e-05  1.38023529e-05  1.20353971e-05
      8.19375804e-06]]

   [[ 6.46771567e-06  6.25895734e-06  1.20524119e-06 -2.62346859e-06
      2.71540561e-06]
    [ 5.12322294e-06  6.26102075e-06  2.07696624e-07 -4.43621872e-06
      3.81183631e-06]
    [ 4.61860831e-06  3.93709392e-06 -2.54315066e-06 -1.25658635e-06
      6.22036697e-06]
    [ 5.96721566e-06  3.44645749e-06  1.25664009e-06  6.85744019e-06
      7.85222128e-06]
    [ 8.08999272e-06  7.79575293e-06  8.98675025e-06  1.15727305e-05
      8.48320145e-06]]

   [[ 9.07830077e-06  7.13619857e-06  3.53661800e-07 -8.01920493e-06
     -6.03525390e-06]
    [ 8.46601002e-06  5.47993826e-06 -3.56336187e-06 -1.03292311e-05
     -5.47911525e-06]
    [ 5.91216345e-06  2.39208006e-06 -7.11921773e-06 -1.04837915e-05
     -1.16620433e-06]
    [ 2.14459103e-06 -1.58553036e-06 -7.80773360e-06 -6.58706509e-06
      5.48536064e-06]
    [-7.44997217e-07 -4.03811759e-06 -6.65938167e-06 -5.01023675e-07
      1.06608616e-05]]

   [[ 2.29269068e-06  2.29688582e-06  9.10495362e-07  9.99716178e-07
      6.57008983e-06]
    [ 2.29084720e-06  3.24799730e-06  8.29035978e-07  4.62187883e-06
      9.35707924e-06]
    [ 3.51570054e-06  3.57925092e-06  2.86534756e-06  9.61065350e-06
      8.48711086e-06]
    [ 5.62293523e-06  6.91149314e-06  1.01657497e-05  1.24046899e-05
      6.15800891e-06]
    [ 1.02099245e-05  1.29596399e-05  1.45898539e-05  1.25746486e-05
      6.30195881e-06]]

   [[-2.99179692e-06 -3.32246259e-06 -3.16555075e-06  2.42105899e-06
      9.51617852e-06]
    [-2.42552665e-06 -1.26302191e-06  1.11073507e-06  6.51042332e-06
      1.17359016e-05]
    [-1.31786191e-06  2.46206028e-06  6.80534201e-06  9.67126209e-06
      1.06926952e-05]
    [ 3.63253817e-06  9.36015029e-06  1.18331882e-05  1.09359739e-05
      8.24500055e-06]
    [ 1.15065036e-05  1.54708259e-05  1.40779727e-05  1.15771767e-05
      7.25569449e-06]]]


  [[[ 2.46689177e-05  1.98687779e-05  1.52221514e-05  1.66580756e-05
      2.11848151e-05]
    [ 2.28327000e-05  1.74670886e-05  1.39254188e-05  1.48441279e-05
      2.02703230e-05]
    [ 2.07075155e-05  1.45644618e-05  1.32670092e-05  1.55504863e-05
      2.07685597e-05]
    [ 1.50882547e-05  1.17415541e-05  1.30236390e-05  1.78631779e-05
      2.16478104e-05]
    [ 1.27014221e-05  1.36256443e-05  1.53410543e-05  1.90028062e-05
      2.08916662e-05]]

   [[ 9.98072257e-06  8.19437784e-06  8.22551542e-06  1.19292298e-05
      1.50418801e-05]
    [ 9.39563929e-06  8.96563391e-06  1.00197550e-05  1.20870841e-05
      1.40764260e-05]
    [ 8.43608781e-06  9.10982283e-06  1.21432223e-05  1.45805799e-05
      1.54948180e-05]
    [ 1.29102487e-05  1.27106947e-05  1.38923968e-05  1.48484951e-05
      1.46507007e-05]
    [ 1.93838020e-05  1.85817852e-05  1.61827903e-05  1.39142112e-05
      1.23356854e-05]]

   [[ 2.18907750e-05  1.79929606e-05  1.39712060e-05  1.38493407e-05
      1.73339978e-05]
    [ 2.01171659e-05  1.59231096e-05  1.42861331e-05  1.44130338e-05
      1.76199323e-05]
    [ 1.53922362e-05  1.31169244e-05  1.46710721e-05  1.63873449e-05
      1.85378686e-05]
    [ 1.75062515e-05  1.68032781e-05  1.72262107e-05  1.84136437e-05
      1.87592383e-05]
    [ 2.38327257e-05  2.25847765e-05  1.95986881e-05  1.86474618e-05
      1.73973410e-05]]

   [[ 2.48797548e-05  2.07300098e-05  1.46116203e-05  1.05157135e-05
      1.32315805e-05]
    [ 2.42945551e-05  1.96489208e-05  1.31951244e-05  1.02289299e-05
      1.45795045e-05]
    [ 2.30079344e-05  1.76936541e-05  1.14033201e-05  1.08819406e-05
      1.68141434e-05]
    [ 2.11261773e-05  1.42852207e-05  1.00599070e-05  1.22582644e-05
      1.90212097e-05]
    [ 1.79912237e-05  1.24309633e-05  1.12099490e-05  1.52627980e-05
      2.00516534e-05]]

   [[ 1.48952832e-05  1.19614796e-05  1.39979974e-05  1.65639962e-05
      1.67395770e-05]
    [ 1.26217962e-05  1.34878924e-05  1.55884266e-05  1.72888788e-05
      1.77460847e-05]
    [ 1.00161626e-05  1.43005807e-05  1.77244759e-05  1.90829128e-05
      1.88596348e-05]
    [ 1.60142956e-05  1.83466025e-05  2.00986182e-05  2.05752938e-05
      1.83738964e-05]
    [ 2.36734514e-05  2.31214024e-05  2.10963328e-05  1.95734712e-05
      1.61808288e-05]]

   [[ 8.05154666e-06  7.20028974e-06  8.00983052e-06  1.20079955e-05
      1.46678096e-05]
    [ 7.73588398e-06  7.85332528e-06  9.38223799e-06  1.19113954e-05
      1.37469983e-05]
    [ 7.50486928e-06  8.56337131e-06  1.16874608e-05  1.39563293e-05
      1.48311217e-05]
    [ 1.27679985e-05  1.34200918e-05  1.43336431e-05  1.46849811e-05
      1.40550324e-05]
    [ 1.94915242e-05  1.88787896e-05  1.62067889e-05  1.39667431e-05
      1.22691102e-05]]]


  [[[ 1.96360584e-05  1.66536996e-05  1.45134111e-05  1.71872295e-05
      2.36388644e-05]
    [ 1.78671038e-05  1.62412438e-05  1.40663218e-05  1.55448667e-05
      2.27068011e-05]
    [ 1.62498614e-05  1.50257595e-05  1.32918863e-05  1.61756031e-05
      2.41083560e-05]
    [ 1.45998027e-05  1.36679121e-05  1.32261684e-05  1.96535835e-05
      2.56181584e-05]
    [ 1.41589567e-05  1.28315754e-05  1.48490324e-05  2.28275530e-05
      2.48820354e-05]]

   [[ 9.61085651e-06  1.06970426e-05  1.09017713e-05  1.23919544e-05
      1.51711789e-05]
    [ 9.11495141e-06  1.22847587e-05  1.27600129e-05  1.29058571e-05
      1.52516175e-05]
    [ 9.60983037e-06  1.32047778e-05  1.50228793e-05  1.56081143e-05
      1.67888035e-05]
    [ 1.29381394e-05  1.44880695e-05  1.59639666e-05  1.62481998e-05
      1.56190884e-05]
    [ 1.62299079e-05  1.71835931e-05  1.68217477e-05  1.59726201e-05
      1.32796980e-05]]

   [[ 1.67754641e-05  1.68590026e-05  1.38192164e-05  1.24987564e-05
      1.81354389e-05]
    [ 1.57266398e-05  1.70417525e-05  1.40447174e-05  1.29389929e-05
      1.94236124e-05]
    [ 1.50746821e-05  1.54849289e-05  1.25454946e-05  1.56179705e-05
      2.19414288e-05]
    [ 1.71502157e-05  1.45557066e-05  1.40518130e-05  2.08281298e-05
      2.23404690e-05]
    [ 1.86253273e-05  1.52604153e-05  1.79005351e-05  2.35897482e-05
      1.99693566e-05]]

   [[ 1.88661399e-05  1.59917705e-05  1.20791688e-05  9.26381809e-06
      1.55405253e-05]
    [ 1.69603494e-05  1.52258739e-05  1.16509492e-05  1.01621305e-05
      1.66718106e-05]
    [ 1.59730496e-05  1.39528500e-05  9.62843686e-06  1.07206080e-05
      1.94084785e-05]
    [ 1.49203186e-05  1.14010198e-05  8.67884928e-06  1.34141620e-05
      2.29975201e-05]
    [ 1.39890611e-05  1.01312968e-05  1.00799041e-05  1.77451202e-05
      2.43099099e-05]]

   [[ 1.33125617e-05  1.48521040e-05  1.42948586e-05  1.51658209e-05
      1.63745452e-05]
    [ 1.32836900e-05  1.59496644e-05  1.52139156e-05  1.76731163e-05
      1.79193977e-05]
    [ 1.40009449e-05  1.58458842e-05  1.63155509e-05  2.06696757e-05
      1.91468132e-05]
    [ 1.73394267e-05  1.68158712e-05  1.95050851e-05  2.21243076e-05
      1.70155535e-05]
    [ 1.95102987e-05  1.93363994e-05  2.19440028e-05  2.13930571e-05
      1.41281398e-05]]

   [[ 8.28650174e-06  9.91332868e-06  1.03630304e-05  1.30513398e-05
      1.52625429e-05]
    [ 8.20899946e-06  1.16183398e-05  1.26552445e-05  1.34232195e-05
      1.49908636e-05]
    [ 9.27310796e-06  1.30796592e-05  1.52782340e-05  1.52543847e-05
      1.61287040e-05]
    [ 1.31911091e-05  1.55718962e-05  1.60519561e-05  1.54435599e-05
      1.49369012e-05]
    [ 1.70519767e-05  1.76299135e-05  1.61573118e-05  1.46609528e-05
      1.22335747e-05]]]


  [[[ 3.94974575e-06  5.38235397e-06  5.74503374e-06  5.32047889e-06
      4.46534332e-06]
    [ 7.00375427e-06  8.90225893e-06  7.33527761e-06  4.49055355e-06
      3.41924972e-06]
    [ 8.24503086e-06  8.10498868e-06  5.05008605e-06  2.10091205e-06
      3.27062876e-06]
    [ 4.34042809e-06  3.26608538e-06  1.00927432e-06  1.65911858e-06
      4.68629421e-06]
    [ 2.76116155e-06  1.27124253e-06  2.48573427e-07  2.33353993e-06
      4.28388056e-06]]

   [[ 4.81469992e-06  5.02778118e-06  2.70209522e-06  7.78458033e-07
      7.57211743e-08]
    [ 3.38667990e-06  2.60595722e-06  1.07905779e-06  7.34056750e-07
      2.05241282e-06]
    [ 6.36328597e-07 -1.60117811e-07 -7.48355433e-07  7.31436932e-07
      3.53140590e-06]
    [ 2.11218195e-06  1.15692038e-06 -4.91874443e-09  3.13721354e-07
      7.96944790e-07]
    [ 4.24987231e-06  2.63627396e-06  2.33655407e-06  1.67469993e-06
     -8.42426853e-07]]

   [[ 6.03627706e-06  8.25596033e-06  7.81773624e-06  3.64604423e-06
      1.42843290e-06]
    [ 5.02941674e-06  6.11232985e-06  4.44979411e-06  1.11706642e-06
      2.55309292e-06]
    [ 1.66598374e-06  1.49349791e-06 -4.67479487e-07 -2.26342953e-07
      3.36944004e-06]
    [ 2.87836207e-06  1.61941721e-06  9.01092807e-07  1.89477070e-06
      2.34267191e-06]
    [ 4.66122341e-06  3.06916352e-06  3.87096599e-06  4.03524877e-06
      1.12995899e-06]]

   [[ 2.63328726e-06  4.84556502e-06  5.65630360e-06  4.05170550e-06
      2.90003713e-06]
    [ 3.05066682e-06  6.16638138e-06  6.95085813e-06  4.51500395e-06
      3.08799436e-06]
    [ 5.86691974e-06  7.31743050e-06  5.19764015e-06  2.31254900e-06
      2.17477010e-06]
    [ 7.26886236e-06  5.73160098e-06  2.57549801e-06  8.96933348e-07
      2.44138728e-06]
    [ 5.85198629e-06  3.98637213e-06  2.83399284e-06  3.55591503e-06
      4.85331304e-06]]

   [[ 5.90085886e-06  6.08211954e-06  4.50368481e-06  1.78977414e-06
      5.81193909e-07]
    [ 3.60552610e-06  2.50311003e-06  6.38740574e-07  1.15328659e-06
      2.77956033e-06]
    [-1.77880270e-07 -1.37481923e-06 -1.83776198e-06  8.82860250e-07
      3.31875806e-06]
    [ 1.98714939e-06  1.75680762e-06  2.04959086e-06  2.61893299e-06
      1.92304294e-06]
    [ 4.02449138e-06  4.11558789e-06  4.94774893e-06  3.95731777e-06
      9.12833675e-07]]

   [[ 4.22355225e-06  4.25301336e-06  2.49062447e-06  1.02170461e-06
      1.61047803e-07]
    [ 2.16695918e-06  1.25151637e-06  4.23696991e-07  7.66584782e-08
      1.50153203e-06]
    [-1.11846721e-07 -7.32669772e-07 -1.21044576e-06 -2.84695457e-07
      2.32928720e-06]
    [ 2.10118800e-06  1.48459647e-06  4.11609731e-07  2.75537367e-07
      1.14363233e-08]
    [ 4.18149635e-06  3.06725714e-06  2.91073694e-06  1.75237597e-06
     -9.67426855e-07]]]


  [[[ 1.14599728e-05  1.42371315e-05  1.07472292e-05  9.62347016e-06
      1.71655243e-05]
    [ 1.16752331e-05  1.26102679e-05  6.14931931e-06  6.04554318e-06
      1.60528329e-05]
    [ 1.11515872e-05  9.88080812e-06  3.90119177e-06  7.23220160e-06
      1.80581683e-05]
    [ 9.21871741e-06  7.15607364e-06  4.16958300e-06  1.10432296e-05
      1.78866819e-05]
    [ 8.52981453e-06  4.83589684e-06  6.05960715e-06  1.41755017e-05
      1.60174910e-05]]

   [[ 4.00018422e-06  6.47948391e-06  4.72078030e-06  4.36466851e-06
      1.05314513e-05]
    [ 4.42790651e-06  8.75089773e-06  7.15910056e-06  6.90907405e-06
      1.10107658e-05]
    [ 6.54752954e-06  1.06324596e-05  9.59503103e-06  1.06558959e-05
      1.11887546e-05]
    [ 9.23842349e-06  1.05108347e-05  1.01675070e-05  1.07177645e-05
      8.96958714e-06]
    [ 1.19718499e-05  1.15401138e-05  1.18526893e-05  1.18733335e-05
      8.73562384e-06]]

   [[ 1.06635451e-05  1.40410067e-05  6.20929000e-06  2.36567227e-06
      1.02054674e-05]
    [ 1.06403661e-05  1.16738122e-05  4.50533060e-06  3.43048695e-06
      1.08275229e-05]
    [ 1.04536821e-05  8.53833460e-06  2.51777599e-06  5.85087394e-06
      1.10065783e-05]
    [ 1.24946418e-05  7.54995677e-06  5.19269076e-06  1.13342496e-05
      1.07772084e-05]
    [ 1.40830598e-05  7.81575309e-06  1.01943243e-05  1.60984775e-05
      1.13620642e-05]]

   [[ 1.04598658e-05  1.28502569e-05  8.26376449e-06  6.57358639e-07
      6.13935501e-06]
    [ 9.33148158e-06  1.20794918e-05  6.82176628e-06  5.72310510e-07
      7.95264943e-06]
    [ 8.87167090e-06  9.21373876e-06  3.11507640e-06  2.09978301e-06
      1.18644665e-05]
    [ 9.43901487e-06  6.43992816e-06  1.87045616e-06  6.47141310e-06
      1.66356045e-05]
    [ 9.27606396e-06  4.84296356e-06  3.79122821e-06  1.10068247e-05
      1.80367099e-05]]

   [[ 9.31930730e-06  1.01306509e-05  4.83492334e-06  5.77047636e-06
      9.53181083e-06]
    [ 9.07835765e-06  8.62986022e-06  5.26424121e-06  1.01906517e-05
      1.08513424e-05]
    [ 1.06239782e-05  8.29825818e-06  6.80985210e-06  1.29083625e-05
      9.35879787e-06]
    [ 1.24955619e-05  1.01077683e-05  1.21880964e-05  1.44170226e-05
      7.47448876e-06]
    [ 1.33197210e-05  1.17682146e-05  1.62245075e-05  1.57572585e-05
      7.60260986e-06]]

   [[ 2.84064726e-06  5.32716940e-06  4.05739529e-06  5.55364444e-06
      1.15693386e-05]
    [ 3.18534093e-06  7.14382464e-06  6.44160530e-06  7.62091160e-06
      1.10081760e-05]
    [ 6.43335093e-06  9.75807623e-06  9.34210227e-06  1.00674211e-05
      1.00712079e-05]
    [ 1.01454679e-05  1.13985238e-05  1.05575298e-05  1.00172274e-05
      7.94683546e-06]
    [ 1.26391737e-05  1.26733062e-05  1.21424387e-05  1.08050887e-05
      7.48656584e-06]]]


  [[[ 1.94047229e-06  1.50938377e-06 -7.48104688e-07  3.24590241e-06
      1.40819309e-05]
    [ 2.73317331e-07 -1.28701658e-06 -3.75079284e-06  4.02448696e-06
      1.63810389e-05]
    [-9.83240479e-07 -2.90861440e-06 -3.32606013e-06  7.34913359e-06
      1.71479051e-05]
    [-2.39697059e-06 -1.94274688e-06  1.17821907e-06  1.15116626e-05
      1.51367136e-05]
    [-1.15663526e-06 -5.52237407e-07  5.20180519e-06  1.31878828e-05
      1.06949440e-05]]

   [[-4.21773512e-06  3.20125672e-07  1.77104497e-06  5.12306501e-06
      1.22459319e-05]
    [-2.87570428e-06  3.45598342e-06  5.78192335e-06  8.18981902e-06
      1.14000175e-05]
    [ 3.29597816e-07  8.23655483e-06  1.12538189e-05  1.09886360e-05
      8.75498380e-06]
    [ 3.41317486e-06  9.42226249e-06  1.18617573e-05  1.05424507e-05
      6.06581015e-06]
    [ 5.50364763e-06  7.74928858e-06  8.91514377e-06  8.79654591e-06
      4.77558096e-06]]

   [[ 4.14379865e-06  4.65070670e-06 -1.34042087e-06  6.64805051e-07
      1.03404362e-05]
    [ 4.83607813e-06  4.50813162e-06 -7.68767794e-07  4.14644187e-06
      1.06252638e-05]
    [ 5.59251787e-06  4.71282527e-06  1.70050691e-06  8.22746043e-06
      8.76573928e-06]
    [ 5.15075662e-06  1.29656038e-06  2.97319974e-06  1.02442989e-05
      4.19333756e-06]
    [ 4.18412512e-06 -2.25723387e-06  2.07907429e-06  8.43009396e-06
      1.08642297e-06]]

   [[ 6.35792311e-06  1.77642152e-06 -4.75232524e-06 -7.93341179e-06
      1.60208214e-06]
    [ 5.11153165e-06 -7.11167025e-07 -7.91867816e-06 -6.34074364e-06
      6.22315685e-06]
    [ 2.82522823e-07 -3.91324858e-06 -8.43044046e-06 -2.05897504e-06
      1.10079722e-05]
    [-2.96394553e-06 -6.03625850e-06 -5.73731318e-06  4.19069623e-06
      1.41813280e-05]
    [-3.68327639e-06 -6.15718485e-06 -1.70574538e-06  9.39526466e-06
      1.36767621e-05]]

   [[ 3.71644208e-06  5.81662301e-06  2.86099100e-06  6.38456227e-06
      9.97315120e-06]
    [ 4.88234528e-06  6.31837589e-06  5.47619729e-06  9.44236408e-06
      6.17105631e-06]
    [ 7.29265275e-06  8.11965897e-06  9.34992019e-06  1.13617071e-05
      1.56174233e-06]
    [ 8.44151442e-06  8.17429748e-06  1.07325037e-05  8.76920379e-06
     -2.31964040e-06]
    [ 7.41385358e-06  5.27602100e-06  7.96045564e-06  5.18099289e-06
     -3.33309698e-06]]

   [[-5.01796016e-06  5.02777529e-08  1.90699147e-06  6.75158349e-06
      1.36813746e-05]
    [-3.23027703e-06  3.54911997e-06  6.37400516e-06  8.94611069e-06
      1.16700386e-05]
    [ 7.12082415e-07  8.85677860e-06  1.16735182e-05  1.06077553e-05
      8.51104953e-06]
    [ 4.99857490e-06  1.08621098e-05  1.15222876e-05  9.64204045e-06
      5.69265148e-06]
    [ 6.96827116e-06  9.06067078e-06  8.85737834e-06  7.61726486e-06
      4.06085606e-06]]]


  [[[ 9.87133681e-06  1.12865173e-05  4.81454374e-06  4.66080219e-06
      1.66882349e-05]
    [ 9.17754722e-06  7.89668563e-06 -5.70536008e-07  2.11772655e-06
      1.69138616e-05]
    [ 7.56206807e-06  4.05269699e-06 -1.70123186e-06  5.33463980e-06
      1.91150501e-05]
    [ 4.41442745e-06  2.07624197e-06  8.94226763e-07  1.03640286e-05
      1.80898606e-05]
    [ 3.69583748e-06  1.75568537e-06  4.69506730e-06  1.38454866e-05
      1.50277121e-05]]

   [[ 3.24456737e-07  2.39225796e-06  6.70670992e-07  2.32100645e-06
      1.13663055e-05]
    [ 8.46347959e-07  5.76242270e-06  5.53000330e-06  6.81385599e-06
      1.21878148e-05]
    [ 3.47682418e-06  9.73591320e-06  1.09561421e-05  1.22323817e-05
      1.21660820e-05]
    [ 6.98748981e-06  1.07995961e-05  1.22648604e-05  1.18349254e-05
      8.13488765e-06]
    [ 1.10107290e-05  1.19790487e-05  1.23004811e-05  1.09992398e-05
      5.69288336e-06]]

   [[ 9.51874899e-06  1.11075453e-05  9.48082477e-07 -1.39431665e-06
      1.03009612e-05]
    [ 8.33948056e-06  7.26415931e-06 -2.47142860e-07  1.51341840e-06
      1.10096199e-05]
    [ 6.60841918e-06  4.25738826e-06 -9.03949344e-08  4.92993024e-06
      9.84528824e-06]
    [ 8.51019930e-06  4.56791899e-06  3.62246341e-06  1.02183714e-05
      7.90777083e-06]
    [ 1.19580909e-05  5.39179582e-06  7.32664084e-06  1.39339281e-05
      7.33266558e-06]]

   [[ 9.60018651e-06  1.10028883e-05  3.24719834e-06 -6.16102325e-06
      2.71982115e-06]
    [ 8.65229724e-06  8.96397097e-06  9.34980016e-08 -5.70855569e-06
      6.38049736e-06]
    [ 6.99406088e-06  5.02778909e-06 -3.48279390e-06 -2.65283759e-06
      1.14160322e-05]
    [ 5.84322592e-06  1.25993397e-06 -3.64875481e-06  3.59896236e-06
      1.68064054e-05]
    [ 4.36750175e-06 -1.02661815e-06 -2.32861415e-07  9.98008020e-06
      1.83635310e-05]]

   [[ 6.77241493e-06  6.18532231e-06  1.38566177e-06  4.59377230e-06
      9.64177580e-06]
    [ 5.75020104e-06  5.26741651e-06  3.58732878e-06  1.04204862e-05
      9.99427463e-06]
    [ 7.31986585e-06  7.09059404e-06  7.30964285e-06  1.37520191e-05
      7.59925812e-06]
    [ 1.04165718e-05  9.94055535e-06  1.29116230e-05  1.42225509e-05
      3.80346825e-06]
    [ 1.25919354e-05  1.07239782e-05  1.51024062e-05  1.35341970e-05
      2.11027207e-06]]

   [[-9.67677169e-07  1.74218390e-06  6.13375110e-07  4.24753765e-06
      1.30716059e-05]
    [-1.08066474e-07  4.72205351e-06  5.05160809e-06  7.67161599e-06
      1.24754781e-05]
    [ 3.73582878e-06  8.84562428e-06  1.03991287e-05  1.13561431e-05
      1.08270295e-05]
    [ 8.33831907e-06  1.18712378e-05  1.25617316e-05  1.09736974e-05
      6.77691599e-06]
    [ 1.19116067e-05  1.35187464e-05  1.27302761e-05  9.74071998e-06
      4.23684998e-06]]]


  [[[ 1.49814908e-05  1.10002934e-05  7.63496173e-06  8.24703935e-06
      1.20697751e-05]
    [ 1.56884538e-05  1.10354502e-05  6.32389743e-06  5.71683079e-06
      1.24128173e-05]
    [ 1.33902768e-05  9.16032346e-06  5.63418318e-06  6.39779094e-06
      1.45683973e-05]
    [ 6.75051452e-06  4.76992368e-06  4.30776403e-06  8.04286610e-06
      1.42586633e-05]
    [ 3.32378755e-06  2.83058643e-06  5.64286326e-06  1.18632247e-05
      1.49808776e-05]]

   [[ 6.50639019e-06  3.71271486e-06  3.50786115e-06  6.22366430e-06
      8.94895874e-06]
    [ 4.85078784e-06  5.20596700e-06  6.13313719e-06  7.55637195e-06
      1.05580017e-05]
    [ 1.92148347e-06  5.34387145e-06  8.03871150e-06  8.66134315e-06
      1.12700053e-05]
    [ 5.41182892e-06  9.33074180e-06  1.15631446e-05  1.07787256e-05
      1.05611786e-05]
    [ 1.35822947e-05  1.62931023e-05  1.56318066e-05  1.40487854e-05
      9.99187235e-06]]

   [[ 1.60911511e-05  1.27763572e-05  8.22796075e-06  5.64747051e-06
      8.67788354e-06]
    [ 1.27506542e-05  1.14833466e-05  7.67871192e-06  4.20575257e-06
      9.08980253e-06]
    [ 7.12679948e-06  7.81715995e-06  4.47621855e-06  4.35646648e-06
      9.46464702e-06]
    [ 9.58385362e-06  9.36697872e-06  7.66172132e-06  1.06654161e-05
      1.16475599e-05]
    [ 1.44363135e-05  1.39779844e-05  1.40374098e-05  1.61105241e-05
      1.39018411e-05]]

   [[ 1.69876764e-05  1.26087593e-05  7.03822158e-06  2.23833811e-06
      6.05264167e-06]
    [ 1.61573648e-05  1.19834781e-05  5.27678622e-06  2.11360617e-06
      7.22940654e-06]
    [ 1.39493909e-05  1.00126263e-05  3.36102649e-06  2.73572550e-06
      9.95168679e-06]
    [ 9.88231190e-06  6.19697475e-06  2.40923002e-06  4.65834301e-06
      1.35399835e-05]
    [ 6.75155174e-06  3.87495822e-06  3.19644203e-06  8.11426355e-06
      1.56926474e-05]]

   [[ 9.19685076e-06  7.74035064e-06  8.11439645e-06  7.00378646e-06
      8.41997057e-06]
    [ 6.40927763e-06  7.86307812e-06  7.63367658e-06  8.86439055e-06
      1.02671220e-05]
    [ 3.69984007e-06  6.02206492e-06  5.99414294e-06  9.82762421e-06
      1.04416033e-05]
    [ 8.14394911e-06  1.02665557e-05  1.19685184e-05  1.28879005e-05
      1.09281868e-05]
    [ 1.49453686e-05  1.71264537e-05  1.78991330e-05  1.57866706e-05
      1.04527439e-05]]

   [[ 4.48513708e-06  2.80386474e-06  2.90893021e-06  6.79197659e-06
      9.02143054e-06]
    [ 2.84471414e-06  3.34211595e-06  5.47749977e-06  8.32392816e-06
      1.03662641e-05]
    [ 7.49866605e-07  4.58933643e-06  8.04490552e-06  8.97630147e-06
      1.11950325e-05]
    [ 6.27917878e-06  1.09831884e-05  1.20360824e-05  1.09327958e-05
      1.04714902e-05]
    [ 1.51224674e-05  1.74972912e-05  1.57715762e-05  1.30063349e-05
      8.70675631e-06]]]


  [[[ 2.35532348e-05  2.72061318e-05  2.29507209e-05  2.04371402e-05
      2.86355467e-05]
    [ 2.63852590e-05  3.00872399e-05  2.29574974e-05  1.99211672e-05
      2.91552908e-05]
    [ 2.72924958e-05  2.66064489e-05  1.93901640e-05  2.05703821e-05
      2.84608517e-05]
    [ 2.25404202e-05  2.12693750e-05  1.76568274e-05  2.36692508e-05
      2.60939518e-05]
    [ 2.18259931e-05  1.96498355e-05  1.85013187e-05  2.36415685e-05
      2.20054721e-05]]

   [[ 1.75281214e-05  2.13382409e-05  1.74802567e-05  1.31120499e-05
      1.49282874e-05]
    [ 1.72046703e-05  2.03231464e-05  1.59499154e-05  1.30506731e-05
      1.48955404e-05]
    [ 1.43757225e-05  1.78441537e-05  1.53197211e-05  1.41817214e-05
      1.55174159e-05]
    [ 1.60650856e-05  1.77470681e-05  1.53741406e-05  1.44382263e-05
      1.34283001e-05]
    [ 1.94963205e-05  1.70139752e-05  1.40115911e-05  1.45513446e-05
      1.33149322e-05]]

   [[ 2.39484154e-05  3.04857687e-05  2.23392689e-05  1.60727087e-05
      2.45503678e-05]
    [ 2.34725459e-05  2.72663841e-05  1.87491900e-05  1.72995222e-05
      2.55510203e-05]
    [ 2.01686263e-05  1.99078026e-05  1.39633994e-05  2.01936227e-05
      2.32739056e-05]
    [ 2.20230576e-05  1.83316098e-05  1.63079783e-05  2.38304222e-05
      1.95340913e-05]
    [ 2.58447263e-05  1.82328701e-05  1.76637490e-05  2.41529380e-05
      1.77523699e-05]]

   [[ 2.18880921e-05  2.62205454e-05  2.07721582e-05  1.27190875e-05
      1.84507328e-05]
    [ 2.27589237e-05  2.60702794e-05  1.88204665e-05  1.37010232e-05
      2.32053499e-05]
    [ 2.28181225e-05  2.40927904e-05  1.71392592e-05  1.58227139e-05
      2.55488499e-05]
    [ 2.20093784e-05  2.00918928e-05  1.63929038e-05  1.89536435e-05
      2.66438402e-05]
    [ 2.03228245e-05  1.80980939e-05  1.84309192e-05  2.46980795e-05
      2.67933829e-05]]

   [[ 2.42240420e-05  2.63703691e-05  1.77823983e-05  1.76406286e-05
      2.06417871e-05]
    [ 2.38830736e-05  2.27111474e-05  1.50227952e-05  1.98163272e-05
      1.99006954e-05]
    [ 1.95502983e-05  1.71692918e-05  1.50427483e-05  2.15133002e-05
      1.81643943e-05]
    [ 2.22364247e-05  1.83498527e-05  1.95201039e-05  2.13211485e-05
      1.43772422e-05]
    [ 2.46597120e-05  1.74281596e-05  2.01196181e-05  2.14500563e-05
      1.37638874e-05]]

   [[ 1.65442134e-05  1.85122639e-05  1.56090220e-05  1.36214698e-05
      1.48913885e-05]
    [ 1.57395707e-05  1.70107664e-05  1.41619041e-05  1.28362803e-05
      1.40720593e-05]
    [ 1.41782017e-05  1.60225545e-05  1.35216159e-05  1.28176702e-05
      1.39641812e-05]
    [ 1.67470972e-05  1.77855272e-05  1.36979033e-05  1.25405037e-05
      1.20910453e-05]
    [ 1.97489828e-05  1.76782942e-05  1.36986367e-05  1.32081154e-05
      1.27498393e-05]]]


  [[[ 6.55606631e-06  8.46182022e-06  6.81032934e-06  5.26667864e-06
      4.68496111e-06]
    [ 1.00742242e-05  1.17882146e-05  8.28844275e-06  4.68402180e-06
      4.19782161e-06]
    [ 1.13548732e-05  1.00491610e-05  5.42139509e-06  2.49269588e-06
      4.62702128e-06]
    [ 5.46122984e-06  3.54526425e-06  7.18775207e-07  1.95642444e-06
      4.87091276e-06]
    [ 2.53059302e-06  9.55615273e-07  4.63689678e-07  2.60762807e-06
      3.79840594e-06]]

   [[ 6.20795633e-06  6.27806457e-06  2.90148924e-06  8.31433893e-07
      1.32093793e-06]
    [ 4.56291567e-06  3.51116550e-06  7.03270412e-07  2.89059686e-07
      2.55702627e-06]
    [ 3.14644425e-08 -6.11048215e-07 -1.34599573e-06  6.06745723e-07
      2.81719022e-06]
    [ 1.18208370e-06  6.90605125e-07  3.89271823e-08  7.24333378e-07
      3.12936035e-07]
    [ 5.13327784e-06  3.25745432e-06  2.95318910e-06  2.44059996e-06
      1.19502267e-07]]

   [[ 8.26615161e-06  1.06080194e-05  8.59166735e-06  4.29920222e-06
      2.69536065e-06]
    [ 6.80621165e-06  7.43889174e-06  4.69048703e-06  1.42913491e-06
      3.13084890e-06]
    [ 1.41387621e-06  5.02595921e-07 -1.04916686e-06  1.03587502e-07
      2.46703936e-06]
    [ 2.63882195e-06  9.67904328e-07  1.48296653e-06  3.53744375e-06
      2.25469837e-06]
    [ 6.51428388e-06  4.03978618e-06  5.56685991e-06  6.14261101e-06
      2.33528889e-06]]

   [[ 4.31303692e-06  8.36926078e-06  7.54096725e-06  4.07087554e-06
      2.81891309e-06]
    [ 5.67956154e-06  9.57477645e-06  7.86211274e-06  3.92952419e-06
      3.30280883e-06]
    [ 9.01449546e-06  1.02759767e-05  6.11852557e-06  2.36535531e-06
      3.01662854e-06]
    [ 9.98714807e-06  7.16723361e-06  3.09230187e-06  1.54966607e-06
      3.74066866e-06]
    [ 7.37007512e-06  4.05746483e-06  2.79026151e-06  4.37878946e-06
      6.15337004e-06]]

   [[ 7.66960076e-06  6.47672996e-06  4.03257581e-06  2.66751362e-06
      1.97767634e-06]
    [ 4.89253622e-06  2.81370617e-06  3.58348075e-07  1.84945091e-06
      3.58984921e-06]
    [-1.16905724e-06 -2.61166281e-06 -1.88418583e-06  1.22223591e-06
      2.04494996e-06]
    [ 1.28018164e-06  1.21208830e-06  3.40249011e-06  4.08991269e-06
      1.80327087e-06]
    [ 5.67517888e-06  5.16419475e-06  6.99031250e-06  5.95227113e-06
      2.65733667e-06]]

   [[ 5.43687518e-06  4.72551605e-06  1.91758717e-06  7.47255271e-07
      1.23930891e-06]
    [ 3.09966959e-06  1.45577503e-06 -3.90388825e-07 -4.30539333e-07
      1.73237060e-06]
    [-7.27432103e-07 -1.38238285e-06 -1.81591943e-06 -5.97797407e-07
      1.23302304e-06]
    [ 1.30847537e-06  1.06477147e-06  5.98356473e-07  6.45301032e-07
     -5.08831089e-07]
    [ 5.03969251e-06  3.67537448e-06  3.47949076e-06  2.54247908e-06
     -6.17092136e-08]]]


  [[[ 5.47816760e-06  5.89083475e-06  1.75785847e-06  4.42970253e-06
      1.54797079e-05]
    [ 4.39973224e-06  2.64279661e-06 -2.05044855e-06  4.86604009e-06
      1.71665981e-05]
    [ 3.00650928e-06  1.67555435e-07 -2.08974084e-06  6.82051496e-06
      1.57427018e-05]
    [ 1.38801447e-06  5.39861920e-07  2.43044025e-06  1.03540559e-05
      1.26687320e-05]
    [ 1.19137104e-06  2.12887792e-07  4.94846358e-06  1.15685068e-05
      8.31381936e-06]]

   [[-1.20946338e-06  1.78181492e-06  2.61327925e-06  5.54943328e-06
      1.15624771e-05]
    [ 2.94545802e-08  4.29796042e-06  5.41409990e-06  6.74291210e-06
      9.32809401e-06]
    [ 2.65553447e-06  8.56069112e-06  9.58710023e-06  7.60827997e-06
      5.79618408e-06]
    [ 2.70837120e-06  7.54216453e-06  8.91432104e-06  6.99754260e-06
      3.00598632e-06]
    [ 2.30088548e-06  4.00292518e-06  5.01721345e-06  5.84810469e-06
      2.00681545e-06]]

   [[ 5.48672361e-06  5.24342833e-06 -2.34560500e-06 -6.47957291e-07
      9.74040226e-06]
    [ 5.81401813e-06  4.70614641e-06 -1.66139844e-06  2.98968574e-06
      8.97009458e-06]
    [ 6.03232004e-06  4.29366006e-06  1.04770116e-06  7.02218471e-06
      6.26867302e-06]
    [ 4.25295258e-06 -7.97802167e-08  2.02301944e-06  8.79136157e-06
      2.36780040e-06]
    [ 1.79011489e-06 -4.52805632e-06  1.10971865e-07  6.88086711e-06
      2.13235642e-07]]

   [[ 6.65505470e-06  5.01538253e-06 -1.95524683e-06 -6.72287032e-06
      2.47536948e-06]
    [ 7.15647480e-06  3.11981302e-06 -5.30406548e-06 -4.56344911e-06
      7.87300018e-06]
    [ 3.40625787e-06  2.81447875e-07 -5.65048770e-06 -4.52489720e-07
      1.19250380e-05]
    [ 6.01815769e-07 -1.94246941e-06 -3.07929141e-06  4.79264399e-06
      1.39392768e-05]
    [ 9.74803421e-08 -3.14535699e-06  2.86398925e-08  9.50276859e-06
      1.32529043e-05]]

   [[ 4.44888087e-06  4.18896864e-06  1.26392454e-06  5.09353131e-06
      7.62828894e-06]
    [ 5.06150844e-06  4.44251467e-06  3.55074934e-06  7.70577773e-06
      3.12166986e-06]
    [ 6.78888219e-06  6.01014947e-06  6.34783718e-06  8.84708507e-06
     -4.95884881e-07]
    [ 6.08686109e-06  5.70627616e-06  8.12784749e-06  6.48991160e-06
     -2.95135145e-06]
    [ 3.27623147e-06  1.58992523e-06  5.49658442e-06  3.45826935e-06
     -3.82290693e-06]]

   [[-1.94629209e-06  1.18556271e-06  2.53559253e-06  6.00091192e-06
      1.17848090e-05]
    [-4.14405180e-07  3.44148625e-06  5.25630004e-06  6.78252431e-06
      8.89927955e-06]
    [ 2.34702819e-06  7.93677803e-06  8.85538075e-06  7.08469389e-06
      5.24234513e-06]
    [ 3.79569937e-06  8.35075992e-06  7.86876856e-06  5.96941000e-06
      2.23866673e-06]
    [ 3.60490923e-06  5.19744911e-06  4.77669714e-06  4.40643538e-06
      9.31988013e-07]]]


  [[[ 4.36193294e-06  6.73058409e-06  5.52715840e-06  2.97340435e-06
      5.24593044e-06]
    [ 5.93461526e-06  5.70074974e-06  1.02400716e-06  1.19929472e-06
      7.42533843e-06]
    [ 7.35891348e-06  4.42694297e-06 -2.73416267e-06  1.57769413e-06
      1.27028254e-05]
    [ 4.24073959e-06  1.88757175e-07 -3.90613011e-06  5.83685046e-06
      1.72413843e-05]
    [ 3.26692748e-06 -2.94395012e-06 -6.64472332e-07  1.16260331e-05
      1.72626046e-05]]

   [[-3.84722173e-07  1.76464381e-06 -6.81631738e-07  4.36180337e-07
      8.05501431e-06]
    [ 4.36072413e-07  2.18677783e-06  6.34239770e-07  4.89638187e-06
      1.23061612e-05]
    [ 2.00110487e-06  4.07524334e-06  4.66583491e-06  1.00952037e-05
      1.43180553e-05]
    [ 4.35686757e-06  5.58647929e-06  8.15156767e-06  1.21501121e-05
      1.24315430e-05]
    [ 5.68756532e-06  6.91346556e-06  1.19494482e-05  1.41368203e-05
      1.03749732e-05]]

   [[ 9.60342805e-06  1.23350137e-05  5.49312774e-06  2.38318239e-06
      6.97666679e-06]
    [ 1.19739285e-05  1.10853469e-05  1.96856515e-06  1.48505991e-06
      1.01723646e-05]
    [ 1.08606988e-05  7.41732334e-06 -3.74216600e-07  4.66436353e-06
      1.34163881e-05]
    [ 9.38624253e-06  2.28576421e-06  1.88727163e-06  1.16990724e-05
      1.29797627e-05]
    [ 7.11451605e-06  2.32565709e-07  7.37890800e-06  1.56100514e-05
      9.65094320e-06]]

   [[ 8.12295186e-06  8.42443726e-06  5.24259896e-06 -1.60638770e-06
     -8.80770965e-07]
    [ 7.13666420e-06  7.90218165e-06  2.97593793e-06 -4.71825931e-06
     -1.93050106e-06]
    [ 8.10406261e-06  6.94742689e-06 -1.63792127e-06 -5.66567492e-06
      2.33834811e-06]
    [ 8.83465977e-06  3.23351717e-06 -5.22945424e-06 -2.31545042e-06
      8.87412504e-06]
    [ 6.86525434e-06 -4.72794126e-07 -5.43997572e-06  3.71461345e-06
      1.38873407e-05]]

   [[ 6.77819310e-06  7.71522304e-06  3.38081192e-06  4.49744806e-06
      1.04018153e-05]
    [ 8.85340447e-06  5.80693050e-06  2.83719409e-06  8.16193300e-06
      1.34788803e-05]
    [ 9.13802862e-06  5.07087039e-06  6.05692093e-06  1.37239892e-05
      1.26503985e-05]
    [ 8.24598727e-06  5.90611072e-06  1.14720115e-05  1.63654511e-05
      8.62619173e-06]
    [ 7.12303141e-06  8.17500742e-06  1.51128719e-05  1.54100544e-05
      5.83442586e-06]]

   [[-1.98287869e-06  7.28703433e-07 -5.07681944e-07  3.38252134e-06
      1.08176566e-05]
    [-7.41948898e-07  1.95188165e-06  1.71903974e-06  6.85440129e-06
      1.35978667e-05]
    [ 1.75470505e-06  5.08222376e-06  6.25312179e-06  1.01955638e-05
      1.39609814e-05]
    [ 5.02219101e-06  7.25578994e-06  9.34734826e-06  1.22913955e-05
      1.20766363e-05]
    [ 6.62267950e-06  8.00365373e-06  1.24534913e-05  1.41275712e-05
      1.03629824e-05]]]


  [[[ 6.04828369e-06  7.01385439e-06  5.25285089e-06  3.89448420e-06
      6.70784440e-06]
    [ 6.76784246e-06  5.72910584e-06  1.54696374e-06  2.37274486e-06
      8.52060344e-06]
    [ 7.67091464e-06  4.45549745e-06 -1.57540738e-06  3.03157155e-06
      1.33362501e-05]
    [ 4.39998176e-06  7.02385273e-07 -2.48167408e-06  7.14150793e-06
      1.75055859e-05]
    [ 3.56144257e-06 -1.60377802e-06  8.87492836e-07  1.24739002e-05
      1.74631206e-05]]

   [[-5.75958941e-07  1.77476213e-06 -1.39767062e-07  1.65596548e-06
      9.26530473e-06]
    [ 3.20687800e-07  2.45268335e-06  1.53319588e-06  5.86908068e-06
      1.27920309e-05]
    [ 1.97291563e-06  4.55569698e-06  5.98003383e-06  1.11632007e-05
      1.44677573e-05]
    [ 5.11717599e-06  6.85401604e-06  9.81077538e-06  1.33943785e-05
      1.31561611e-05]
    [ 7.32283283e-06  8.72832665e-06  1.32574576e-05  1.51317622e-05
      1.17938598e-05]]

   [[ 1.06187782e-05  1.25618222e-05  6.42010261e-06  4.14026680e-06
      8.24116037e-06]
    [ 1.25755084e-05  1.15243172e-05  3.55162368e-06  3.25269191e-06
      1.09628008e-05]
    [ 1.13682693e-05  8.24318737e-06  1.63309220e-06  6.42022875e-06
      1.40152038e-05]
    [ 1.03246646e-05  3.83916473e-06  3.82213319e-06  1.31223357e-05
      1.36589855e-05]
    [ 8.83303142e-06  2.20785869e-06  8.68183971e-06  1.64457175e-05
      1.05074448e-05]]

   [[ 1.01146697e-05  9.20500801e-06  5.13522247e-06 -1.04399879e-06
      2.33044004e-07]
    [ 8.78937913e-06  8.34104100e-06  2.87900441e-06 -3.70975347e-06
     -5.49205473e-07]
    [ 9.01654429e-06  7.15643386e-06 -1.18239374e-06 -4.47558943e-06
      3.42012647e-06]
    [ 9.06003096e-06  3.33115852e-06 -4.27977283e-06 -1.14087835e-06
      9.39700801e-06]
    [ 6.80167044e-06 -3.05489856e-07 -4.43725696e-06  4.65079751e-06
      1.39804518e-05]]

   [[ 7.14337493e-06  8.00385776e-06  4.85509200e-06  6.39550958e-06
      1.15881852e-05]
    [ 8.93810943e-06  6.80551012e-06  4.68309685e-06  9.53740301e-06
      1.39905684e-05]
    [ 9.22501347e-06  6.55926208e-06  8.22120874e-06  1.49104394e-05
      1.30262172e-05]
    [ 9.32845582e-06  7.62521447e-06  1.32206914e-05  1.74521331e-05
      9.42073413e-06]
    [ 9.12111753e-06  9.89633581e-06  1.61596836e-05  1.63103014e-05
      7.15748787e-06]]

   [[-2.15625757e-06  7.54154166e-07 -5.67962851e-08  4.41314971e-06
      1.19054667e-05]
    [-8.08794077e-07  2.23434481e-06  2.54778562e-06  7.68773620e-06
      1.39922294e-05]
    [ 1.75895109e-06  5.63514868e-06  7.60583271e-06  1.12075126e-05
      1.41641458e-05]
    [ 5.81998603e-06  8.65050448e-06  1.09953614e-05  1.34555083e-05
      1.29269965e-05]
    [ 8.32305673e-06  9.85178639e-06  1.36858243e-05  1.51162430e-05
      1.18615402e-05]]]


  [[[ 2.28040355e-05  1.83351449e-05  1.57672772e-05  1.77199000e-05
      2.15266926e-05]
    [ 2.30479814e-05  1.86274158e-05  1.53632209e-05  1.55465435e-05
      2.08145483e-05]
    [ 2.05438916e-05  1.68563556e-05  1.42800674e-05  1.43851510e-05
      2.02029649e-05]
    [ 1.50484328e-05  1.28069936e-05  1.14653934e-05  1.43760901e-05
      1.91613162e-05]
    [ 1.19582268e-05  1.02988034e-05  1.12195130e-05  1.68531880e-05
      2.00703279e-05]]

   [[ 1.16621258e-05  9.62885826e-06  8.92273832e-06  1.07982090e-05
      1.20460035e-05]
    [ 9.07579648e-06  9.77823167e-06  1.01973819e-05  1.02142246e-05
      1.18768934e-05]
    [ 6.03238537e-06  8.61348554e-06  1.05899911e-05  1.10282266e-05
      1.40023001e-05]
    [ 1.02372902e-05  1.26312330e-05  1.39506022e-05  1.43678565e-05
      1.56775879e-05]
    [ 1.83848610e-05  2.00406812e-05  1.91870586e-05  1.87694467e-05
      1.59708321e-05]]

   [[ 2.17290146e-05  1.87437550e-05  1.50263526e-05  1.30172054e-05
      1.56055368e-05]
    [ 1.88379214e-05  1.81020360e-05  1.51219444e-05  1.15341092e-05
      1.49171146e-05]
    [ 1.44892971e-05  1.50957032e-05  1.19128985e-05  1.09109698e-05
      1.51427544e-05]
    [ 1.75078122e-05  1.61025154e-05  1.40231805e-05  1.67545894e-05
      1.80561701e-05]
    [ 2.17510882e-05  1.95597734e-05  1.96816126e-05  2.23451092e-05
      2.04224353e-05]]

   [[ 2.37698683e-05  1.94197915e-05  1.49012832e-05  1.09704907e-05
      1.43405860e-05]
    [ 2.26164677e-05  1.96071461e-05  1.49750445e-05  1.18557079e-05
      1.52331862e-05]
    [ 2.11501494e-05  1.84984155e-05  1.31267233e-05  1.18246438e-05
      1.67533784e-05]
    [ 1.84386203e-05  1.49948685e-05  1.10829799e-05  1.22828453e-05
      1.87362098e-05]
    [ 1.61689298e-05  1.18945793e-05  1.00373153e-05  1.42714454e-05
      2.02266639e-05]]

   [[ 1.49624762e-05  1.42825621e-05  1.49752064e-05  1.41749296e-05
      1.37940302e-05]
    [ 1.19070823e-05  1.40620889e-05  1.42228742e-05  1.46647657e-05
      1.42971195e-05]
    [ 9.43723402e-06  1.15691429e-05  1.17874766e-05  1.46920127e-05
      1.57497720e-05]
    [ 1.41056004e-05  1.51677324e-05  1.73353820e-05  1.87260827e-05
      1.83821854e-05]
    [ 2.07623492e-05  2.19592029e-05  2.36499955e-05  2.25413196e-05
      1.79251926e-05]]

   [[ 9.41443139e-06  8.06427516e-06  7.48828041e-06  1.05937340e-05
      1.15234727e-05]
    [ 6.70835433e-06  7.53926545e-06  8.83321073e-06  1.02131854e-05
      1.15048022e-05]
    [ 4.39142406e-06  7.72811813e-06  1.05509758e-05  1.09836707e-05
      1.38009467e-05]
    [ 1.03469094e-05  1.37706364e-05  1.44459587e-05  1.43697366e-05
      1.54970523e-05]
    [ 1.94222190e-05  2.09359760e-05  1.92770416e-05  1.78291329e-05
      1.49632702e-05]]]]



 [[[[ 2.77962398e-06  3.22827488e-06  3.34428303e-06  2.37319733e-06
      1.73634600e-06]
    [ 4.58190352e-06  5.70689078e-06  5.42854981e-06  3.51791343e-06
      2.72491528e-06]
    [ 6.24890998e-06  5.69668775e-06  3.22487510e-06  1.49813173e-06
      9.46608949e-07]
    [ 4.69240611e-06  2.85932364e-06  1.30061722e-06  5.19228911e-07
      3.49694432e-07]
    [ 1.65506547e-06  1.24486705e-06  1.35086466e-06  1.02352422e-06
      6.37621588e-07]]

   [[ 5.27758818e-06  5.18706240e-06  3.41681525e-06  1.84512803e-06
      1.02652075e-06]
    [ 4.52774758e-06  3.06095436e-06  1.16146649e-06  4.13230543e-07
      4.09226265e-07]
    [ 2.02743793e-06  1.19346399e-06  1.19025717e-06  1.39095230e-06
      2.04830312e-06]
    [ 6.56635030e-07  4.06399223e-07  1.05876764e-06  9.12579648e-07
      7.18096581e-07]
    [ 1.64934873e-06  1.54351299e-06  2.50138474e-06  3.47959858e-06
      3.51493195e-06]]

   [[ 6.04825091e-06  5.97902235e-06  3.93557111e-06  2.36261617e-06
      1.57395292e-06]
    [ 7.09048183e-06  5.59877718e-06  2.62534840e-06  8.70523120e-07
      4.87203075e-07]
    [ 4.53238349e-06  2.80165370e-06  1.64353552e-06  1.38927871e-06
      1.92792568e-06]
    [ 2.03524028e-06  1.22963984e-06  1.37934018e-06  1.07502596e-06
      1.32784836e-06]
    [ 2.89242215e-06  2.87004777e-06  3.20007825e-06  3.60671869e-06
      4.01613106e-06]]

   [[ 3.75371381e-06  5.10535683e-06  6.24159027e-06  6.72977223e-06
      5.18436233e-06]
    [ 4.63317898e-06  6.78119585e-06  7.82354649e-06  6.96959189e-06
      4.65379122e-06]
    [ 7.17942077e-06  9.64579631e-06  8.38827426e-06  4.60258917e-06
      2.74040413e-06]
    [ 9.05272766e-06  9.57653742e-06  5.38639063e-06  2.13506275e-06
      1.34082805e-06]
    [ 7.88806167e-06  7.19513110e-06  3.98056167e-06  2.35947398e-06
      2.03717982e-06]]

   [[ 4.54969362e-06  5.00675115e-06  3.56022298e-06  2.18756276e-06
      1.31126830e-06]
    [ 4.15788747e-06  2.88187720e-06  1.14369016e-06  5.46642279e-07
      8.11968333e-07]
    [ 1.87398038e-06  1.23671421e-06  1.12683304e-06  2.08179791e-06
      3.98367134e-06]
    [ 8.99055578e-07  8.37400081e-07  9.22336430e-07  1.30186196e-06
      2.85958433e-06]
    [ 1.95283810e-06  2.33311929e-06  3.20711515e-06  4.69998557e-06
      5.26305992e-06]]

   [[ 5.06047711e-06  4.77206368e-06  3.43819759e-06  1.89592841e-06
      1.02713993e-06]
    [ 4.12878902e-06  2.71704932e-06  1.12905560e-06  4.31888783e-07
      4.99586240e-07]
    [ 1.87742065e-06  1.17348783e-06  1.23630217e-06  1.38017919e-06
      2.05824554e-06]
    [ 6.24983762e-07  3.96701288e-07  9.11791622e-07  8.69496490e-07
      6.96871762e-07]
    [ 1.75467910e-06  1.68294959e-06  2.47888078e-06  3.65696218e-06
      3.88024658e-06]]]


  [[[ 2.89328522e-06  9.46862629e-07  4.17192549e-07  7.74537661e-07
      1.04538495e-06]
    [ 1.73677009e-06  1.43157688e-06  1.19134557e-06  1.20187223e-06
      1.82540582e-06]
    [ 2.53830705e-06  3.27127255e-06  2.78213503e-06  1.56431360e-06
      1.27672324e-06]
    [ 4.72995372e-06  4.03884556e-06  1.81607613e-06  1.20807981e-06
      1.72705471e-06]
    [ 2.86449719e-06  1.99408334e-06  1.48720685e-06  2.56200174e-06
      2.76388750e-06]]

   [[ 2.84734112e-06  3.26846626e-06  2.83514205e-06  2.31794179e-06
      2.02523590e-06]
    [ 4.33390135e-06  3.60893403e-06  2.50343964e-06  2.43471321e-06
      2.58958708e-06]
    [ 4.68311310e-06  3.45163049e-06  2.71827041e-06  3.39690804e-06
      3.76910875e-06]
    [ 3.41979193e-06  2.87401715e-06  2.63080631e-06  3.20918472e-06
      2.89368254e-06]
    [ 3.27443445e-06  2.13989756e-06  1.38981431e-06  1.42169301e-06
      1.78568580e-06]]

   [[ 4.31208099e-06  3.33904785e-06  2.46314061e-06  2.21573907e-06
      2.16967711e-06]
    [ 5.31564357e-06  4.76703004e-06  3.11184154e-06  3.04023923e-06
      2.86069269e-06]
    [ 6.18868920e-06  5.01370982e-06  2.70393643e-06  2.81666949e-06
      2.83195447e-06]
    [ 3.89638304e-06  2.78947545e-06  2.04294697e-06  2.47642284e-06
      2.51006371e-06]
    [ 3.45436274e-06  2.39641559e-06  1.45510880e-06  1.80449044e-06
      1.93081000e-06]]

   [[ 6.74461828e-06  4.54535388e-06  3.14917654e-06  2.51110290e-06
      2.54445380e-06]
    [ 5.37224856e-06  3.20173218e-06  2.30442818e-06  2.46693820e-06
      3.05032921e-06]
    [ 4.17263372e-06  4.37498967e-06  4.29981858e-06  4.00981095e-06
      3.07859618e-06]
    [ 5.80387589e-06  6.99880184e-06  4.99713837e-06  2.81587951e-06
      2.00095659e-06]
    [ 5.84196124e-06  5.38727779e-06  2.50803542e-06  1.77407743e-06
      2.05113881e-06]]

   [[ 1.97213158e-06  2.26017488e-06  1.92431136e-06  2.64786068e-06
      2.85087388e-06]
    [ 3.71631844e-06  3.37839968e-06  2.60996343e-06  2.51754354e-06
      2.37863453e-06]
    [ 4.66938855e-06  3.93381969e-06  3.64366705e-06  4.02214034e-06
      3.18578475e-06]
    [ 3.27157575e-06  2.72768256e-06  2.74216414e-06  3.64326787e-06
      2.65175844e-06]
    [ 3.17644193e-06  2.13197117e-06  2.20111192e-06  3.18735972e-06
      2.50631504e-06]]

   [[ 2.92755118e-06  3.13109098e-06  2.88659737e-06  2.42272772e-06
      2.29679551e-06]
    [ 4.26724135e-06  3.36179026e-06  2.64969399e-06  2.53497954e-06
      2.60359423e-06]
    [ 4.29480991e-06  3.52475053e-06  3.12465620e-06  3.51297017e-06
      3.72895340e-06]
    [ 3.39071815e-06  3.05437955e-06  2.80055850e-06  3.23622694e-06
      2.82101940e-06]
    [ 3.31538940e-06  2.25265030e-06  1.54272342e-06  1.58660004e-06
      1.83546147e-06]]]


  [[[ 2.35172686e-06  1.89104361e-06  9.34502920e-07  4.87388398e-07
      3.99882009e-07]
    [ 1.90226611e-06  1.73400839e-06  8.04230438e-07  1.40120851e-06
      1.07117097e-06]
    [ 1.04218877e-06  1.29098527e-06  1.03220429e-06  1.08207626e-06
      1.08956728e-06]
    [ 1.71001745e-06  2.02169564e-06  2.01460687e-06  1.61139570e-06
      1.29389408e-06]
    [ 2.88276718e-06  3.60457037e-06  3.74757649e-06  3.46389022e-06
      2.69376640e-06]]

   [[ 7.75640198e-07  9.49814661e-07  8.83845683e-07  1.15753610e-06
      2.30556049e-06]
    [ 9.59069489e-07  1.17833221e-06  1.68192016e-06  2.14197873e-06
      3.00838066e-06]
    [ 2.66479582e-06  3.07516720e-06  3.48029934e-06  3.91828191e-06
      3.60448558e-06]
    [ 3.41051658e-06  4.56645423e-06  5.20605199e-06  4.77920276e-06
      3.24388884e-06]
    [ 5.32843493e-06  4.46239034e-06  2.58944370e-06  1.38504146e-06
      1.18149146e-06]]

   [[ 1.50384680e-06  1.98068526e-06  1.72113091e-06  1.44334331e-06
      1.57244280e-06]
    [ 1.12755140e-06  1.76412075e-06  2.53222176e-06  2.61616152e-06
      2.43525606e-06]
    [ 2.19997640e-06  2.83580016e-06  3.07746214e-06  3.12427403e-06
      2.41193419e-06]
    [ 2.47980172e-06  3.24831826e-06  4.13113546e-06  3.50076623e-06
      2.18630812e-06]
    [ 4.34067832e-06  4.21536711e-06  2.56428594e-06  1.08348505e-06
      1.08683953e-06]]

   [[ 3.05151352e-06  3.37946302e-06  2.68291939e-06  9.83429690e-07
      8.33269165e-07]
    [ 2.90750131e-06  2.67492208e-06  1.78264715e-06  5.93176549e-07
      1.29383565e-06]
    [ 1.14723747e-06  1.72989252e-06  1.78096079e-06  8.09699485e-07
      9.74122394e-07]
    [ 9.02217512e-07  2.29927713e-06  2.67478935e-06  1.61962670e-06
      1.45560243e-06]
    [ 1.89887748e-06  2.49380016e-06  2.57267236e-06  1.94665312e-06
      2.08812069e-06]]

   [[ 9.37642061e-07  1.25311529e-06  1.40607014e-06  1.57310349e-06
      2.41404414e-06]
    [ 9.40318084e-07  1.41954080e-06  2.25131736e-06  2.86736677e-06
      3.90520822e-06]
    [ 2.80456149e-06  3.36783236e-06  3.36771532e-06  3.66363722e-06
      3.00523958e-06]
    [ 3.33046357e-06  4.59662400e-06  4.39537477e-06  3.47962301e-06
      2.14512426e-06]
    [ 5.11686526e-06  3.59878923e-06  1.49811190e-06  7.71958130e-07
      8.23670492e-07]]

   [[ 6.90412576e-07  8.28499389e-07  7.99501928e-07  1.10867916e-06
      2.31441991e-06]
    [ 9.09388962e-07  1.08745975e-06  1.66856381e-06  2.26009451e-06
      3.13746577e-06]
    [ 2.89197763e-06  3.12247647e-06  3.57066361e-06  3.77488711e-06
      3.27514799e-06]
    [ 3.36636661e-06  4.51344089e-06  5.22808794e-06  4.65249087e-06
      3.03568118e-06]
    [ 5.35373851e-06  4.51175159e-06  2.55483358e-06  1.25506271e-06
      1.10873706e-06]]]


  [[[ 5.93782951e-07  3.97634252e-07  3.24220073e-07  3.02944442e-07
      2.91154513e-07]
    [ 3.79889710e-07  4.25896566e-07  3.86443901e-07  1.93317246e-07
      3.31839413e-07]
    [ 3.80888741e-07  3.43270382e-07  1.41780401e-07  2.38056952e-07
      4.64533550e-07]
    [ 2.92980341e-07  1.55624437e-07  1.89662899e-07  4.32539172e-07
      6.59843144e-07]
    [ 3.41781893e-07  2.66930004e-07  3.21884795e-07  4.98923152e-07
      5.34698324e-07]]

   [[ 3.07263181e-07  3.73439253e-07  2.44303978e-07  2.19430320e-07
      3.09737223e-07]
    [ 3.99560982e-07  3.60974945e-07  2.08273941e-07  2.60671601e-07
      4.64033688e-07]
    [ 4.19565257e-07  2.75030640e-07  2.13692717e-07  3.62216988e-07
      5.52492035e-07]
    [ 6.90426213e-07  4.31464275e-07  3.13564998e-07  4.29633196e-07
      2.67305788e-07]
    [ 1.04000894e-06  7.49690211e-07  2.16041951e-07  9.52446269e-08
      1.95446894e-07]]

   [[ 7.19793874e-07  3.92601095e-07  2.48872426e-07  2.83768137e-07
      2.91750239e-07]
    [ 7.30673807e-07  4.15899798e-07  1.86989825e-07  2.59960943e-07
      4.12474322e-07]
    [ 4.62224768e-07  2.62269952e-07  2.05844758e-07  3.45452092e-07
      4.63826657e-07]
    [ 4.96227010e-07  3.15793708e-07  2.96239712e-07  3.89628452e-07
      3.18248612e-07]
    [ 8.28868297e-07  5.79774568e-07  2.68241109e-07  1.06321358e-07
      1.51890432e-07]]

   [[ 1.42496567e-06  5.05600969e-07  3.79300624e-07  8.21142259e-07
      8.50956147e-07]
    [ 1.15227685e-06  5.97337599e-07  5.49264884e-07  3.96077428e-07
      4.04802721e-07]
    [ 9.68707346e-07  8.24667877e-07  4.96744586e-07  1.79978153e-07
      5.31015226e-07]
    [ 1.07512803e-06  9.00801883e-07  2.67951518e-07  2.60873277e-07
      5.19318128e-07]
    [ 5.96287283e-07  5.93051373e-07  2.21419447e-07  4.36684088e-07
      6.89475876e-07]]

   [[ 3.53212171e-07  3.11249299e-07  3.42373250e-07  2.99834964e-07
      2.42875525e-07]
    [ 4.44359889e-07  3.62139513e-07  3.01683560e-07  3.00491538e-07
      4.65336998e-07]
    [ 4.12823055e-07  3.36071212e-07  3.89441648e-07  6.61173471e-07
      9.15551874e-07]
    [ 5.71351668e-07  3.65649964e-07  3.78379659e-07  6.14240951e-07
      5.35951276e-07]
    [ 9.73023574e-07  7.09288889e-07  3.53377186e-07  2.03512667e-07
      3.41713033e-07]]

   [[ 2.92158989e-07  3.30693490e-07  2.94265554e-07  2.37879408e-07
      2.79998536e-07]
    [ 4.14840588e-07  3.81912553e-07  2.27529308e-07  2.49854183e-07
      4.47352818e-07]
    [ 4.50526061e-07  3.03710384e-07  2.28305936e-07  3.43717179e-07
      5.28394103e-07]
    [ 6.58628234e-07  4.38940202e-07  3.16399339e-07  4.08818367e-07
      2.40902299e-07]
    [ 1.06262429e-06  7.85125818e-07  2.49502300e-07  9.64250149e-08
      2.13142851e-07]]]


  [[[ 3.49051872e-06  2.10199875e-06  2.30847988e-06  2.20984803e-06
      2.20572495e-06]
    [ 5.01817172e-06  5.00830982e-06  5.84681413e-06  4.86424823e-06
      3.75736080e-06]
    [ 9.08025988e-06  7.71930647e-06  5.78920517e-06  3.77129022e-06
      1.90101933e-06]
    [ 8.36305764e-06  5.90728250e-06  3.48691165e-06  2.48377020e-06
      1.95977349e-06]
    [ 3.56990161e-06  2.84476990e-06  2.24103847e-06  2.16944358e-06
      2.03718589e-06]]

   [[ 7.42394816e-06  6.98525054e-06  5.77938482e-06  4.59630331e-06
      3.25094367e-06]
    [ 8.37765169e-06  6.89935782e-06  5.29048928e-06  3.82968643e-06
      3.44890900e-06]
    [ 4.41490283e-06  3.59620776e-06  3.17022193e-06  3.25878590e-06
      4.25391915e-06]
    [ 1.58522864e-06  1.16946093e-06  1.23900835e-06  1.63815284e-06
      1.89097436e-06]
    [ 2.88026079e-06  2.29577162e-06  1.49459936e-06  1.09609981e-06
      1.08425461e-06]]

   [[ 1.02663941e-05  8.51996452e-06  7.05009873e-06  5.98480124e-06
      4.16716723e-06]
    [ 1.32055706e-05  1.07543258e-05  8.05671986e-06  5.86801356e-06
      4.05201570e-06]
    [ 9.11916094e-06  6.67637100e-06  4.47493254e-06  3.76785115e-06
      4.16551823e-06]
    [ 4.57622607e-06  3.18037831e-06  1.99234767e-06  2.07374741e-06
      2.52744309e-06]
    [ 5.88062405e-06  5.45971097e-06  2.85736990e-06  2.23493464e-06
      2.32518250e-06]]

   [[ 9.51756177e-06  7.04611762e-06  6.63605456e-06  7.32171946e-06
      7.29959842e-06]
    [ 8.74559990e-06  7.18771305e-06  7.92242740e-06  8.68988548e-06
      7.52777918e-06]
    [ 1.17478526e-05  1.17100133e-05  1.01053780e-05  7.82317046e-06
      4.86199062e-06]
    [ 1.27907313e-05  1.17285320e-05  7.51847582e-06  4.76479155e-06
      2.63844822e-06]
    [ 1.00226104e-05  9.49961938e-06  5.74238716e-06  4.81489312e-06
      3.39841066e-06]]

   [[ 7.28265770e-06  7.81414592e-06  7.64486864e-06  6.71051886e-06
      5.16686660e-06]
    [ 9.22771090e-06  7.73713536e-06  6.17606437e-06  4.78393086e-06
      4.72250904e-06]
    [ 4.96303209e-06  4.01191322e-06  3.88118124e-06  5.02098651e-06
      6.68294566e-06]
    [ 2.16721486e-06  1.89918766e-06  1.94179002e-06  2.98263804e-06
      4.40680560e-06]
    [ 3.45002631e-06  3.95284517e-06  3.69388504e-06  3.88173047e-06
      4.75534610e-06]]

   [[ 7.12976248e-06  6.81755762e-06  6.21418896e-06  5.06234589e-06
      3.71711257e-06]
    [ 7.78466416e-06  6.56440499e-06  5.33520762e-06  3.87873132e-06
      3.67966356e-06]
    [ 3.93413592e-06  3.31247568e-06  3.28788751e-06  3.09787840e-06
      4.17680019e-06]
    [ 1.35409356e-06  1.03025877e-06  1.22764083e-06  1.47338143e-06
      1.70334491e-06]
    [ 2.75420025e-06  2.16747179e-06  1.56251436e-06  1.28161421e-06
      1.25152540e-06]]]


  [[[ 4.71667942e-06  3.55774810e-06  2.50733649e-06  2.35376216e-06
      2.26713464e-06]
    [ 4.41342532e-06  4.04376600e-06  3.13460686e-06  2.98463272e-06
      2.83586412e-06]
    [ 4.61169171e-06  3.91929609e-06  2.59829716e-06  2.01062273e-06
      2.01756368e-06]
    [ 3.98519037e-06  2.76546447e-06  2.29186525e-06  2.32688274e-06
      2.24168092e-06]
    [ 3.25121963e-06  2.77931181e-06  3.56010847e-06  4.78280829e-06
      4.11232784e-06]]

   [[ 1.48562372e-06  1.60322579e-06  1.74693516e-06  1.71973202e-06
      1.87601078e-06]
    [ 1.71605496e-06  1.93729628e-06  2.22411338e-06  2.36446323e-06
      1.87358100e-06]
    [ 1.88760680e-06  2.00960721e-06  2.71971471e-06  3.53553637e-06
      2.97868026e-06]
    [ 2.84261870e-06  3.14336342e-06  4.22351647e-06  5.39458568e-06
      4.35332593e-06]
    [ 5.39375487e-06  4.24456015e-06  3.29792396e-06  2.64584542e-06
      1.68986079e-06]]

   [[ 2.96210377e-06  3.04512286e-06  2.88196118e-06  2.49758537e-06
      1.70420821e-06]
    [ 4.12106465e-06  4.48795857e-06  4.39228724e-06  3.16213736e-06
      1.88039085e-06]
    [ 4.65995584e-06  3.56126489e-06  3.66012311e-06  3.94112833e-06
      3.14385721e-06]
    [ 4.13099928e-06  3.49895286e-06  4.29848250e-06  5.45495158e-06
      4.76130828e-06]
    [ 5.90052668e-06  4.77543688e-06  3.86416059e-06  3.50176506e-06
      2.49988998e-06]]

   [[ 5.67638340e-06  4.78841477e-06  3.92883347e-06  3.03465851e-06
      2.60737414e-06]
    [ 4.46475346e-06  4.51536103e-06  4.06834216e-06  3.63541217e-06
      2.67225446e-06]
    [ 4.24885554e-06  4.14116785e-06  3.36123983e-06  3.17965161e-06
      2.47054073e-06]
    [ 3.98569939e-06  2.70195870e-06  2.13105368e-06  2.47768361e-06
      2.74346369e-06]
    [ 4.50614926e-06  3.38564762e-06  2.75683202e-06  3.91717183e-06
      4.83837642e-06]]

   [[ 1.96323103e-06  2.41504015e-06  3.17841666e-06  2.43120443e-06
      2.02587649e-06]
    [ 2.67762472e-06  3.22304492e-06  3.59228083e-06  2.96794002e-06
      2.38488984e-06]
    [ 2.69340521e-06  2.53782386e-06  3.23567901e-06  4.52500924e-06
      4.14101948e-06]
    [ 3.14373242e-06  3.40189044e-06  4.47447188e-06  5.87870373e-06
      4.59166660e-06]
    [ 4.99969978e-06  4.09857705e-06  3.00433857e-06  2.52323038e-06
      1.48097613e-06]]

   [[ 1.05645039e-06  1.29283776e-06  1.61334827e-06  1.65344272e-06
      1.87700581e-06]
    [ 1.28590744e-06  1.67351579e-06  2.22722462e-06  2.36359825e-06
      1.86556168e-06]
    [ 1.53407635e-06  1.80305715e-06  2.66775707e-06  3.35029550e-06
      2.75073834e-06]
    [ 2.41564820e-06  3.01061368e-06  4.13261218e-06  5.22437246e-06
      4.16935522e-06]
    [ 4.97780539e-06  3.91672140e-06  3.05470910e-06  2.42247402e-06
      1.53510779e-06]]]


  [[[ 2.19145837e-06  1.77434420e-06  2.00826135e-06  2.13584713e-06
      1.69994429e-06]
    [ 1.95922673e-06  2.18979312e-06  2.42236457e-06  2.07414687e-06
      1.32441987e-06]
    [ 2.71559924e-06  2.66234317e-06  2.53374827e-06  2.10131174e-06
      2.34794230e-06]
    [ 2.39115462e-06  2.21550954e-06  2.82291543e-06  3.46407564e-06
      4.20195835e-06]
    [ 2.93151032e-06  3.47912344e-06  4.90723585e-06  5.16178767e-06
      4.97255168e-06]]

   [[ 1.74040600e-06  1.32836586e-06  1.13641649e-06  1.26348378e-06
      1.02471719e-06]
    [ 1.64941975e-06  1.87328072e-06  2.95945064e-06  3.74663636e-06
      3.49519233e-06]
    [ 2.86977844e-06  3.84120974e-06  5.20028193e-06  5.71415057e-06
      5.01495199e-06]
    [ 4.89118725e-06  5.53068646e-06  6.31960325e-06  6.26592677e-06
      5.27276619e-06]
    [ 1.02198383e-05  8.92493063e-06  7.64745378e-06  6.75814603e-06
      5.92094493e-06]]

   [[ 2.08580618e-06  1.98490156e-06  2.27888081e-06  2.40775169e-06
      1.41960140e-06]
    [ 2.77483146e-06  3.18818212e-06  3.82063976e-06  3.79027896e-06
      2.91628137e-06]
    [ 3.86893155e-06  3.92963197e-06  4.66463305e-06  4.82625535e-06
      4.43130111e-06]
    [ 4.52875682e-06  4.62609572e-06  6.16850297e-06  5.44998034e-06
      4.98791667e-06]
    [ 8.30821042e-06  7.67804422e-06  8.05785342e-06  6.26864040e-06
      5.42410194e-06]]

   [[ 4.85804929e-06  3.88768544e-06  3.62381567e-06  2.44974415e-06
      1.71792336e-06]
    [ 3.68572295e-06  2.45918521e-06  2.76775708e-06  2.78575749e-06
      2.94586274e-06]
    [ 2.97113138e-06  3.27789058e-06  3.61692967e-06  2.22644001e-06
      1.67261402e-06]
    [ 2.65869877e-06  2.74060878e-06  2.32831091e-06  1.43349643e-06
      1.67793038e-06]
    [ 2.98074220e-06  2.35171884e-06  2.40729571e-06  3.27275283e-06
      3.62328301e-06]]

   [[ 2.04406401e-06  2.17504816e-06  2.62091450e-06  2.41786729e-06
      1.82202680e-06]
    [ 2.74190876e-06  3.35487544e-06  4.72813230e-06  5.05015143e-06
      5.09571631e-06]
    [ 4.02178296e-06  4.38872549e-06  5.45878054e-06  5.93906470e-06
      5.62612301e-06]
    [ 5.10306694e-06  5.98869143e-06  5.62164298e-06  4.63256225e-06
      4.62599567e-06]
    [ 9.52810202e-06  8.62169775e-06  6.66196872e-06  5.52679473e-06
      4.99312828e-06]]

   [[ 1.59887227e-06  1.08084816e-06  9.56299853e-07  1.23936547e-06
      1.06804410e-06]
    [ 1.35340130e-06  1.68264453e-06  2.93894968e-06  3.83421234e-06
      3.68320480e-06]
    [ 2.64544120e-06  3.81564357e-06  5.17890774e-06  5.43531641e-06
      4.78287192e-06]
    [ 4.68866903e-06  5.43639654e-06  6.11468151e-06  5.98482406e-06
      5.15019682e-06]
    [ 1.05121874e-05  9.09348303e-06  7.42144118e-06  6.71103371e-06
      6.20580480e-06]]]


  [[[ 7.34582319e-06  7.36007904e-06  5.73517289e-06  4.01855001e-06
      2.71387490e-06]
    [ 4.10093713e-06  4.04893975e-06  3.38694952e-06  2.71041323e-06
      2.34490610e-06]
    [ 2.16541644e-06  3.12320870e-06  4.78533172e-06  3.18699710e-06
      1.35398581e-06]
    [ 6.87429939e-06  6.01471558e-06  3.21522904e-06  1.38229682e-06
      1.01110977e-06]
    [ 5.51670198e-06  3.33426322e-06  1.06094848e-06  1.48819182e-06
      1.77616879e-06]]

   [[ 1.32318208e-06  2.01939320e-06  2.51834287e-06  2.52898563e-06
      1.77846053e-06]
    [ 4.86630089e-06  4.75834129e-06  3.63675315e-06  2.18640810e-06
      1.27947851e-06]
    [ 6.76795116e-06  5.61333003e-06  3.55174204e-06  3.72686879e-06
      3.84425373e-06]
    [ 3.71926456e-06  2.37305128e-06  2.12271257e-06  4.05508785e-06
      4.13551982e-06]
    [ 2.44850402e-06  1.98780114e-06  1.31537855e-06  2.69116245e-06
      3.72340842e-06]]

   [[ 3.05991166e-06  1.96890715e-06  1.86500477e-06  2.12232201e-06
      1.78557641e-06]
    [ 5.12323901e-06  5.19044581e-06  4.00141599e-06  2.56205661e-06
      1.75537048e-06]
    [ 8.57154612e-06  8.41529617e-06  4.33745922e-06  3.65267353e-06
      3.92083828e-06]
    [ 6.57553958e-06  4.11586696e-06  1.54674886e-06  2.87991995e-06
      3.48892713e-06]
    [ 3.79643826e-06  3.27741048e-06  1.29536148e-06  1.93411693e-06
      2.27383320e-06]]

   [[ 7.26994595e-06  5.98430412e-06  6.12360631e-06  4.38761923e-06
      3.25072045e-06]
    [ 5.21007639e-06  5.49843513e-06  6.09852213e-06  3.89589186e-06
      3.92544673e-06]
    [ 3.71099304e-06  5.02607565e-06  6.02984612e-06  4.99204570e-06
      4.17029008e-06]
    [ 5.92954302e-06  7.73814018e-06  7.52923347e-06  5.20358952e-06
      3.51997995e-06]
    [ 6.63802008e-06  7.51526728e-06  6.64304704e-06  5.56246858e-06
      3.99708866e-06]]

   [[ 1.06440793e-06  1.32727000e-06  2.13210999e-06  2.87265333e-06
      1.94613397e-06]
    [ 4.60787257e-06  5.16081491e-06  3.68853440e-06  2.39046911e-06
      1.28280180e-06]
    [ 6.69348563e-06  5.11864065e-06  4.12641251e-06  4.88876177e-06
      3.69168490e-06]
    [ 3.46065353e-06  2.09427064e-06  2.23564605e-06  3.90872867e-06
      3.26218674e-06]
    [ 2.19895797e-06  1.87406251e-06  1.52205867e-06  2.81838336e-06
      2.38590522e-06]]

   [[ 1.29408618e-06  2.11643805e-06  2.67133113e-06  2.62050471e-06
      1.83698397e-06]
    [ 5.03070522e-06  5.01865010e-06  4.10285707e-06  2.51974528e-06
      1.41516055e-06]
    [ 6.03108371e-06  5.53447134e-06  4.22910263e-06  4.19852889e-06
      4.14031318e-06]
    [ 3.16367378e-06  2.10301385e-06  2.28791477e-06  4.18626814e-06
      4.07845582e-06]
    [ 2.22469587e-06  1.65413798e-06  1.54712065e-06  3.09523066e-06
      4.08393290e-06]]]


  [[[ 1.37523693e-06  1.60404367e-06  2.02574121e-06  2.47842302e-06
      2.71581430e-06]
    [ 3.77265826e-06  5.11461973e-06  5.86286799e-06  5.57782640e-06
      4.66104572e-06]
    [ 4.55974817e-06  5.02514395e-06  3.60944283e-06  2.26144440e-06
      1.44728760e-06]
    [ 2.12056603e-06  1.42879399e-06  1.04825211e-06  8.33514470e-07
      5.33993791e-07]
    [ 1.25372655e-06  1.28021250e-06  1.67979621e-06  1.30901526e-06
      8.67062451e-07]]

   [[ 5.29111912e-06  4.91629021e-06  3.89419957e-06  2.89500957e-06
      1.51653602e-06]
    [ 1.68226204e-06  1.01500193e-06  8.82232116e-07  9.38152691e-07
      9.53723700e-07]
    [ 1.30843800e-06  1.56509646e-06  1.98330308e-06  1.75038080e-06
      9.73527090e-07]
    [ 1.06291731e-06  1.07534702e-06  1.66064221e-06  1.72821036e-06
      1.89882229e-06]
    [ 5.81950108e-06  6.40305818e-06  6.97170402e-06  7.83332704e-06
      8.21850810e-06]]

   [[ 5.52007793e-06  5.63334347e-06  5.40827249e-06  4.32103659e-06
      3.05643875e-06]
    [ 2.67583234e-06  2.89013063e-06  2.24847219e-06  1.26342337e-06
      6.28787432e-07]
    [ 2.08580381e-06  1.79356900e-06  1.66192504e-06  1.40294686e-06
      7.90912915e-07]
    [ 2.61070515e-06  1.65327817e-06  1.58392022e-06  1.90750808e-06
      2.43562697e-06]
    [ 6.58074021e-06  6.83983738e-06  7.89171259e-06  8.63176899e-06
      8.54840605e-06]]

   [[ 1.44703018e-06  1.99403604e-06  2.18856246e-06  1.94133625e-06
      2.09738505e-06]
    [ 2.50651799e-06  3.91963486e-06  5.09088436e-06  6.12973539e-06
      7.38671422e-06]
    [ 5.92110151e-06  9.27189611e-06  8.96850762e-06  6.76543898e-06
      5.51056384e-06]
    [ 6.03985009e-06  7.71429281e-06  4.77737964e-06  2.39073474e-06
      1.99533213e-06]
    [ 4.24488448e-06  3.26338947e-06  1.57552871e-06  1.74639498e-06
      2.53683824e-06]]

   [[ 4.99553756e-06  5.46863136e-06  4.58765302e-06  3.14230202e-06
      1.88691313e-06]
    [ 2.18941302e-06  1.93079519e-06  1.33418807e-06  1.01266438e-06
      1.09105244e-06]
    [ 1.41635234e-06  1.40224753e-06  1.41253323e-06  1.27931380e-06
      1.12968801e-06]
    [ 1.34726962e-06  1.33710787e-06  1.51055942e-06  1.85071022e-06
      2.61465079e-06]
    [ 6.16070403e-06  7.10715582e-06  8.18785799e-06  9.57625301e-06
      9.17622444e-06]]

   [[ 5.21140522e-06  4.48527734e-06  3.51641270e-06  2.72024210e-06
      1.45461980e-06]
    [ 1.31367966e-06  7.29813805e-07  8.05208859e-07  9.58807538e-07
      1.08350514e-06]
    [ 1.34371041e-06  1.76427215e-06  2.10985960e-06  1.69528862e-06
      9.15332257e-07]
    [ 9.94600322e-07  1.03156451e-06  1.55574043e-06  1.77134130e-06
      2.05328104e-06]
    [ 6.18947795e-06  6.80690976e-06  7.15232139e-06  8.38363819e-06
      8.94249818e-06]]]


  [[[ 4.12607099e-06  3.08214306e-06  2.47090442e-06  2.32986466e-06
      3.28469973e-06]
    [ 3.50643697e-06  3.35584573e-06  3.41667840e-06  4.17350539e-06
      3.56851433e-06]
    [ 3.59612363e-06  3.38399134e-06  2.70637588e-06  1.75464519e-06
      1.34352047e-06]
    [ 6.05836289e-06  4.18428527e-06  2.46252063e-06  2.30034960e-06
      2.87238298e-06]
    [ 3.82017877e-06  1.89372470e-06  1.86174157e-06  2.69016326e-06
      2.05224559e-06]]

   [[ 2.49411226e-06  2.19856490e-06  2.06343785e-06  2.03663614e-06
      2.38462652e-06]
    [ 1.92067569e-06  1.62486079e-06  1.46576795e-06  1.49048983e-06
      1.77631512e-06]
    [ 1.88896391e-06  1.45659368e-06  1.50314452e-06  1.88223572e-06
      1.46364761e-06]
    [ 1.26055915e-06  1.42877536e-06  2.06915399e-06  2.15339403e-06
      1.01859520e-06]
    [ 2.49509047e-06  1.93326749e-06  1.20320128e-06  7.86124204e-07
      4.52918365e-07]]

   [[ 2.75349519e-06  2.82575433e-06  2.61924422e-06  1.84843409e-06
      1.93219293e-06]
    [ 2.78332917e-06  3.29648424e-06  3.20638794e-06  1.28671318e-06
      1.35151251e-06]
    [ 4.14601827e-06  3.61995042e-06  2.94121262e-06  1.84023226e-06
      1.90092226e-06]
    [ 2.28926564e-06  8.82006652e-07  1.56137042e-06  2.10020062e-06
      9.99474216e-07]
    [ 1.83130877e-06  1.60151435e-06  1.27583379e-06  1.38293446e-06
      4.51496775e-07]]

   [[ 5.98644399e-06  4.97603054e-06  3.42445202e-06  1.56244927e-06
      1.27251057e-06]
    [ 7.14455386e-06  5.17501448e-06  4.18860107e-06  1.50182469e-06
      1.32129328e-06]
    [ 5.75010009e-06  4.89045408e-06  5.16645728e-06  2.64432149e-06
      1.60732244e-06]
    [ 4.90097478e-06  4.74308956e-06  4.43031148e-06  3.05711880e-06
      2.86465181e-06]
    [ 6.65198270e-06  4.17525218e-06  3.06980925e-06  4.93093842e-06
      4.32807267e-06]]

   [[ 2.52615595e-06  2.10228725e-06  1.87192095e-06  1.92452457e-06
      2.05515591e-06]
    [ 2.96659858e-06  2.68439452e-06  1.81606274e-06  1.62546450e-06
      2.39752493e-06]
    [ 3.55216489e-06  2.91419429e-06  2.40984691e-06  3.28979934e-06
      3.02644532e-06]
    [ 1.45259056e-06  1.45143776e-06  2.33045762e-06  2.58193969e-06
      1.50620209e-06]
    [ 2.29709424e-06  1.50957812e-06  9.84536220e-07  8.81679321e-07
      5.18987307e-07]]

   [[ 2.42204541e-06  2.09696948e-06  1.96380232e-06  1.90749170e-06
      2.57713410e-06]
    [ 1.85950840e-06  1.65789256e-06  1.58715570e-06  1.78197777e-06
      1.93306391e-06]
    [ 1.69555323e-06  1.33330747e-06  1.45324883e-06  1.69668035e-06
      1.23611570e-06]
    [ 1.09613281e-06  1.35359640e-06  1.94597401e-06  1.94696808e-06
      8.94138533e-07]
    [ 2.58666436e-06  2.03677858e-06  1.19792566e-06  7.01662760e-07
      5.04020443e-07]]]


  [[[ 3.47500441e-06  4.70515890e-06  5.44235384e-06  4.46535368e-06
      3.45802572e-06]
    [ 4.25588560e-06  5.91474344e-06  5.06579298e-06  3.32552142e-06
      3.49316970e-06]
    [ 6.50842587e-06  5.65244757e-06  3.08065514e-06  2.11572872e-06
      2.38309328e-06]
    [ 6.95890051e-06  3.43917305e-06  2.95937685e-06  3.39071430e-06
      4.49225961e-06]
    [ 3.17167833e-06  1.85697979e-06  3.56887612e-06  4.70739563e-06
      4.23107426e-06]]

   [[ 3.05260364e-06  2.88212626e-06  1.84458709e-06  1.64953215e-06
      1.70834116e-06]
    [ 2.67954864e-06  1.82197963e-06  1.93054499e-06  2.64261450e-06
      1.73631656e-06]
    [ 1.90345123e-06  1.22296996e-06  1.93872343e-06  2.88167625e-06
      2.14688666e-06]
    [ 1.80824240e-06  2.30664189e-06  3.60172918e-06  3.94209771e-06
      2.29107348e-06]
    [ 3.30696544e-06  4.28571898e-06  3.39080866e-06  2.10129098e-06
      9.56551313e-07]]

   [[ 2.46324381e-06  3.53951679e-06  2.59734826e-06  1.87504532e-06
      1.48238538e-06]
    [ 4.43655358e-06  5.01449348e-06  3.71952351e-06  2.85507371e-06
      1.48719515e-06]
    [ 5.15913988e-06  3.52494273e-06  3.18517249e-06  3.37912336e-06
      2.38563719e-06]
    [ 2.74123461e-06  2.15994460e-06  3.46735951e-06  3.62230898e-06
      2.37356205e-06]
    [ 2.90458088e-06  2.75137530e-06  2.73941626e-06  2.33803144e-06
      1.58318644e-06]]

   [[ 3.13975422e-06  3.95348087e-06  4.57935412e-06  3.44089584e-06
      2.11990915e-06]
    [ 3.64289337e-06  6.94791286e-06  8.28924647e-06  3.46903300e-06
      1.33721185e-06]
    [ 4.84215090e-06  7.83154049e-06  6.50181005e-06  2.48174096e-06
      1.73803859e-06]
    [ 5.54193610e-06  5.45132124e-06  2.88966928e-06  1.52968372e-06
      1.71418415e-06]
    [ 6.27558967e-06  4.85150698e-06  3.42531740e-06  2.62731637e-06
      2.93792910e-06]]

   [[ 3.22050481e-06  2.94541778e-06  1.71467847e-06  1.82868429e-06
      1.97809694e-06]
    [ 3.93749886e-06  2.81672174e-06  2.83884561e-06  3.21797968e-06
      2.57486032e-06]
    [ 3.17952868e-06  2.22211849e-06  3.08031598e-06  3.70100929e-06
      4.16486507e-06]
    [ 2.31851581e-06  2.64702204e-06  3.41507960e-06  3.13206710e-06
      2.89139022e-06]
    [ 3.04108822e-06  2.48623537e-06  1.69113530e-06  1.36780541e-06
      1.15506924e-06]]

   [[ 2.91510354e-06  2.54785981e-06  1.85341563e-06  1.53960125e-06
      1.70286333e-06]
    [ 2.75545016e-06  1.75146917e-06  1.87385413e-06  2.58318665e-06
      1.83626630e-06]
    [ 1.72917418e-06  1.08498650e-06  1.65590272e-06  2.59327951e-06
      1.96995248e-06]
    [ 1.57565028e-06  2.28537055e-06  3.53521804e-06  3.76719315e-06
      2.06580193e-06]
    [ 3.41008465e-06  4.37616223e-06  3.39732318e-06  1.77404290e-06
      8.19032148e-07]]]


  [[[ 5.42770415e-06  4.72254344e-06  3.39048602e-06  2.58762211e-06
      2.11850340e-06]
    [ 3.90345636e-06  3.34558030e-06  2.06645200e-06  1.64046008e-06
      1.21080340e-06]
    [ 3.26677720e-06  1.90513578e-06  1.05074861e-06  1.06518571e-06
      1.21413151e-06]
    [ 3.41085228e-06  1.35120928e-06  8.59219643e-07  1.41420870e-06
      1.42663299e-06]
    [ 2.83045670e-06  1.28932110e-06  1.46115163e-06  2.63012172e-06
      1.79176154e-06]]

   [[ 1.15151595e-06  1.09101975e-06  9.11879004e-07  9.10657022e-07
      8.65041651e-07]
    [ 8.99631404e-07  8.25050359e-07  1.11400753e-06  1.43788806e-06
      1.06628859e-06]
    [ 3.52575269e-06  1.91790182e-06  1.42835251e-06  1.87062715e-06
      1.13244896e-06]
    [ 1.99383848e-06  1.18155473e-06  1.23550144e-06  2.09028455e-06
      1.33427964e-06]
    [ 3.02859137e-06  1.94279277e-06  6.27385425e-07  9.27025281e-07
      9.13156241e-07]]

   [[ 2.00592759e-06  1.93009140e-06  1.67358725e-06  1.46934677e-06
      7.40205919e-07]
    [ 2.09700374e-06  1.77542803e-06  1.70765464e-06  1.56285939e-06
      9.25818050e-07]
    [ 4.70101332e-06  2.89927785e-06  1.59167456e-06  1.83746131e-06
      1.16958683e-06]
    [ 3.24398973e-06  1.51152863e-06  1.49677729e-06  2.38557777e-06
      1.69063560e-06]
    [ 3.75985807e-06  2.23774081e-06  1.28671582e-06  1.50494466e-06
      1.27771283e-06]]

   [[ 5.79010625e-06  5.44854523e-06  4.24140775e-06  1.85246018e-06
      1.23055334e-06]
    [ 5.15617515e-06  5.35306146e-06  4.00565394e-06  2.08048896e-06
      1.32430263e-06]
    [ 4.01827287e-06  3.52164632e-06  2.05389019e-06  1.24052730e-06
      9.54778685e-07]
    [ 4.34753983e-06  3.10649184e-06  1.42550897e-06  1.28838789e-06
      1.82730016e-06]
    [ 6.46727362e-06  3.57701712e-06  1.78212698e-06  2.66174873e-06
      3.10757789e-06]]

   [[ 1.47558313e-06  1.62889322e-06  1.86717697e-06  1.16880844e-06
      8.90034696e-07]
    [ 1.44146674e-06  1.28024946e-06  1.61922138e-06  1.66601198e-06
      1.23569892e-06]
    [ 4.09101839e-06  2.36949794e-06  1.59677870e-06  2.21544473e-06
      1.35864782e-06]
    [ 2.04111798e-06  1.23225940e-06  1.69823508e-06  2.87246990e-06
      1.82885423e-06]
    [ 3.24201034e-06  1.66464955e-06  9.75854050e-07  1.47521708e-06
      1.08895434e-06]]

   [[ 8.23265116e-07  7.76602016e-07  8.38748579e-07  9.22781697e-07
      8.83367767e-07]
    [ 8.30725929e-07  8.47013449e-07  1.18382555e-06  1.43549303e-06
      1.06048245e-06]
    [ 3.92023477e-06  2.14661187e-06  1.47162504e-06  1.73852816e-06
      9.87067401e-07]
    [ 1.63684098e-06  1.02734746e-06  1.17519353e-06  1.95374411e-06
      1.33134421e-06]
    [ 2.69733550e-06  1.80073697e-06  5.69414007e-07  7.66816743e-07
      8.37234589e-07]]]


  [[[ 5.28330911e-06  6.19389045e-06  4.56685382e-06  3.12960712e-06
      2.43523789e-06]
    [ 3.81390490e-06  4.12644423e-06  3.93846702e-06  3.31545820e-06
      2.40375733e-06]
    [ 3.05445791e-06  3.91025309e-06  4.70374801e-06  2.60759079e-06
      1.08506880e-06]
    [ 6.80677389e-06  4.73691125e-06  2.00419890e-06  1.11425698e-06
      1.01614917e-06]
    [ 3.80560678e-06  2.01220171e-06  8.85385646e-07  1.65699295e-06
      1.84556285e-06]]

   [[ 2.01011346e-06  2.83472375e-06  3.19681202e-06  2.81856759e-06
      1.53730927e-06]
    [ 6.21785553e-06  5.65255379e-06  3.61270646e-06  1.81318214e-06
      1.06819235e-06]
    [ 6.01091397e-06  4.81486552e-06  3.58841299e-06  4.47713603e-06
      4.58028501e-06]
    [ 2.24571526e-06  1.52481377e-06  2.37427202e-06  5.07022493e-06
      5.43297789e-06]
    [ 1.53198478e-06  1.05074910e-06  1.15483761e-06  3.39569042e-06
      5.63990962e-06]]

   [[ 3.36035345e-06  2.26163261e-06  2.12748197e-06  2.54650451e-06
      1.91594809e-06]
    [ 6.51306553e-06  6.22089979e-06  4.13720363e-06  2.27323607e-06
      1.56755349e-06]
    [ 7.97199320e-06  7.07659407e-06  3.70306926e-06  4.51422242e-06
      4.98984804e-06]
    [ 4.01936408e-06  2.31159039e-06  1.49515463e-06  3.95765970e-06
      4.92363717e-06]
    [ 2.40005064e-06  2.08268292e-06  7.68469947e-07  2.13287570e-06
      3.49198201e-06]]

   [[ 4.73545379e-06  4.07778694e-06  4.35434089e-06  3.17418981e-06
      3.35442831e-06]
    [ 3.79381884e-06  4.23646535e-06  4.28602364e-06  3.27356409e-06
      3.95933671e-06]
    [ 3.78861317e-06  5.23064522e-06  5.11698963e-06  3.74106697e-06
      3.00041373e-06]
    [ 6.41958062e-06  7.07025248e-06  5.54566086e-06  3.19528113e-06
      2.53121582e-06]
    [ 5.71833376e-06  5.96163443e-06  4.99369024e-06  4.29100039e-06
      3.13177775e-06]]

   [[ 1.41530326e-06  2.10018561e-06  3.23394567e-06  3.42537740e-06
      1.74894928e-06]
    [ 6.16039977e-06  6.23968381e-06  3.80650495e-06  2.55130004e-06
      1.41026741e-06]
    [ 6.10002475e-06  4.32736785e-06  4.38107842e-06  6.13865811e-06
      4.74725042e-06]
    [ 1.97130763e-06  1.29424034e-06  2.47338343e-06  5.01006678e-06
      4.53671166e-06]
    [ 1.11979911e-06  9.74935358e-07  1.25505044e-06  3.31886375e-06
      3.54440538e-06]]

   [[ 1.96155328e-06  2.94282063e-06  3.43324730e-06  2.93050462e-06
      1.55654884e-06]
    [ 6.45322091e-06  6.11335977e-06  4.08370199e-06  2.09539061e-06
      1.22340443e-06]
    [ 5.58234664e-06  5.10596544e-06  4.31428834e-06  4.83463617e-06
      4.82931314e-06]
    [ 2.00838821e-06  1.56729460e-06  2.68526721e-06  5.23574415e-06
      5.32580281e-06]
    [ 1.50624020e-06  1.03886246e-06  1.56595608e-06  3.95292197e-06
      6.08095052e-06]]]


  [[[ 2.77182334e-06  2.20819368e-06  2.14131029e-06  2.00689134e-06
      1.96297449e-06]
    [ 2.12901750e-06  2.74926704e-06  3.20175206e-06  3.02868997e-06
      3.68281621e-06]
    [ 2.59581951e-06  4.35589952e-06  6.21647516e-06  4.92539309e-06
      3.19422107e-06]
    [ 6.02985805e-06  7.58447243e-06  5.03274030e-06  2.32541799e-06
      1.01239614e-06]
    [ 5.20829970e-06  4.20087082e-06  1.36306366e-06  8.05557504e-07
      9.05346671e-07]]

   [[ 2.23162331e-06  3.09240412e-06  3.25260441e-06  3.32167004e-06
      2.97378742e-06]
    [ 5.44620688e-06  5.83986476e-06  4.65350278e-06  3.28062187e-06
      2.01116769e-06]
    [ 5.59716365e-06  4.47901997e-06  2.40092845e-06  1.60999899e-06
      1.53239085e-06]
    [ 2.06526328e-06  1.22128034e-06  1.25543494e-06  2.33291844e-06
      2.66523341e-06]
    [ 1.69095624e-06  1.26325506e-06  1.37544086e-06  1.54007640e-06
      2.67008470e-06]]

   [[ 2.59782331e-06  2.21771629e-06  2.84005255e-06  2.80830370e-06
      2.83048245e-06]
    [ 3.84075685e-06  5.89057061e-06  5.71175306e-06  4.16686564e-06
      3.06489985e-06]
    [ 5.56942814e-06  7.38388967e-06  4.06962590e-06  2.49760736e-06
      1.97835531e-06]
    [ 4.52338514e-06  3.31928930e-06  1.54299457e-06  1.97686344e-06
      2.45984254e-06]
    [ 3.37512337e-06  2.65042199e-06  1.92257729e-06  2.08287548e-06
      2.00489765e-06]]

   [[ 4.79248403e-06  3.39303966e-06  2.38973580e-06  2.18871714e-06
      2.56016996e-06]
    [ 3.57388867e-06  2.58839383e-06  2.57272974e-06  2.63307311e-06
      4.10222078e-06]
    [ 2.63460360e-06  3.30833692e-06  4.91005592e-06  5.17901556e-06
      5.19381282e-06]
    [ 3.89602920e-06  7.03625547e-06  7.89813433e-06  5.81093329e-06
      3.60715867e-06]
    [ 5.67331787e-06  7.24361705e-06  5.99370690e-06  4.73525319e-06
      2.91562958e-06]]

   [[ 1.68768313e-06  2.61675598e-06  3.18538157e-06  4.03659856e-06
      4.03448167e-06]
    [ 5.33323850e-06  6.88597126e-06  5.66070287e-06  3.83089184e-06
      2.01704188e-06]
    [ 6.05196259e-06  5.23130718e-06  3.20442731e-06  2.34035532e-06
      1.87127032e-06]
    [ 2.28573985e-06  1.38604375e-06  1.41459118e-06  2.41320958e-06
      2.87989598e-06]
    [ 1.81491057e-06  1.20616667e-06  1.56094166e-06  2.85528498e-06
      2.64051823e-06]]

   [[ 2.36901910e-06  3.07980097e-06  3.19782819e-06  3.46528753e-06
      3.24039338e-06]
    [ 5.76878531e-06  5.72936374e-06  4.86174948e-06  3.58999445e-06
      2.06312903e-06]
    [ 5.16723323e-06  4.31411660e-06  2.72115416e-06  1.74871158e-06
      1.62425808e-06]
    [ 1.91127487e-06  1.23082651e-06  1.41983553e-06  2.47154347e-06
      2.67815323e-06]
    [ 1.69074673e-06  1.34514783e-06  1.53747422e-06  1.97220049e-06
      3.04678055e-06]]]


  [[[ 2.96695485e-06  2.10319871e-06  1.92283520e-06  1.87824659e-06
      1.88920010e-06]
    [ 1.78504898e-06  2.15303779e-06  2.55894635e-06  2.74492696e-06
      3.65123959e-06]
    [ 2.29774933e-06  3.93563354e-06  5.90842862e-06  5.00376901e-06
      3.12240358e-06]
    [ 6.10006020e-06  7.51080305e-06  5.13013726e-06  2.48646685e-06
      9.59834995e-07]
    [ 5.24334941e-06  4.09928508e-06  1.34155034e-06  8.81738163e-07
      8.03627754e-07]]

   [[ 1.94382324e-06  2.83148046e-06  3.23020573e-06  3.61690484e-06
      3.25982482e-06]
    [ 5.03513939e-06  5.64781067e-06  4.71246353e-06  3.46781182e-06
      2.10818558e-06]
    [ 5.18962116e-06  4.18158374e-06  2.31508119e-06  1.63870098e-06
      1.46851772e-06]
    [ 1.73314908e-06  1.04844339e-06  1.05655509e-06  2.05895740e-06
      2.19392372e-06]
    [ 1.27777144e-06  1.04011257e-06  1.24880841e-06  1.40866106e-06
      2.20208242e-06]]

   [[ 2.57266647e-06  2.05328081e-06  2.62151530e-06  2.89887556e-06
      3.04263241e-06]
    [ 3.69612759e-06  5.57602753e-06  5.57613951e-06  4.37159072e-06
      3.17916102e-06]
    [ 5.51943297e-06  7.07548868e-06  3.93954317e-06  2.42237971e-06
      1.78614718e-06]
    [ 4.43307165e-06  3.15554493e-06  1.26431281e-06  1.66544304e-06
      1.94737156e-06]
    [ 3.05446454e-06  2.38540319e-06  1.73025833e-06  1.98454661e-06
      1.66371792e-06]]

   [[ 5.11978860e-06  3.50117308e-06  2.29398704e-06  2.13812390e-06
      2.69892316e-06]
    [ 3.57041114e-06  2.29608230e-06  2.15526373e-06  2.47994447e-06
      4.28331769e-06]
    [ 2.45026606e-06  2.94043111e-06  4.46372869e-06  5.30865578e-06
      5.59980443e-06]
    [ 3.98827630e-06  6.80562384e-06  7.71188798e-06  6.11953491e-06
      3.92797419e-06]
    [ 5.70947593e-06  7.00352099e-06  5.82396909e-06  4.94930376e-06
      3.09516700e-06]]

   [[ 1.42702386e-06  2.35809534e-06  3.05973276e-06  4.21983992e-06
      4.22888555e-06]
    [ 4.87679840e-06  6.57295957e-06  5.69541656e-06  3.89006329e-06
      1.92832024e-06]
    [ 5.64568682e-06  4.91854461e-06  3.09608321e-06  2.16851933e-06
      1.56333307e-06]
    [ 2.02553295e-06  1.17693493e-06  1.12222669e-06  1.99187586e-06
      2.18860787e-06]
    [ 1.37674782e-06  9.53283311e-07  1.31157259e-06  2.54200332e-06
      2.13652078e-06]]

   [[ 2.06943356e-06  2.84106114e-06  3.23463055e-06  3.78437957e-06
      3.53873270e-06]
    [ 5.31395345e-06  5.52965823e-06  4.91204116e-06  3.75855830e-06
      2.16410778e-06]
    [ 4.67898276e-06  3.95580272e-06  2.62150933e-06  1.79803909e-06
      1.57659836e-06]
    [ 1.55956288e-06  1.06762327e-06  1.22003886e-06  2.16132207e-06
      2.19441617e-06]
    [ 1.26230097e-06  1.11013221e-06  1.37344638e-06  1.73496774e-06
      2.52639216e-06]]]


  [[[ 3.76772915e-06  3.08129814e-06  2.36552184e-06  2.15509493e-06
      2.98085073e-06]
    [ 6.09837134e-06  4.68304189e-06  4.10507310e-06  4.71254691e-06
      4.80963689e-06]
    [ 6.29359100e-06  3.88057783e-06  3.18673198e-06  3.00902882e-06
      2.79754044e-06]
    [ 6.95381738e-06  3.65975754e-06  2.32703358e-06  3.55963558e-06
      3.60526313e-06]
    [ 4.30789309e-06  2.05541859e-06  2.09999379e-06  4.47158394e-06
      2.78888187e-06]]

   [[ 5.34317038e-06  3.68244584e-06  2.46118297e-06  2.21711617e-06
      3.03737581e-06]
    [ 3.54492082e-06  1.85594481e-06  1.43894366e-06  2.34479527e-06
      2.57926783e-06]
    [ 1.46861826e-06  9.57038024e-07  1.72213870e-06  3.48219804e-06
      1.84555347e-06]
    [ 1.55280535e-06  1.61675729e-06  2.41420982e-06  3.47988966e-06
      1.49702569e-06]
    [ 2.69167820e-06  2.49413192e-06  1.59242346e-06  1.30415523e-06
      9.09518601e-07]]

   [[ 5.17056913e-06  4.53605422e-06  3.45183427e-06  1.79563616e-06
      2.35358969e-06]
    [ 5.04676203e-06  3.81177830e-06  3.55632753e-06  1.97633880e-06
      2.14142321e-06]
    [ 4.65542133e-06  2.85602314e-06  3.36450659e-06  3.46563589e-06
      2.31619643e-06]
    [ 2.92064621e-06  9.13658846e-07  1.80478835e-06  3.67411105e-06
      1.57151325e-06]
    [ 2.35522152e-06  1.96263256e-06  1.72051787e-06  1.83925422e-06
      5.77826795e-07]]

   [[ 5.59489289e-06  5.22313178e-06  3.74479278e-06  1.55604755e-06
      1.25389056e-06]
    [ 9.18245989e-06  6.47470897e-06  4.09152700e-06  1.33503886e-06
      1.41233677e-06]
    [ 9.57799916e-06  5.62692209e-06  4.71336949e-06  2.82999289e-06
      2.40516347e-06]
    [ 6.60177360e-06  4.05864472e-06  4.12083773e-06  3.88414683e-06
      4.00040976e-06]
    [ 8.05507645e-06  4.04144271e-06  3.16731463e-06  7.00857234e-06
      6.43801831e-06]]

   [[ 5.93613415e-06  4.00670588e-06  2.42251699e-06  2.30491217e-06
      3.31972126e-06]
    [ 4.48728644e-06  3.11704068e-06  2.12113980e-06  2.39176509e-06
      2.69547107e-06]
    [ 2.64246026e-06  2.34497609e-06  3.47271196e-06  5.03404551e-06
      3.03297566e-06]
    [ 1.66404738e-06  1.48662782e-06  3.30724360e-06  4.14151855e-06
      1.64614733e-06]
    [ 2.35451502e-06  2.01734323e-06  1.37314619e-06  1.11170564e-06
      3.63928137e-07]]

   [[ 5.38918111e-06  3.78407793e-06  2.41864883e-06  2.20369077e-06
      3.49401675e-06]
    [ 3.28013532e-06  1.89718555e-06  1.56307437e-06  2.73555210e-06
      2.88512955e-06]
    [ 1.09453759e-06  8.39663570e-07  1.76022437e-06  3.19165825e-06
      1.70050423e-06]
    [ 1.37618103e-06  1.67121410e-06  2.42903624e-06  3.14800849e-06
      1.31975909e-06]
    [ 2.74434176e-06  2.49050885e-06  1.56620310e-06  1.20845647e-06
      9.45830107e-07]]]]]