[[[[ 2.21558226e-01 -7.20290900e-02 -3.87432661e-01 -2.88573115e-01
     2.72829893e-02]
   [-4.60339590e-02 -5.22140293e-01 -5.29178712e-01 -2.31008469e-01
     7.48047790e-02]
   [-1.93411116e-01 -6.08948391e-01 -2.44757771e-01 -1.39778110e-01
     3.18742814e-02]
   [-3.60070980e-01 -5.27364403e-01 -1.05493287e-01  4.48066499e-03
     2.30621580e-01]
   [ 1.57026692e-01  1.88415021e-01  3.33011598e-01  3.54299733e-01
     6.68545702e-01]]]


 [[[ 4.67397189e-01  3.87483145e-01  4.22779619e-01  5.31484899e-01
     9.69753687e-01]
   [ 3.45493237e-01  2.05279717e-01  2.66583484e-01  2.87122363e-01
     5.85824412e-01]
   [-1.57482324e-01  4.32854866e-02  1.87283711e-01 -2.05303497e-01
    -1.05857905e-01]
   [-1.21438037e+00 -6.90251636e-01 -6.77196836e-01 -8.20839006e-01
    -6.27813283e-01]
   [-1.34714196e+00 -8.44507373e-01 -6.39057500e-01 -3.43840585e-01
     2.74394716e-02]]]


 [[[ 6.97139186e-01  4.32081338e-01  3.40187540e-01  3.33239524e-01
     7.00470474e-01]
   [ 3.59451805e-01 -3.86589890e-02 -1.09379479e-01  1.22058947e-03
     4.81583786e-01]
   [ 5.77670512e-02 -2.29920310e-01 -3.70757818e-01 -2.57143065e-01
     3.12146219e-01]
   [-2.98073499e-01 -4.37774759e-01 -5.91661421e-01 -3.91616674e-01
     3.66487893e-01]
   [-1.01816096e+00 -1.34449104e+00 -7.88811176e-01 -6.82329374e-02
     7.49277272e-01]]]


 [[[-8.12824696e-02 -2.40611583e-01 -4.91404959e-01 -1.21665670e-01
     3.40432302e-01]
   [-4.05421933e-01 -7.26169336e-01 -4.46505591e-01  1.96308597e-01
     7.41363793e-01]
   [-5.35247751e-01 -5.64059162e-01 -8.19731901e-02  4.64009910e-01
     9.42197049e-01]
   [-3.61077857e-01 -1.06226217e-01  3.03757282e-01  4.80346081e-01
     6.96464378e-01]
   [-2.75129787e-01 -5.61562665e-03  1.94507299e-01  8.77436258e-02
     1.33241181e-01]]]


 [[[ 8.51694384e-01  5.21362527e-01  4.25807637e-01  3.90550708e-01
     7.99429587e-01]
   [ 6.35683148e-01  9.89730018e-02  5.11121536e-02  9.31252393e-03
     3.93915526e-01]
   [ 3.53609025e-01  3.24239890e-02 -1.47178764e-02 -3.05025740e-01
    -7.89886079e-02]
   [-9.51303989e-02 -2.29640907e-01 -4.14526169e-01 -5.63586430e-01
    -2.71435586e-01]
   [-7.82432975e-01 -1.18949435e+00 -7.68841738e-01 -3.35974945e-01
     2.12571754e-01]]]


 [[[ 5.32858759e-01  4.51749286e-01  4.34630664e-01  4.60539193e-01
     8.21453056e-01]
   [ 3.87748325e-01  2.20634330e-01  2.26758163e-01  2.26090348e-01
     4.84769133e-01]
   [-6.19585488e-02  6.75524915e-02  1.40749871e-01 -1.93268359e-01
    -8.89518335e-02]
   [-1.11109585e+00 -5.95823796e-01 -5.57734753e-01 -7.72751473e-01
    -5.51662413e-01]
   [-1.56017852e+00 -1.00429468e+00 -6.05039412e-01 -3.86926125e-01
    -7.57475728e-02]]]]