[[[[-1.18041571e-01 -6.24282996e-02 -1.14483931e-02 -5.53360447e-02
    -6.49990486e-01]
   [-6.15230773e-02 -1.63276790e-01 -3.60645152e-01 -4.68370266e-01
    -8.60333166e-01]
   [-3.35587423e-03 -1.18782878e-01 -3.59282805e-01 -6.68191188e-01
    -1.27000812e+00]
   [-1.45432061e-01 -1.57525949e-01 -6.84962675e-02 -5.39222035e-01
    -1.44947679e+00]
   [-2.00122563e-01 -5.12309883e-02  5.21557494e-01  2.39475844e-02
    -8.94023053e-01]]

  [[ 2.51750249e-01  4.19260438e-01 -2.17819651e-01 -4.21524873e-01
    -6.10264790e-01]
   [ 5.47575100e-01  5.44484460e-01  1.61054993e-01  2.78194895e-02
    -5.71959628e-01]
   [ 2.09975147e-01  2.51543251e-01  3.10911919e-01  2.22029685e-01
    -4.78902853e-01]
   [ 2.76699299e-01  6.42108875e-01  8.06930396e-01  6.37737461e-01
     1.16016848e-01]
   [ 2.87894806e-01  5.22447982e-01  6.26705218e-01  3.49167433e-01
     3.41367045e-01]]

  [[ 5.43424893e-02  3.64633703e-02 -5.34104368e-01 -7.10669762e-01
    -1.01619395e+00]
   [-1.87274238e-02 -1.57042733e-01 -5.98872606e-01 -4.88876828e-01
    -9.63412752e-01]
   [-2.73558616e-01 -4.59999018e-01 -3.67601810e-01 -1.47613693e-01
    -7.79546214e-01]
   [-1.44450013e-01 -6.66349425e-03  5.80097259e-01  5.06968273e-01
    -1.64454874e-01]
   [ 4.30124179e-02  2.47424391e-01  7.18903934e-01  5.21381352e-01
     3.55852403e-01]]

  [[-5.23403658e-01  1.66131509e-02  4.15484298e-01  3.80610461e-01
    -2.61902916e-01]
   [-3.39151442e-01  1.71283503e-01  3.73737496e-01  1.11544468e-01
    -5.95036216e-01]
   [-6.14318340e-02  2.85240139e-01  2.95196806e-01  2.02166835e-01
    -6.57992760e-02]
   [ 2.24736700e-02  1.49731195e-01  1.36324115e-01  4.23144528e-01
     1.15504409e-01]
   [-1.10387489e-02  3.99628134e-02  2.37567388e-01  5.67180164e-01
    -7.07939284e-02]]

  [[ 1.92247527e-01  1.47443851e-01 -4.31594584e-01 -6.61818429e-01
    -8.48613414e-01]
   [ 1.63339810e-01 -3.22323761e-02 -3.36577801e-01 -4.81357695e-01
    -9.57760159e-01]
   [-1.02690984e-01 -2.78187224e-01 -1.70111815e-01 -1.88949221e-01
    -7.43254675e-01]
   [ 1.86447638e-02  2.97209650e-01  7.12986513e-01  4.58587548e-01
    -1.97918537e-02]
   [ 9.88347041e-02  5.38647388e-01  8.48177739e-01  5.20005345e-01
     5.51635591e-01]]

  [[ 4.00171408e-01  6.00883153e-01 -1.36539943e-01 -4.29338349e-01
    -5.95468048e-01]
   [ 5.29760755e-01  6.13894389e-01  1.41379422e-01 -1.02065193e-01
    -5.67378463e-01]
   [ 2.88885163e-01  3.22695413e-01  2.28457614e-01  1.18930037e-01
    -4.59062033e-01]
   [ 3.88375889e-01  7.65145429e-01  8.16637203e-01  6.92746362e-01
     2.52746294e-01]
   [ 2.63140773e-01  5.18005776e-01  6.14099410e-01  4.30178559e-01
     4.72643990e-01]]]


 [[[-4.91826734e-02 -9.94927356e-02 -2.05733915e-01 -3.43339687e-01
    -9.22033746e-01]
   [-1.11037967e-01  5.48075334e-02  2.10855075e-03 -2.76041602e-01
    -9.25305601e-01]
   [-5.61114517e-02  3.89491979e-01  3.23529415e-01 -2.69725520e-01
    -1.17780863e+00]
   [-6.48963740e-02  2.56126994e-01 -8.92498241e-02 -7.35943012e-01
    -1.57319217e+00]
   [ 2.93967520e-01  3.57106114e-01  2.11714439e-01 -2.38271022e-01
    -9.15706890e-01]]

  [[ 2.44849720e-02  5.34359597e-01  3.47083820e-01 -6.46828030e-02
    -6.17337475e-01]
   [ 3.32482590e-01  6.25868618e-01  2.63384708e-01 -3.77881391e-02
    -8.17668368e-01]
   [ 2.01885222e-01  5.29039608e-02 -2.87435856e-01 -4.17913931e-01
    -9.32166977e-01]
   [ 5.08089009e-01  7.48973487e-01  5.25806610e-01  3.13215981e-01
     7.48452984e-02]
   [ 2.73904336e-01  7.26273088e-01  8.81154085e-01  6.46515444e-01
     4.98707478e-01]]

  [[-2.45654953e-01  1.22948100e-01  4.55759678e-02 -1.08881836e-01
    -7.84141222e-01]
   [-1.63543642e-01  1.75390821e-01 -1.10251571e-01 -2.28883746e-01
    -9.20124848e-01]
   [-9.19685609e-02 -1.47192777e-01 -6.28679811e-01 -6.17074294e-01
    -9.84319345e-01]
   [ 2.25913886e-01  3.90279317e-01  3.07421468e-01  2.70421641e-01
    -7.46661503e-02]
   [ 1.40347618e-01  4.41218100e-01  8.46649385e-01  8.31547235e-01
     4.56674110e-01]]

  [[-5.80311103e-01 -5.12006405e-02  5.80297229e-01  5.78556569e-01
    -2.91068053e-01]
   [-6.12908824e-01 -2.15754873e-02  6.09490818e-01  5.15389304e-01
    -4.29120505e-01]
   [-2.66273534e-01  3.61071583e-01  7.68613632e-01  6.08640715e-01
     1.92445200e-03]
   [-9.83612751e-02  2.81736299e-01  2.44308271e-01  1.52623569e-01
    -2.91380665e-01]
   [-7.42530723e-02  1.34191071e-01  3.23849220e-02  1.01300501e-01
    -4.47858636e-01]]

  [[-2.23896933e-02  3.63910149e-01  1.15183152e-01 -3.30036028e-01
    -9.59857616e-01]
   [ 4.09092156e-02  3.25699185e-01 -3.02338226e-02 -3.77673083e-01
    -1.15059663e+00]
   [ 6.50628579e-02 -2.50948352e-01 -6.39893651e-01 -6.61585225e-01
    -1.03797894e+00]
   [ 5.38277542e-01  4.54856948e-01  3.93545852e-01  2.93969247e-01
     5.87890651e-03]
   [ 3.91970623e-01  7.41500091e-01  1.07626265e+00  8.41433873e-01
     5.41630712e-01]]

  [[ 1.51431667e-01  7.14158452e-01  3.80014500e-01 -1.65375276e-01
    -6.71655469e-01]
   [ 3.59912674e-01  6.83016629e-01  2.13944795e-01 -1.91995087e-01
    -8.50916823e-01]
   [ 3.17474867e-01  8.81118730e-02 -4.00146600e-01 -5.43397063e-01
    -9.30889143e-01]
   [ 6.69252977e-01  8.12358052e-01  4.51671097e-01  3.33303183e-01
     1.89598392e-01]
   [ 3.20728750e-01  7.13376468e-01  8.12689696e-01  6.89815465e-01
     5.74733659e-01]]]


 [[[ 4.65884858e-02 -3.45536631e-02  2.27266508e-03 -2.20858807e-02
    -8.04595244e-01]
   [-1.21482274e-01 -2.59443480e-01 -2.31640919e-01 -3.00563880e-01
    -1.08752635e+00]
   [-1.40469594e-01 -6.62371351e-02 -3.54773146e-03 -2.15919310e-01
    -9.55215051e-01]
   [ 7.49344775e-02  7.85238268e-02  1.46431877e-01 -3.88828962e-01
    -1.16536323e+00]
   [ 5.59801139e-01  5.39641525e-01  7.67673913e-01  2.06953656e-01
    -6.64572003e-01]]

  [[-8.45500721e-02  5.41166260e-02 -2.57666862e-01 -4.64606692e-01
    -9.13462746e-01]
   [ 4.04518395e-01  5.26329593e-01  3.42021875e-01  2.50713853e-01
    -3.56953553e-01]
   [ 5.98918889e-01  6.38294072e-01  5.07238125e-01  2.82951300e-01
    -5.28079970e-01]
   [ 7.68816999e-01  1.13201495e+00  9.80949432e-01  4.96170608e-01
    -2.45483085e-01]
   [-5.23434273e-02  1.82260647e-01  2.52841307e-01 -5.58782285e-02
    -2.93811534e-01]]

  [[-3.09031412e-01 -2.84690533e-01 -4.04214342e-01 -3.07882698e-01
    -1.00598848e+00]
   [-1.18141934e-01 -4.67982651e-02 -1.61870417e-01  9.38402852e-03
    -6.09925587e-01]
   [ 2.06882402e-01  9.26667762e-02 -5.85461278e-02 -1.51199367e-01
    -8.44911623e-01]
   [ 3.79583187e-01  3.59101697e-01  5.10342182e-01  1.98007019e-01
    -4.96334823e-01]
   [-3.09566001e-01 -2.32251244e-01  1.52729407e-01 -2.61807762e-02
    -2.60296921e-01]]

  [[-7.15272010e-01 -2.10803787e-01  3.66988220e-01  6.04591251e-01
    -1.19578790e-01]
   [-6.97222340e-01 -2.83781730e-01  9.18344287e-02  1.40932753e-01
    -6.75941626e-01]
   [-5.49057121e-01 -1.22364516e-01  1.53824175e-01  3.36499251e-01
    -1.07426092e-01]
   [-4.22028532e-01 -1.40754513e-01  3.30872950e-02  4.22555665e-01
     8.53912503e-02]
   [ 8.55025183e-02  2.44559637e-01  4.21196637e-01  5.94276134e-01
    -1.65219048e-01]]

  [[-1.10039555e-01 -7.39080348e-02 -2.57351709e-01 -4.94873900e-01
    -1.08568120e+00]
   [-2.16226195e-02  1.14995451e-02  8.46185630e-03 -1.49389150e-01
    -8.80328206e-01]
   [ 2.51689392e-01  7.96418874e-02 -5.91703946e-03 -2.85363308e-01
    -1.01537372e+00]
   [ 5.22377713e-01  5.98525916e-01  6.53250764e-01  1.33596143e-01
    -4.73155838e-01]
   [-2.64126995e-01  8.78111863e-02  4.10097967e-01 -3.17163349e-02
    -1.63550667e-01]]

  [[ 4.46837341e-02  1.85408925e-01 -2.20639323e-01 -5.09671280e-01
    -9.06991888e-01]
   [ 3.87862974e-01  5.91193261e-01  3.69449983e-01  1.90765793e-01
    -3.32421902e-01]
   [ 6.26785180e-01  6.92041582e-01  4.31896388e-01  1.61132984e-01
    -6.07438809e-01]
   [ 8.41925402e-01  1.19582258e+00  9.30955858e-01  4.84286508e-01
    -2.15482694e-01]
   [-7.80721635e-02  1.77246550e-01  2.36717172e-01  9.14158275e-03
    -2.08194531e-01]]]


 [[[ 6.16815324e-02  6.37972377e-02 -1.38117340e-02 -1.99780306e-01
    -8.38627201e-01]
   [-5.43629937e-02  6.64074369e-02  2.57421872e-02 -1.31768506e-01
    -7.74913404e-01]
   [-7.71448466e-02  2.58896753e-01  3.13538160e-01 -7.92201440e-02
    -8.25966866e-01]
   [-4.78842557e-03  2.80983489e-01  9.73358163e-02 -6.89808475e-01
    -1.40524757e+00]
   [ 4.57855363e-01  5.77296901e-01  3.26608413e-01 -4.37681713e-01
    -1.00915555e+00]]

  [[ 9.70879881e-02  5.05536965e-01  3.31807327e-01  4.27384623e-02
    -3.70832885e-01]
   [ 4.05433759e-01  6.89126269e-01  3.48276610e-01  6.94530620e-02
    -5.12441331e-01]
   [ 5.87712507e-01  5.35037430e-01  1.90680268e-02 -4.28764539e-01
    -9.95345047e-01]
   [ 9.19784023e-01  1.11022352e+00  5.94684766e-01  2.97837287e-02
    -2.59547368e-01]
   [ 3.15136747e-01  6.82311896e-01  6.43549344e-01  3.01456779e-01
     2.56735568e-01]]

  [[-1.11852153e-01  1.04523023e-01 -2.28015630e-02 -7.04873381e-02
    -6.26280200e-01]
   [-6.89112289e-02  1.82653456e-01 -7.13098205e-02 -1.89817868e-01
    -7.92844139e-01]
   [ 1.41926594e-01  1.66605386e-01 -3.11421837e-01 -6.53927613e-01
    -1.17682172e+00]
   [ 4.48244754e-01  6.74293089e-01  4.41102210e-01 -4.62772069e-02
    -4.38973073e-01]
   [ 8.95235569e-02  4.59977907e-01  6.90651905e-01  4.47300443e-01
     2.85809871e-01]]

  [[-6.02748720e-01 -9.43173337e-02  4.95159939e-01  5.30377466e-01
    -2.18587409e-01]
   [-5.75083796e-01 -7.76074824e-02  3.82571259e-01  2.90694940e-01
    -4.63683783e-01]
   [-2.74580135e-01  2.59937913e-01  5.88060393e-01  4.99910918e-01
     6.08164143e-03]
   [-1.22586811e-01  2.59263880e-01  3.61768526e-01  3.30837676e-01
    -1.99339910e-01]
   [ 2.06764257e-02  3.50591067e-01  3.92815369e-01  2.39296197e-01
    -4.65025668e-01]]

  [[ 9.59345397e-02  3.55840521e-01  9.84277536e-02 -2.19628505e-01
    -7.29723790e-01]
   [ 8.82027992e-02  2.65379517e-01 -3.91479160e-02 -3.14383100e-01
    -9.19709187e-01]
   [ 3.05077960e-01  5.70256177e-02 -4.10754234e-01 -7.16101462e-01
    -1.14358105e+00]
   [ 7.55644060e-01  6.61883234e-01  3.80691907e-01 -3.88299237e-02
    -3.08483477e-01]
   [ 2.68019930e-01  5.61620717e-01  7.38732343e-01  4.46186512e-01
     3.92142065e-01]]

  [[ 2.32974730e-01  6.89008849e-01  3.83844061e-01 -3.18345047e-02
    -3.91870875e-01]
   [ 4.68212339e-01  7.64825491e-01  2.84423089e-01 -7.86583309e-02
    -5.13452782e-01]
   [ 7.11409499e-01  5.71710102e-01 -1.06843768e-01 -5.37133611e-01
    -9.61413579e-01]
   [ 1.07573186e+00  1.14122122e+00  5.00362433e-01  5.97802826e-02
    -1.29261052e-01]
   [ 3.13732986e-01  6.21187785e-01  5.66721609e-01  3.57510269e-01
     3.49953210e-01]]]


 [[[-4.06330355e-02 -1.08267460e-01 -1.19008663e-01 -1.65360201e-01
    -7.38120339e-01]
   [-1.68138527e-01 -2.86126151e-01 -4.15207062e-01 -4.28693050e-01
    -8.10168929e-01]
   [-8.35393273e-02 -1.58273706e-01 -2.67860404e-01 -4.44051201e-01
    -9.48761673e-01]
   [-6.18488017e-02 -6.04225255e-02 -5.56489648e-02 -4.77337420e-01
    -1.25220649e+00]
   [ 5.82402767e-03  1.52734311e-01  4.80005499e-01 -3.41209417e-02
    -8.47024959e-01]]

  [[ 1.47524589e-01  1.92685491e-01 -2.97424755e-01 -3.33249707e-01
    -4.06197429e-01]
   [ 5.70219917e-01  5.12887528e-01  8.90604061e-02 -2.05485117e-02
    -4.94005764e-01]
   [ 4.70775277e-01  3.84048959e-01  2.08790111e-01 -9.42980696e-03
    -6.94892635e-01]
   [ 4.61724463e-01  8.58939175e-01  8.10901109e-01  5.16006370e-01
     2.34789196e-02]
   [ 2.33700771e-01  6.64882297e-01  8.55081525e-01  6.06862272e-01
     6.09079585e-01]]

  [[-1.44547548e-03 -9.69944893e-02 -5.62766015e-01 -5.88399744e-01
    -7.85611147e-01]
   [ 2.18204126e-03 -9.02378033e-02 -5.34500536e-01 -4.34700187e-01
    -8.00369039e-01]
   [-5.54691354e-02 -2.27170587e-01 -3.54548523e-01 -2.64588306e-01
    -8.33780389e-01]
   [ 1.07407268e-02  2.26105522e-01  5.94613457e-01  4.68680231e-01
    -1.87130360e-01]
   [ 5.22754107e-04  3.45350700e-01  8.41619695e-01  7.30796837e-01
     5.69611726e-01]]

  [[-3.68344205e-01  3.93528423e-02  3.20112564e-01  2.64498928e-01
    -3.34368801e-01]
   [-3.14118409e-01  7.42542884e-02  2.25893870e-01 -4.69158244e-02
    -6.44912859e-01]
   [-5.82881324e-02  3.08865542e-01  3.21515105e-01  1.71668439e-01
    -3.11099471e-02]
   [ 1.27535543e-01  3.00006760e-01  2.65625923e-01  4.12419360e-01
     6.85578086e-02]
   [ 9.65067585e-02  1.77085150e-01  3.09532905e-01  4.90360953e-01
    -2.22685998e-01]]

  [[ 7.40271175e-02 -4.16050036e-02 -4.58273975e-01 -5.68536627e-01
    -7.16950091e-01]
   [ 1.29194472e-01 -5.10703849e-02 -3.51728388e-01 -4.63684123e-01
    -8.61279583e-01]
   [ 8.95943172e-02 -1.72632167e-01 -2.52079915e-01 -3.03775734e-01
    -8.41513651e-01]
   [ 2.43744756e-01  4.64751470e-01  6.77620075e-01  4.16084380e-01
    -4.48072227e-02]
   [ 1.67764431e-01  6.77335933e-01  1.02416430e+00  7.92280689e-01
     7.82618497e-01]]

  [[ 2.87998252e-01  3.68657648e-01 -1.90494821e-01 -3.22876547e-01
    -3.94756330e-01]
   [ 5.70022821e-01  6.01590072e-01  1.09381068e-01 -1.24639178e-01
    -4.92518298e-01]
   [ 5.39895305e-01  4.70449523e-01  1.35443333e-01 -1.06009043e-01
    -6.81381567e-01]
   [ 5.83697798e-01  9.75311393e-01  8.09989496e-01  5.83230433e-01
     1.66008920e-01]
   [ 2.38938135e-01  6.57884432e-01  8.32508216e-01  7.11765007e-01
     7.43454465e-01]]]


 [[[ 1.13147790e-01  3.46806461e-01  4.04138171e-01  2.35427777e-01
    -5.30713542e-01]
   [ 1.08019415e-01 -1.07247187e-01 -4.84570250e-01 -6.24292657e-01
    -1.07420435e+00]
   [ 2.46439765e-02 -3.46120097e-01 -7.07337735e-01 -8.92931326e-01
    -1.30443402e+00]
   [-6.56056658e-03 -3.15307527e-01  1.35844755e-01 -3.44078040e-02
    -7.88034971e-01]
   [ 2.57435557e-02 -1.79159024e-02  9.52323597e-01  6.50965507e-01
    -2.71207531e-01]]

  [[ 9.14324811e-02  1.41203562e-01 -4.82302277e-01 -6.70503139e-01
    -7.02084949e-01]
   [ 2.09893191e-01  1.70691809e-01  1.17368750e-03  2.88955805e-01
     1.79244757e-01]
   [ 2.79903704e-02  1.45968064e-01  6.26764100e-01  1.03694749e+00
     5.99829684e-01]
   [ 3.56194798e-01  5.61684714e-01  9.15154342e-01  8.69418002e-01
     2.72887832e-01]
   [ 2.70337285e-01  1.14261316e-02 -1.38515374e-01 -6.42590238e-01
    -8.98628541e-01]]

  [[-1.69049471e-01 -2.80041689e-01 -8.97583029e-01 -9.69642880e-01
    -1.26227672e+00]
   [-1.13352674e-01 -4.17779003e-01 -7.95410277e-01 -4.32040439e-01
    -5.81228249e-01]
   [-3.22238530e-02 -4.14466057e-01 -4.60568108e-02  3.86279507e-01
    -1.29921383e-01]
   [ 1.44524031e-01  1.92840396e-02  6.74453133e-01  5.35659610e-01
    -1.76273312e-01]
   [ 4.77286142e-02 -1.48763492e-01  5.82811238e-02 -5.08640027e-01
    -9.44173999e-01]]

  [[-5.23075382e-01  7.76472266e-02  5.32309093e-01  5.94983802e-01
    -1.29729028e-01]
   [-3.67028032e-01  1.05685832e-01  1.79070985e-01 -6.45119569e-02
    -8.43262485e-01]
   [-2.99489061e-01 -1.32853217e-01 -3.65030311e-01 -3.33930226e-01
    -4.06100966e-01]
   [-9.28138717e-02 -2.51664364e-01 -4.79052015e-01  9.62209387e-02
     3.01768714e-01]
   [ 3.01764129e-01  1.78784353e-01  3.49981473e-01  8.88642867e-01
     5.12789377e-01]]

  [[ 8.38523380e-02 -8.41316639e-02 -6.46186517e-01 -8.40670561e-01
    -1.02845004e+00]
   [-3.65234320e-02 -3.64292817e-01 -4.41042773e-01 -2.43802356e-01
    -4.57114427e-01]
   [-2.20582241e-01 -3.88410159e-01  1.76402297e-01  5.16938802e-01
    -1.18788320e-02]
   [-4.87361106e-02  1.09055377e-01  8.28098799e-01  6.14549230e-01
    -9.28908895e-02]
   [-2.07341644e-01 -1.33700144e-01  7.67290937e-02 -6.32195316e-01
    -9.08755221e-01]]

  [[ 2.12862821e-01  2.55704807e-01 -5.00035463e-01 -7.48776406e-01
    -6.33734815e-01]
   [ 1.49106325e-01  1.69387044e-01 -5.10099594e-02  2.05166445e-01
     2.43390120e-01]
   [ 4.71699115e-02  1.69945934e-01  5.72823976e-01  1.03774291e+00
     6.44818886e-01]
   [ 3.59731255e-01  5.85720307e-01  9.07437267e-01  9.13462958e-01
     3.35471597e-01]
   [ 1.92214754e-01 -2.52742019e-02 -1.41114103e-01 -5.85136286e-01
    -8.24445109e-01]]]


 [[[-6.16900833e-02 -1.08303845e-01 -1.09734730e-02  9.69239122e-02
    -5.03064019e-01]
   [-3.42031965e-01 -5.93322528e-01 -6.43846286e-01 -3.84911279e-01
    -6.51215411e-01]
   [-9.79846442e-02 -2.45651832e-01 -3.64760892e-01 -2.84945710e-01
    -6.85021538e-01]
   [ 3.43554648e-01  2.92654745e-01  2.69112163e-01 -6.95133300e-03
    -7.56701392e-01]
   [ 3.97004331e-01  3.90217916e-01  7.88025165e-01  5.19214389e-01
    -2.82291592e-01]]

  [[-3.21257829e-02 -1.03349289e-01 -6.41588336e-01 -5.81679949e-01
    -4.94565178e-01]
   [ 7.76177758e-01  6.69687961e-01  1.03087876e-01  5.50634847e-04
    -3.94974859e-01]
   [ 7.80536542e-01  5.97911365e-01  2.51697844e-01  1.24594112e-01
    -4.94866554e-01]
   [ 3.04843541e-01  5.04591543e-01  5.12086653e-01  5.09772923e-01
     9.26902715e-02]
   [-2.52403835e-01 -4.11385443e-03  2.34349214e-01  2.05517790e-01
     9.39282089e-02]]

  [[-1.69594573e-01 -5.01286631e-01 -9.69992067e-01 -7.18585771e-01
    -8.77350874e-01]
   [ 1.61507301e-01 -7.63970737e-02 -6.05152867e-01 -3.53207715e-01
    -6.38330893e-01]
   [ 2.87542487e-01  2.33020998e-02 -2.85518342e-01 -1.34547860e-01
    -6.47547117e-01]
   [ 6.03237006e-02  4.79303268e-02  3.29704844e-01  4.30774801e-01
    -7.72973778e-02]
   [-3.08946880e-01 -1.61278786e-01  3.90390120e-01  4.70089262e-01
     1.91661065e-01]]

  [[-4.21118591e-01 -1.74455612e-01 -3.31442609e-02 -1.05127220e-02
    -5.73830880e-01]
   [-4.06256248e-01 -8.39622875e-02 -1.54938632e-01 -3.05426382e-01
    -7.36379731e-01]
   [-1.19007576e-01  2.62885145e-01  4.47575958e-02  9.26942351e-02
     1.91393964e-01]
   [ 2.75631340e-01  4.85383344e-01  1.76969726e-01  4.86973612e-01
     4.53993781e-01]
   [ 4.31166358e-01  4.16703449e-01  2.05480014e-01  4.96097346e-01
     1.59716896e-01]]

  [[-1.35776816e-01 -3.80920768e-01 -7.81385207e-01 -7.68077272e-01
    -7.78115219e-01]
   [ 2.99792152e-01  3.02468740e-02 -3.89309754e-01 -4.25120476e-01
    -8.49829722e-01]
   [ 4.17634980e-01  3.71838951e-02 -1.75124737e-01 -1.73005952e-01
    -7.58106247e-01]
   [ 1.51242205e-01  1.45252225e-01  5.03685979e-01  5.15384623e-01
    -2.49748890e-02]
   [-2.91785103e-01  7.65134314e-02  6.41057351e-01  5.30096288e-01
     2.44446241e-01]]

  [[ 1.30828528e-01  1.00605760e-01 -5.75186646e-01 -6.68334317e-01
    -5.25663204e-01]
   [ 7.84119691e-01  7.51323060e-01  8.72062406e-02 -1.51957253e-01
    -4.50336110e-01]
   [ 8.14600240e-01  6.32491533e-01  1.59872627e-01  1.62712010e-03
    -5.46079639e-01]
   [ 3.82703660e-01  5.85292518e-01  5.35482859e-01  5.66718727e-01
     1.69408767e-01]
   [-2.65162368e-01 -6.15449015e-03  2.59518636e-01  3.04935472e-01
     1.85371681e-01]]]


 [[[ 1.28594332e-01  1.14244815e-01  1.05393969e-01 -5.59328863e-02
    -7.10833612e-01]
   [ 2.32774540e-01  4.25564217e-01  4.12036162e-01  1.96460618e-01
    -4.24831839e-01]
   [ 4.48876118e-01  4.19777189e-01  1.00497752e-01 -4.65019199e-01
    -1.02940170e+00]
   [ 9.78947126e-02 -4.34931105e-01 -8.26684460e-01 -1.08468730e+00
    -1.25194207e+00]
   [-1.70069851e-01 -6.58686774e-01 -2.77112773e-01 -7.54586091e-02
    -2.90790832e-01]]

  [[ 3.27676083e-02  5.66443948e-01  4.78316136e-01  3.12079225e-01
    -1.99097895e-01]
   [ 2.37258176e-01  3.14175605e-02 -4.52075214e-01 -4.57723592e-01
    -6.84378004e-01]
   [-1.25510262e-01 -8.98339613e-01 -1.16576469e+00 -6.39673383e-01
    -4.38200886e-01]
   [-1.64471462e-02 -1.64770692e-01  1.86559012e-01  7.76243867e-01
     9.45813852e-01]
   [ 4.59446956e-01  6.63232036e-01  1.02090841e+00  1.11226640e+00
     9.94478756e-01]]

  [[-1.77888276e-02  1.10271988e-01  3.67833736e-02  8.68440214e-02
    -5.43080983e-01]
   [ 2.49970613e-01 -1.32932638e-01 -6.81304447e-01 -4.79108775e-01
    -8.12494643e-01]
   [ 5.79393481e-02 -8.82323579e-01 -1.33994808e+00 -7.55246586e-01
    -5.06242182e-01]
   [ 7.09544806e-02 -2.75044621e-01  2.36092440e-02  6.18332042e-01
     7.92519259e-01]
   [ 5.43268711e-01  5.30247340e-01  9.62777642e-01  1.11653361e+00
     8.51421623e-01]]

  [[-2.73745691e-01  1.71271151e-01  6.14796668e-01  5.37164795e-01
    -3.09711627e-01]
   [-1.14022138e-01  4.02421125e-01  7.97200719e-01  4.98947280e-01
    -5.24825293e-01]
   [ 5.00847094e-01  7.82895667e-01  5.87853371e-01  2.24050299e-01
    -2.98498841e-01]
   [ 5.95170745e-01  2.35633669e-01 -5.50306994e-01 -5.80997459e-01
    -4.73498426e-01]
   [ 1.10112225e-01 -3.65415896e-01 -8.66419972e-01 -3.70097719e-01
    -2.40087960e-02]]

  [[ 7.90360900e-02  3.65975919e-01  2.75405735e-01  5.82001482e-02
    -5.30504861e-01]
   [ 1.18102648e-01 -1.49753862e-01 -4.65012752e-01 -5.12439203e-01
    -7.59871506e-01]
   [-1.56880358e-01 -1.04709589e+00 -1.11006234e+00 -5.84318426e-01
    -3.87002897e-01]
   [-8.54808743e-02 -3.00053201e-01  3.77067345e-01  8.63895852e-01
     8.75698555e-01]
   [ 3.71628452e-01  6.51650994e-01  1.27137301e+00  1.20147120e+00
     8.19357854e-01]]

  [[ 1.43605866e-01  7.31127549e-01  4.52581795e-01  1.69754937e-01
    -2.28698615e-01]
   [ 2.21631461e-01  5.16591446e-02 -5.46727554e-01 -6.24454743e-01
    -7.23382290e-01]
   [-1.01524759e-01 -8.75650148e-01 -1.18840969e+00 -6.65883712e-01
    -4.03199731e-01]
   [ 2.09857308e-02 -8.53998107e-02  2.41831169e-01  8.82118706e-01
     1.08858736e+00]
   [ 3.82244981e-01  6.23195707e-01  1.01711755e+00  1.16967866e+00
     1.02810329e+00]]]


 [[[-1.36657944e-01 -1.33783518e-01 -7.64809286e-02 -7.86927521e-02
    -6.54299556e-01]
   [-2.14440708e-01 -3.43183896e-01 -4.88901439e-01 -4.60147073e-01
    -7.99841328e-01]
   [-9.29103421e-02 -1.30212197e-01 -2.73551413e-01 -4.58720720e-01
    -9.83385991e-01]
   [ 6.30078647e-03  7.09893245e-02  8.08453892e-02 -4.31369588e-01
    -1.23409599e+00]
   [ 6.58082358e-02  2.07439886e-01  6.15549275e-01  1.10988507e-01
    -7.47462854e-01]]

  [[ 1.02918250e-01  1.67078850e-01 -4.01629295e-01 -5.02328239e-01
    -5.90775950e-01]
   [ 6.05400241e-01  6.08987192e-01  1.59517604e-01 -2.80568676e-03
    -5.33706837e-01]
   [ 4.60459611e-01  4.66668664e-01  3.37226925e-01  8.69169047e-02
    -6.56161173e-01]
   [ 3.32772721e-01  7.22298179e-01  7.90686162e-01  5.14524428e-01
    -2.75709783e-02]
   [ 4.69345718e-02  3.79901602e-01  5.73933148e-01  3.66009037e-01
     3.09111884e-01]]

  [[-7.37156909e-02 -1.57742428e-01 -6.40694164e-01 -6.93645758e-01
    -9.21482088e-01]
   [-1.32634332e-02 -5.58340633e-02 -4.75022495e-01 -3.96897891e-01
    -8.32469994e-01]
   [-7.35580805e-02 -1.66617690e-01 -2.42707048e-01 -2.00007112e-01
    -8.47849412e-01]
   [-6.56155978e-02  1.21482176e-01  5.57945274e-01  4.34681991e-01
    -2.38050099e-01]
   [-1.79685873e-01  8.37812468e-02  6.20114560e-01  5.35245232e-01
     3.36999358e-01]]

  [[-5.10819880e-01 -1.00539423e-01  2.33070862e-01  1.99407946e-01
    -3.59645920e-01]
   [-4.46265616e-01 -1.29419161e-02  1.55172245e-01 -1.04630060e-01
    -6.87499558e-01]
   [-1.87466572e-01  2.33720473e-01  2.61499341e-01  1.93810177e-01
     2.53216204e-02]
   [ 2.13633547e-02  2.55540778e-01  2.32142006e-01  5.04644015e-01
     2.43176541e-01]
   [ 8.89811725e-02  1.79239158e-01  3.17401371e-01  5.86968951e-01
    -3.02704590e-02]]

  [[-1.06157994e-03 -7.92768183e-02 -5.32578716e-01 -6.77691158e-01
    -8.24412559e-01]
   [ 1.38430276e-01  2.04240509e-03 -3.25983090e-01 -4.62829468e-01
    -9.24213329e-01]
   [ 9.35945549e-02 -1.01489527e-01 -1.63904118e-01 -2.92984559e-01
    -8.50673414e-01]
   [ 1.02818356e-01  3.48162751e-01  6.58287274e-01  3.73303123e-01
    -1.02839914e-01]
   [-1.00759082e-01  3.74475528e-01  8.03876837e-01  5.52758987e-01
     4.94967861e-01]]

  [[ 2.41866868e-01  3.40846973e-01 -3.22420699e-01 -5.31356352e-01
    -5.96241202e-01]
   [ 5.94680125e-01  6.74829063e-01  1.39346036e-01 -1.33830744e-01
    -5.43578880e-01]
   [ 5.16961867e-01  5.20139841e-01  2.34143231e-01 -3.18709686e-02
    -6.58381356e-01]
   [ 4.36780726e-01  8.34647705e-01  7.89439883e-01  5.71324874e-01
     9.71765251e-02]
   [ 3.50558851e-02  3.75467314e-01  5.68432295e-01  4.65252947e-01
     4.34011747e-01]]]


 [[[ 3.32564049e-01  2.12275021e-01  1.93247258e-01  1.12244823e-01
    -6.81829444e-01]
   [-3.37857748e-02 -2.83747428e-01 -2.81886631e-01 -3.42922550e-01
    -1.08655582e+00]
   [-2.28374057e-01 -2.54664817e-01 -2.56468130e-01 -4.23948037e-01
    -9.92724202e-01]
   [ 1.70193680e-02 -2.02878660e-02  5.86111520e-02 -3.67864478e-01
    -9.46860074e-01]
   [ 6.21063101e-01  5.03564221e-01  6.95916112e-01  1.78514414e-01
    -5.43852752e-01]]

  [[-1.65661027e-01 -1.14308160e-01 -3.36635525e-01 -3.93381516e-01
    -7.44871898e-01]
   [ 2.60008654e-01  3.80799244e-01  3.00459869e-01  3.73170702e-01
    -5.48971649e-02]
   [ 7.06448354e-01  8.24410482e-01  6.91749802e-01  5.37442257e-01
    -1.48333884e-01]
   [ 1.05327624e+00  1.37381710e+00  1.00136926e+00  4.81342404e-01
    -1.81549636e-01]
   [ 2.11192537e-01  2.25755126e-01  4.90980838e-02 -3.12570848e-01
    -4.94693200e-01]]

  [[-2.88929038e-01 -4.47219078e-01 -6.32439389e-01 -4.43342561e-01
    -1.02160081e+00]
   [-1.90633632e-01 -1.99067429e-01 -3.22076845e-01 -8.95377536e-02
    -5.54294415e-01]
   [ 3.30204326e-01  2.16029878e-01  1.43137601e-02 -7.22713731e-02
    -6.61021335e-01]
   [ 6.62897798e-01  5.47466744e-01  5.01997112e-01  1.26700861e-01
    -4.97296419e-01]
   [-4.27222128e-02 -1.71878657e-01 -7.81503905e-03 -2.79647803e-01
    -4.70770510e-01]]

  [[-3.84919734e-01  3.68341985e-02  4.66241215e-01  6.96631184e-01
     4.48813166e-02]
   [-4.08195714e-01 -1.33073763e-01  5.84050643e-02  7.34014628e-02
    -7.03400924e-01]
   [-4.54920696e-01 -1.41788909e-01 -7.51775292e-03  1.52610045e-01
    -2.15648136e-01]
   [-2.80509364e-01 -6.42081310e-02  4.32833173e-03  4.17578111e-01
     2.29898332e-01]
   [ 4.03355823e-01  5.73952317e-01  6.52415902e-01  8.08400834e-01
     1.24475045e-01]]

  [[-1.46295170e-01 -2.26304878e-01 -3.61666857e-01 -4.64937186e-01
    -1.02333339e+00]
   [-1.45783530e-01 -1.25420316e-01 -5.73008043e-02 -1.01065665e-01
    -6.98315146e-01]
   [ 3.28058946e-01  2.01234387e-01  1.29855136e-01 -9.06892811e-02
    -7.49349025e-01]
   [ 7.49428668e-01  7.19927081e-01  6.24490276e-01  1.15186302e-01
    -4.22537141e-01]
   [-8.13096743e-02  4.85357915e-02  1.62879009e-01 -2.89412768e-01
    -3.34678657e-01]]

  [[-6.70457821e-02  9.72143624e-03 -2.94254097e-01 -4.04142144e-01
    -6.90576401e-01]
   [ 2.48270871e-01  4.61393683e-01  3.51114974e-01  3.66809012e-01
     1.17043768e-02]
   [ 7.67346804e-01  9.03245776e-01  6.54633143e-01  4.71569078e-01
    -1.98153068e-01]
   [ 1.16067439e+00  1.44781555e+00  9.51825000e-01  4.77166305e-01
    -1.51196839e-01]
   [ 1.93136959e-01  2.10989532e-01  3.03485535e-02 -2.49525439e-01
    -4.09706753e-01]]]


 [[[ 1.57478485e-01  3.76626294e-01  3.61567004e-01  1.98529621e-01
    -5.06222675e-01]
   [ 1.37649230e-01 -1.30391717e-01 -5.82288225e-01 -6.41040734e-01
    -9.83697200e-01]
   [ 1.74743164e-01 -2.98053484e-01 -7.13217249e-01 -7.17665290e-01
    -1.00070314e+00]
   [ 1.37497682e-01 -2.42363631e-01  1.74633038e-01  2.05053016e-01
    -5.04944807e-01]
   [ 3.65110954e-02 -4.58962403e-02  9.83258627e-01  8.50516519e-01
    -9.18902877e-02]]

  [[ 2.18241408e-01  1.12104470e-01 -6.48897540e-01 -7.57802266e-01
    -5.23887763e-01]
   [ 4.19166424e-01  2.50395825e-01 -7.46715868e-02  3.12075524e-01
     4.56056526e-01]
   [ 1.36521889e-01  1.09468941e-01  5.19715282e-01  1.16757008e+00
     8.31504066e-01]
   [ 2.98097091e-01  5.24851850e-01  9.24620429e-01  1.05165627e+00
     4.47565958e-01]
   [ 3.15330457e-01  1.72863093e-01  4.69985612e-02 -4.06254027e-01
    -6.66791637e-01]]

  [[-2.93859923e-02 -2.19377721e-01 -9.74390721e-01 -9.97738408e-01
    -1.06521383e+00]
   [ 8.87152133e-02 -2.95421914e-01 -8.06208845e-01 -3.06699986e-01
    -2.86829572e-01]
   [ 6.77071673e-02 -4.00900216e-01 -9.72419575e-02  5.60724589e-01
     1.09851352e-01]
   [ 1.00092010e-01 -2.30169849e-02  7.02990829e-01  7.07165542e-01
    -3.17571952e-02]
   [ 9.12643737e-02 -2.03232295e-03  2.54181859e-01 -2.88506812e-01
    -7.23692386e-01]]

  [[-3.78510590e-01  1.97401002e-01  5.01686506e-01  4.74948921e-01
    -1.55984999e-01]
   [-2.50661921e-01  1.82670109e-01  6.17654466e-02 -2.48638999e-01
    -8.48115613e-01]
   [-1.13629285e-01 -1.23772671e-02 -4.43136240e-01 -4.21972594e-01
    -2.49982294e-01]
   [ 1.46457498e-01 -9.36097714e-02 -4.71316187e-01  1.38980505e-01
     5.23408459e-01]
   [ 4.32869364e-01  2.40241086e-01  3.11667558e-01  9.23175817e-01
     6.74670735e-01]]

  [[ 2.37635124e-01 -1.03785736e-01 -8.09544046e-01 -8.71554009e-01
    -8.32979948e-01]
   [ 1.74268963e-01 -3.40199075e-01 -5.01911993e-01 -8.01812372e-02
    -1.51675568e-01]
   [-1.62900127e-01 -4.66038387e-01  1.50135189e-01  7.46961837e-01
     1.74544926e-01]
   [-1.43452966e-01  4.13932908e-02  9.01275863e-01  8.16961181e-01
     1.03366463e-02]
   [-1.49394460e-01  5.00420777e-02  2.99934270e-01 -3.90805049e-01
    -6.90803780e-01]]

  [[ 3.40489525e-01  2.17313113e-01 -6.61126636e-01 -8.26784551e-01
    -4.56731467e-01]
   [ 3.67593132e-01  2.63431537e-01 -1.01241203e-01  2.61499191e-01
     5.32134827e-01]
   [ 1.46228141e-01  1.32210213e-01  4.83927280e-01  1.19079482e+00
     8.68358622e-01]
   [ 3.03888474e-01  5.51632338e-01  9.47967971e-01  1.10704753e+00
     4.94402783e-01]
   [ 2.56037208e-01  1.46936090e-01  7.09707287e-02 -3.40342137e-01
    -5.92367499e-01]]]


 [[[ 9.85891733e-02  3.92432583e-01  4.84775020e-01  3.13455523e-01
    -3.73163412e-01]
   [ 1.04922516e-02 -1.12626041e-01 -4.80144853e-01 -5.69122525e-01
    -8.22890384e-01]
   [-6.09664864e-02 -4.38728703e-01 -9.68132986e-01 -1.03570254e+00
    -1.25286566e+00]
   [-4.77226806e-02 -3.81482853e-01 -1.57025038e-02 -4.44245583e-02
    -7.29214956e-01]
   [-6.16116527e-02 -7.26811808e-02  9.97851404e-01  8.77114883e-01
     8.61827745e-03]]

  [[-7.02157606e-02 -7.27407455e-02 -7.74284630e-01 -9.00178545e-01
    -6.57856695e-01]
   [ 2.26213542e-01  1.32739105e-01 -2.48332273e-01 -6.15807936e-02
    -8.97249083e-02]
   [ 2.01845167e-01  2.18208141e-01  4.42736843e-01  8.06944053e-01
     4.84254213e-01]
   [ 3.13407330e-01  4.78139628e-01  8.82227197e-01  1.06651531e+00
     5.91486196e-01]
   [ 8.95765827e-02 -3.83891640e-03  5.75891938e-02 -2.88356996e-01
    -5.46674797e-01]]

  [[-2.61239890e-01 -4.13439252e-01 -1.12857229e+00 -1.19269450e+00
    -1.23461391e+00]
   [-1.02993016e-01 -4.48825003e-01 -1.07416411e+00 -7.00364146e-01
    -7.52202324e-01]
   [ 4.45825790e-02 -3.78111931e-01 -1.78478633e-01  3.31466303e-01
    -1.36912915e-01]
   [ 7.65047667e-02 -7.08649544e-02  7.14364987e-01  8.41595162e-01
     1.37162431e-01]
   [-1.25619169e-01 -1.74478090e-01  3.22843925e-01 -9.07357033e-02
    -6.05298281e-01]]

  [[-4.82358535e-01  5.74494478e-02  3.73193253e-01  3.44931272e-01
    -3.29764477e-01]
   [-3.15036650e-01  1.61183428e-01  1.04434232e-01 -2.24815727e-01
    -8.86212912e-01]
   [-1.60418059e-01  6.63766338e-03 -4.23138196e-01 -5.18851044e-01
    -4.48813346e-01]
   [ 7.29992008e-02 -1.31004489e-01 -6.57467028e-01 -1.39138857e-01
     1.69539850e-01]
   [ 2.85584051e-01  1.89036910e-02 -1.40198224e-02  6.55075994e-01
     4.36301863e-01]]

  [[-4.06222166e-02 -2.59908574e-01 -9.58180146e-01 -1.06879054e+00
    -9.24615931e-01]
   [-1.21087620e-03 -4.50896203e-01 -7.81085952e-01 -5.04908762e-01
    -5.87564514e-01]
   [-1.07054959e-02 -3.13518167e-01  2.87384737e-02  4.98623813e-01
     4.88337817e-02]
   [-2.18881679e-02  8.77080132e-02  9.27196056e-01  9.60475454e-01
     2.92971227e-01]
   [-2.97075905e-01 -4.53692162e-02  3.80605132e-01 -1.56470159e-01
    -5.25090520e-01]]

  [[ 7.33644568e-02  8.31232844e-02 -7.59796969e-01 -9.69888931e-01
    -5.97137137e-01]
   [ 1.85319862e-01  1.54246160e-01 -3.06164711e-01 -1.73835845e-01
    -4.47229040e-02]
   [ 2.29719067e-01  2.48349122e-01  3.87515749e-01  7.93098639e-01
     5.26752043e-01]
   [ 3.37596235e-01  5.25986534e-01  9.09118304e-01  1.15082699e+00
     6.73659191e-01]
   [ 4.97214191e-02 -2.07537748e-02  8.77252937e-02 -2.00335062e-01
    -4.90879152e-01]]]


 [[[ 4.96347685e-02  6.71665179e-02  6.43859976e-02 -6.40958851e-02
    -6.92116895e-01]
   [ 2.77515496e-01  4.17868947e-01  3.70166793e-01  2.09690781e-01
    -3.40451179e-01]
   [ 4.43167777e-01  3.21957739e-01 -1.40046021e-02 -4.89125263e-01
    -9.52059252e-01]
   [-9.77736323e-03 -6.00480955e-01 -8.82059730e-01 -9.96868918e-01
    -1.24719075e+00]
   [-3.27040699e-01 -8.03561694e-01 -2.10278678e-01  1.57531770e-02
    -3.76300394e-01]]

  [[ 4.32213277e-02  5.89519429e-01  4.76939731e-01  3.68620611e-01
    -4.26787379e-02]
   [ 1.34849728e-01 -1.19892642e-01 -5.61475921e-01 -4.04540918e-01
    -5.62386096e-01]
   [-2.34576853e-01 -9.97384222e-01 -1.13627216e+00 -4.85705458e-01
    -3.53209640e-01]
   [-5.82984926e-02 -1.63011211e-01  2.87174006e-01  8.91223540e-01
     9.44882799e-01]
   [ 5.43515927e-01  7.38267200e-01  1.08713809e+00  1.12203161e+00
     9.41652242e-01]]

  [[-2.06738646e-02  5.79966125e-02 -4.16093312e-02  7.27669798e-02
    -4.73718739e-01]
   [ 1.58456737e-01 -3.17500111e-01 -8.58783893e-01 -5.18776713e-01
    -7.91860147e-01]
   [-6.94616473e-02 -1.06301309e+00 -1.40511213e+00 -6.83080865e-01
    -5.09329044e-01]
   [ 2.36487547e-02 -3.40083288e-01  8.83753286e-02  6.90724361e-01
     7.14675476e-01]
   [ 5.72905870e-01  5.58228014e-01  1.03147185e+00  1.12194298e+00
     7.76195726e-01]]

  [[-4.02285307e-01  8.51642542e-02  4.75843574e-01  4.00966613e-01
    -3.92129148e-01]
   [-1.15693228e-01  3.72057284e-01  6.60770257e-01  3.74790530e-01
    -5.99810250e-01]
   [ 4.96538897e-01  6.92519136e-01  4.09409427e-01  9.78483379e-02
    -3.09478908e-01]
   [ 4.97459016e-01  8.93596701e-02 -6.76359665e-01 -5.71892403e-01
    -3.30907410e-01]
   [-1.24595343e-02 -4.72794820e-01 -8.71720801e-01 -2.35591197e-01
     7.17162027e-02]]

  [[ 1.20157031e-01  3.56680195e-01  2.27107918e-01  7.33822324e-02
    -4.24012308e-01]
   [ 3.07334361e-02 -3.33770991e-01 -6.07793684e-01 -5.17060985e-01
    -7.25799541e-01]
   [-2.86619614e-01 -1.20230917e+00 -1.11404833e+00 -4.97445825e-01
    -4.05875634e-01]
   [-1.70430155e-01 -3.35718154e-01  4.74060094e-01  9.30998187e-01
     7.65640279e-01]
   [ 3.77351679e-01  7.03847937e-01  1.34741687e+00  1.20628468e+00
     7.64987650e-01]]

  [[ 1.76147972e-01  7.75662283e-01  4.64549067e-01  2.49041303e-01
    -6.46683205e-02]
   [ 1.16192082e-01 -9.97606570e-02 -6.41355596e-01 -5.67075663e-01
    -6.14722033e-01]
   [-2.17808161e-01 -9.70866574e-01 -1.13526135e+00 -5.09605001e-01
    -3.32877620e-01]
   [-2.79061877e-02 -7.26290553e-02  3.65145825e-01  1.00783334e+00
     1.07106871e+00]
   [ 4.57458220e-01  7.01641835e-01  1.09355010e+00  1.18420197e+00
     9.68901480e-01]]]


 [[[ 3.08356054e-01  3.42798218e-01  2.24304036e-01 -7.67538299e-02
    -7.60934936e-01]
   [ 1.60471770e-02  3.75735297e-01  3.69396870e-01  9.08806029e-02
    -5.94343202e-01]
   [ 3.45552505e-01  6.08864396e-01  3.19289816e-01 -2.46589790e-01
    -1.04097711e+00]
   [ 4.70900138e-01  1.51669384e-01 -5.44496274e-01 -1.03340866e+00
    -1.33788053e+00]
   [ 5.80933329e-01 -2.66431892e-03 -2.92188941e-01 -3.00642118e-01
    -3.60077166e-01]]

  [[-1.60025025e-01  3.52717998e-01  3.39254236e-01  6.24735680e-02
    -5.27256954e-01]
   [ 4.44678553e-01  3.80136723e-01 -2.61212896e-01 -5.46784991e-01
    -9.90419603e-01]
   [ 3.84256562e-01 -3.37521991e-01 -1.11900323e+00 -1.10242473e+00
    -9.42435675e-01]
   [ 4.09940840e-01  1.05387074e-01 -1.98464580e-01  1.57701746e-01
     4.87725339e-01]
   [ 3.27147433e-01  3.72901891e-01  4.21083547e-01  6.15816271e-01
     7.37151504e-01]]

  [[-1.64661791e-01  1.26926495e-01 -6.31402789e-04 -5.45701849e-02
    -7.35216623e-01]
   [ 3.97941910e-01  2.83990404e-01 -4.34682801e-01 -4.77030892e-01
    -9.47572268e-01]
   [ 5.52925257e-01 -2.04079514e-01 -1.18061616e+00 -1.00027663e+00
    -8.17015987e-01]
   [ 4.57070742e-01  5.77135792e-02 -2.27456165e-01  2.23178759e-01
     5.28925044e-01]
   [ 4.63542529e-01  3.34321154e-01  5.41153067e-01  8.06456087e-01
     7.13562953e-01]]

  [[-1.26376132e-01  2.55277346e-01  8.04189655e-01  5.85870585e-01
    -3.15726226e-01]
   [-3.28705741e-01  3.22144799e-01  9.19363617e-01  5.47382796e-01
    -4.17720131e-01]
   [ 2.50928807e-01  9.33875488e-01  8.79103995e-01  3.78068586e-01
    -2.28446710e-01]
   [ 7.69665052e-01  8.58632152e-01 -5.09763183e-02 -4.64768947e-01
    -7.71973355e-01]
   [ 6.88247802e-01  4.02847417e-01 -4.83371790e-01 -5.27000781e-01
    -4.88685194e-01]]

  [[-1.24091908e-01  2.20854930e-01  9.79884051e-02 -1.62266897e-01
    -8.13652738e-01]
   [ 2.83276632e-01  1.84770156e-01 -3.39558433e-01 -5.99803010e-01
    -1.03620858e+00]
   [ 3.86897437e-01 -5.10372008e-01 -1.15740732e+00 -9.76722606e-01
    -7.90385606e-01]
   [ 4.18121169e-01 -1.71501627e-01 -9.21137724e-02  3.51629747e-01
     6.12125077e-01]
   [ 4.39108639e-01  3.16517231e-01  6.91512220e-01  8.56984987e-01
     6.90871357e-01]]

  [[-6.73459874e-02  4.98634523e-01  3.03712232e-01 -1.10347538e-01
    -5.99562876e-01]
   [ 4.45567602e-01  4.24006539e-01 -3.34331382e-01 -7.37579440e-01
    -1.03536652e+00]
   [ 4.44112494e-01 -3.31091367e-01 -1.22506579e+00 -1.18205634e+00
    -8.89402277e-01]
   [ 4.44815508e-01  8.58114151e-02 -2.48409208e-01  2.24249253e-01
     6.56013827e-01]
   [ 2.84678501e-01  3.06078788e-01  3.84292715e-01  6.65985449e-01
     7.73446961e-01]]]


 [[[ 3.14957744e-01  3.19189672e-01  1.94649918e-01 -7.20881343e-02
    -7.31767794e-01]
   [ 2.92407935e-02  3.52951625e-01  3.40435230e-01  1.06181793e-01
    -5.38596637e-01]
   [ 3.56698587e-01  5.76386443e-01  2.86044117e-01 -2.37551080e-01
    -9.97420392e-01]
   [ 4.54381468e-01  1.06500726e-01 -5.56847287e-01 -9.90237600e-01
    -1.29439014e+00]
   [ 5.18193844e-01 -5.24687260e-02 -2.56335813e-01 -2.30021687e-01
    -3.22514666e-01]]

  [[-1.54131085e-01  3.51416561e-01  3.13905144e-01  8.14898928e-02
    -4.35629330e-01]
   [ 4.50147115e-01  3.65294475e-01 -2.96432146e-01 -5.43336282e-01
    -9.34782500e-01]
   [ 3.62292459e-01 -3.73994750e-01 -1.12766933e+00 -1.05157664e+00
    -8.96564573e-01]
   [ 3.76818170e-01  8.35071626e-02 -1.47305056e-01  2.41320904e-01
     5.42316392e-01]
   [ 3.45292448e-01  4.15930527e-01  5.18810549e-01  7.07784375e-01
     7.90239601e-01]]

  [[-1.62187927e-01  1.01339686e-01 -3.75536504e-02 -5.29872704e-02
    -6.70667053e-01]
   [ 3.91620885e-01  2.46428414e-01 -4.86302216e-01 -4.90411935e-01
    -9.15924122e-01]
   [ 5.17799189e-01 -2.70127128e-01 -1.21046575e+00 -9.74369534e-01
    -7.85060763e-01]
   [ 4.11928539e-01  1.92001800e-02 -1.95513450e-01  2.84634976e-01
     5.65362836e-01]
   [ 4.67417665e-01  3.66015878e-01  6.15746250e-01  8.74779139e-01
     7.55337688e-01]]

  [[-1.03308310e-01  2.51376095e-01  7.31520119e-01  5.22174265e-01
    -3.21665738e-01]
   [-3.00654423e-01  3.25740354e-01  8.59570208e-01  5.05486670e-01
    -4.12649453e-01]
   [ 2.91912335e-01  9.38763998e-01  8.42641798e-01  3.68863790e-01
    -1.89152192e-01]
   [ 7.94758155e-01  8.31269901e-01 -8.48290056e-02 -4.53288634e-01
    -6.98347477e-01]
   [ 6.62471202e-01  3.46754416e-01 -5.15250066e-01 -4.97620807e-01
    -4.15711297e-01]]

  [[-1.18610971e-01  2.08729436e-01  7.78514764e-02 -1.43989091e-01
    -7.41780165e-01]
   [ 2.83854298e-01  1.55879115e-01 -3.75130516e-01 -6.02490390e-01
    -1.00664301e+00]
   [ 3.48366077e-01 -5.67048605e-01 -1.16992367e+00 -9.37101112e-01
    -7.64746359e-01]
   [ 3.64731882e-01 -1.86307263e-01 -3.64889975e-02  4.25983714e-01
     6.49939865e-01]
   [ 4.52233173e-01  3.75975227e-01  7.90741500e-01  9.38923012e-01
     7.32773298e-01]]

  [[-5.84696648e-02  5.02297712e-01  2.84183425e-01 -8.75170101e-02
    -5.04163787e-01]
   [ 4.53206949e-01  4.07789756e-01 -3.67092088e-01 -7.30562886e-01
    -9.82751099e-01]
   [ 4.16999550e-01 -3.67777053e-01 -1.22529264e+00 -1.12409931e+00
    -8.46341210e-01]
   [ 4.11371690e-01  7.41754718e-02 -1.90200424e-01  3.12148343e-01
     7.13384655e-01]
   [ 3.03616838e-01  3.54607818e-01  4.86967139e-01  7.59001752e-01
     8.31226159e-01]]]


 [[[ 3.72510998e-01  2.69916512e-01  2.45753593e-01  1.58429428e-01
    -6.09080309e-01]
   [-1.49124762e-02 -3.06576880e-01 -3.88434693e-01 -4.13572824e-01
    -1.06503935e+00]
   [-1.44879660e-01 -2.54590271e-01 -3.88129355e-01 -5.82720841e-01
    -1.04833932e+00]
   [ 1.91508159e-01  7.27154614e-02  3.82595184e-02 -3.40111139e-01
    -8.88918006e-01]
   [ 6.89861991e-01  4.83536019e-01  6.83816643e-01  2.61118931e-01
    -4.41552147e-01]]

  [[-6.22587322e-02 -9.15203940e-02 -4.06925426e-01 -4.66546266e-01
    -7.27409608e-01]
   [ 4.02193613e-01  4.63960048e-01  2.42104493e-01  3.01702993e-01
    -4.80539103e-02]
   [ 8.20946805e-01  8.89600150e-01  6.71201913e-01  5.65545275e-01
    -4.21956574e-02]
   [ 9.88258393e-01  1.22350529e+00  8.78344255e-01  4.71487071e-01
    -1.27602783e-01]
   [ 9.58933369e-02  6.87584748e-02 -2.65037340e-02 -3.24964641e-01
    -5.00822642e-01]]

  [[-1.96265717e-01 -4.17053127e-01 -7.40312889e-01 -5.87489288e-01
    -1.07393123e+00]
   [-5.77229039e-02 -1.45316189e-01 -4.34525456e-01 -2.18655011e-01
    -5.93876436e-01]
   [ 4.19083174e-01  2.78177467e-01 -1.01779119e-02 -4.74241295e-02
    -5.57053306e-01]
   [ 6.23074055e-01  4.98857026e-01  4.80237012e-01  1.76205349e-01
    -4.05221646e-01]
   [-1.06041268e-01 -2.34454665e-01  2.50651697e-02 -2.11368530e-01
    -4.28636265e-01]]

  [[-2.73600990e-01  1.67906512e-01  5.40769631e-01  6.42462013e-01
    -5.67120640e-02]
   [-2.93076734e-01  3.57488270e-02  1.29958879e-01  1.74352487e-02
    -7.23128429e-01]
   [-3.16156246e-01  4.26720741e-02  4.80078014e-02  9.08324101e-02
    -1.82704758e-01]
   [-3.39097305e-02  1.82531872e-01  1.17508302e-01  4.30435790e-01
     3.41896278e-01]
   [ 6.10703277e-01  7.50059854e-01  7.22095261e-01  8.66832953e-01
     2.92855967e-01]]

  [[-7.01628111e-02 -2.83449059e-01 -5.11326265e-01 -5.98069506e-01
    -1.02881713e+00]
   [-3.48756807e-02 -1.47378930e-01 -1.98726050e-01 -2.15421072e-01
    -7.04869249e-01]
   [ 4.29252406e-01  2.02756570e-01  5.98657271e-02 -3.55595891e-02
    -6.19259934e-01]
   [ 7.04508589e-01  6.01500378e-01  5.59770169e-01  1.97407462e-01
    -3.25419168e-01]
   [-1.94924169e-01 -5.76595447e-02  1.52456632e-01 -2.29073096e-01
    -3.03718946e-01]]

  [[ 2.53857532e-02  2.73775343e-02 -3.69168726e-01 -4.88333320e-01
    -6.76390239e-01]
   [ 3.86918093e-01  5.33840523e-01  2.73680718e-01  2.79650146e-01
     1.38199057e-02]
   [ 8.83015836e-01  9.49085479e-01  6.13981931e-01  5.01603898e-01
    -7.74433335e-02]
   [ 1.08307437e+00  1.28347925e+00  8.38842138e-01  4.87885297e-01
    -8.82718118e-02]
   [ 6.88236619e-02  5.27648659e-02 -3.37445822e-02 -2.53592026e-01
    -4.15325602e-01]]]]