[[-0.10929113 -1.29025296  0.12369972  0.24568852 -1.35746353  1.40185415
   0.50237099 -1.44189316 -1.76738208 -1.79892637]
 [-1.22522842  1.36216902 -0.10704223 -0.90542178  0.60642863 -1.91926973
  -2.3546416   0.28029717 -2.51161454  0.61339952]
 [-1.67287154  0.40974356  0.65349998 -1.47497711  0.27915262 -0.79369213
   0.72302712  0.06919838  0.69774032 -1.59609361]
 [ 0.02236422  0.13310844 -0.38122506  0.13621336  0.24883439 -0.11009332
  -0.11924369 -2.4029887   0.0651765   0.6071094 ]
 [ 0.35262017 -2.01984075  0.36582661 -1.17848484 -1.0100972  -1.78906484
   0.4715273   1.15666217  1.34597072 -1.17004381]
 [ 0.2301047  -2.00739085 -0.28822339 -0.50554772 -2.31993691  0.16240828
   0.88378782  0.74041026  1.0238692  -1.75583948]
 [-0.49530355  0.68836757 -0.88976317  0.68613616 -1.74559958 -1.95269583
  -1.55604933  0.22596891 -0.70193064  0.59610633]
 [ 1.28362721 -2.10104706  1.22389574 -0.40404084 -0.19414496 -1.73559425
  -1.40762335 -2.04938399 -2.42233033  0.55764631]
 [ 1.10970803 -1.87792448 -0.6359163  -0.13584469 -2.52996818 -0.59172048
  -2.31216503  1.52749648 -1.92890066 -1.28206107]
 [-1.56371239 -0.16692525  0.31889405 -1.69804766  1.4204348  -2.25567287
   0.41668604 -0.15167535 -1.21079426 -1.78198057]
 [-1.45159555  0.34330765  0.57708434 -1.78617624  0.51091078 -0.94802252
   0.68737681  0.28538905  0.58540222 -1.20542861]
 [-0.18602126 -1.22206773 -0.83228804  0.36371042  0.74274233 -0.85849939
  -2.29248729  0.29799277 -1.78694265  0.64680552]
 [ 0.05391397 -1.09757371 -1.11730356 -0.15675629  0.3111408   1.36836817
   0.35412864 -0.4608557  -1.96583245 -0.86439551]
 [-0.28575448 -2.61692911  1.21969884  1.42144822 -0.58137892 -0.7001235
  -2.43265844  0.46336938 -0.62507476 -2.11179495]
 [-1.5134784  -0.72352695  0.36548944  0.27482159  0.21692696  1.51397807
   0.29965811 -0.74198074 -1.38233438 -2.32178671]
 [ 0.15103711 -2.24802063 -1.29979197  0.8940858  -2.09139011  0.5745068
  -1.78597008  0.65909991 -1.25348858  0.54372744]
 [ 0.22863705 -1.66503532  0.31989217 -2.02794774  0.20575893  0.31391924
   0.10975143 -1.1111916   0.12968129  0.36489467]
 [-1.2973162  -0.18413757 -1.90786019  0.22107951  0.42145217  0.01742989
  -2.02615856  0.22727117  0.77030053  0.29723786]
 [-1.95524017  1.30855738  0.59725306  0.64992626 -0.18612153 -2.26583496
  -1.35309626 -0.52839145 -1.09785295 -2.20790038]
 [ 0.30188713  0.30894418 -2.08267097 -2.71573075 -0.25668324  0.40847577
   0.39680208 -0.22598199  0.02621928  0.07402468]
 [ 0.28002693 -2.29730086  0.35705222 -0.92233328 -1.13496014 -0.5181387
   0.5881072   0.47177963  1.08976409 -2.01971378]
 [ 0.29357057  0.36003236 -2.00890951 -2.82676899 -0.00903648  0.36414353
   0.2960436  -0.23671767 -0.09218078  0.14424745]
 [-2.51291241 -0.12699274  0.48019018 -0.28589869  0.15549689  0.36590939
   0.17823378 -0.61330323  0.39914207  0.21756975]
 [ 0.30350321 -1.04271492 -0.69588542 -1.03603981 -2.61701428  0.74363101
   1.05462983 -2.29799944  0.14980065 -2.5842668 ]
 [-2.13921874 -0.11155469  0.38202282  0.02425573  0.50784872  0.31843664
  -2.05345039 -0.02692047  0.37830368  0.3315618 ]
 [ 1.15276919 -2.01206378 -0.48351066 -1.52165288  0.56633363 -2.14704049
  -1.98482093  0.22135791  0.49986112  0.81165638]
 [ 0.41752016 -1.76265339  0.44483158 -1.29684357 -0.95737376 -1.77846823
   0.62825564  1.10720061  1.03126889 -1.38040592]
 [-0.61348027  0.7157972  -1.95870684  0.19281296 -0.87203364 -2.09989092
  -2.44099789  0.30210509 -1.95908195  1.1025348 ]
 [-1.5614258  -0.1418716  -2.25075651  0.27677592  0.32355615  0.21196908
  -1.86804678  0.22889489  0.81968284  0.22483159]
 [ 0.02693733 -0.99385904  0.68755462 -0.14632188 -0.24553515 -0.55214499
   0.20872074  1.37447273 -2.00792908 -2.13446819]
 [-0.12722223 -2.70164269 -0.87980598  1.1524752  -1.92786925  0.39443318
  -2.675095    0.72502384 -1.15393838  0.58321854]
 [-1.52053138  0.26793969  0.43162523 -2.02329413  0.66740382 -1.30152378
   0.51371353 -0.23796636  0.49351785 -0.47622065]
 [-0.42056511 -0.46325174 -0.77313656  0.0935738   0.58620035 -1.32394199
  -0.35048804 -0.14492864 -1.92677349  0.48815696]
 [ 0.67162892 -2.11948806 -1.6679029  -0.8279456  -0.4100996   0.41615583
  -0.65284387  0.89878261 -2.08342634 -0.17364783]
 [-0.36329027 -1.1670577  -0.97256312  0.29621904  0.61917525 -1.22980612
  -1.30838239  0.02791672 -1.94173604  0.54705178]
 [-1.19169268 -0.02579374  0.70842558 -1.17430093 -2.10786322 -1.44618471
   1.59452808 -2.16734554 -1.69529062 -1.18354826]
 [ 0.10847827 -0.05021264 -0.33375046  0.63142153 -2.72869126 -0.53579344
  -1.49273408 -0.6815853   0.56154122 -2.3320433 ]
 [ 0.39553246 -1.10078453 -1.90764754 -0.95757868 -0.33674798  1.54896002
   0.6283663  -0.06859828 -1.65951101 -1.85194961]
 [ 0.03924936 -2.58829348  0.95242952  1.16544074 -0.9135061   0.34474766
  -1.78238264 -0.8539338  -0.55089384 -1.20639261]
 [-0.40136778  0.55569284 -1.58841484  0.56687698 -1.73207053 -1.67219479
  -1.38851659  0.44480936 -1.01684649  1.01926144]
 [-0.04226504  0.51681477 -0.24643735 -0.29485828 -2.85340457 -0.07542912
   0.21950731 -2.01204004  0.66535095 -2.46010374]
 [ 0.51929777 -1.62665184 -1.76967094 -1.66045973 -0.63978583  1.6079671
   0.42863688 -0.13266097 -1.54828727 -2.1081081 ]
 [ 0.78556288 -0.96340806  1.30603131 -1.78952451 -0.93880659 -1.69908446
   0.81099526 -2.76588147 -2.92946577  0.1889852 ]
 [-0.17181428 -1.24158052  0.99292886 -2.01858353  0.49090894 -1.81401536
   0.42797455  0.42653347  0.09442648 -0.46197738]
 [-1.98945215  1.02273732  0.70753132 -0.41171625  0.31134235 -0.29023714
   0.31457122 -0.29099358 -0.84956493 -2.30019742]
 [-2.55536491 -0.21774839 -0.67193921 -0.0546328   0.45486599  0.59426511
  -1.53020826  0.2957416   0.51812188  0.27064735]
 [-0.05721768 -2.29368139 -1.74546991  0.90442796 -2.60517846 -0.35700201
  -2.20941641  1.75085052 -0.97258307 -1.55947374]
 [ 0.2107671  -1.65855076 -1.9307036   0.69520858  0.23484942 -0.14538672
  -0.03199906 -0.79899543  0.70903915  0.31678137]
 [ 0.44455824  0.14055681 -0.11717768  0.16945356 -2.77142915  0.24663473
  -1.5223887  -0.63670235  0.14776474  0.84689317]
 [-1.84019921  0.9040212   0.70248169  0.96438545 -1.03097556 -2.03161287
  -1.40658033 -0.86913459 -0.92610467 -2.28051653]
 [-1.57040017  0.75207671 -0.77885849 -1.79953681 -1.72323724 -2.1796214
  -1.2003437   0.34856407 -0.20880703  0.80570618]
 [ 0.39668019 -1.95059287 -1.65493204 -2.34043811  0.16050003  0.41300306
   0.21790165 -0.84559597  0.11139881  0.40087591]
 [ 0.33350195  0.31785238 -0.12657068  0.61987279 -2.0585658   0.26255513
  -0.33793976 -1.66613791  0.44256514  0.25593519]
 [ 0.44316816  0.18274881  0.04056883  0.22385511 -2.43400674 -0.36557042
  -1.94798034 -0.2707019   0.37991919  0.18316167]
 [ 0.14149515 -2.16019437  0.70683758  0.88880748 -1.56185869  1.02608417
  -1.30233005 -1.04398028 -1.32767405 -1.23955908]
 [-2.29706672 -0.08026939  0.27310713 -0.29168412  0.19691566  0.28224759
   0.28750442 -1.07185078  0.40742574  0.34266957]
 [-1.72344147  0.80073439 -0.13380366 -1.26756092  0.53399616 -2.34378812
   0.20951756  0.15413768 -2.73215026  0.54580716]
 [ 0.5401735  -1.79058443  0.8773567   0.67897842 -1.65674209 -1.43540397
  -1.86406866  1.29130436 -1.59661113 -1.95967996]
 [-1.45700951  0.19409721  0.29869773 -1.07569306  0.46425411  0.2178573
   0.23914801 -1.91131012  0.3127966   0.18954459]
 [-0.39945042 -1.03828007 -1.28822052 -1.59589062  0.30931578  1.15432987
   0.32519869 -1.29201392 -1.47156102  0.52238423]
 [ 0.43851158 -1.66906047  0.4944289  -1.36613877 -0.91430134 -1.79925687
   0.64933295  1.07727904  0.91139191 -1.39079456]
 [ 0.1354749   0.32554613  0.0583278   0.4846903  -2.53109857  0.34504092
   0.06164545 -1.88567042  0.59909408 -1.8716812 ]
 [-0.46558873 -0.99122205 -0.76836722 -0.24540032  0.34831009  1.30896711
   0.09966519 -1.04964791 -2.3184353   0.47577036]
 [ 1.33227905 -2.20555234  0.9271654  -0.93630432 -0.83929102 -1.76424349
  -1.80743171  0.63511123 -1.97051824 -1.93071772]
 [ 1.17738285 -2.22315506  1.30038432  0.75049647 -0.06110251 -1.68175295
  -1.86486946 -1.81029311 -1.82476632  0.15022291]
 [-1.31160559  0.96320106  0.68748267  0.08545351 -0.96106205 -1.98445778
  -1.36317024  0.96668219 -1.51513319 -1.35780126]
 [-0.45508241  0.62360237 -1.83163496  0.62428581 -1.64408702 -1.68831436
  -1.47746606  0.27824913 -1.27957992  1.1354572 ]
 [-1.95979504  0.6705676   0.37166777 -0.12360633  1.47514552  0.08176956
   0.51853443 -1.20743798 -1.86901718 -1.57290613]
 [-1.32711066  0.81761016 -0.65638853 -0.86200052 -1.34414531 -2.23994299
  -1.08886823  0.55321363  0.10005266 -0.01748045]
 [-1.46733502  1.17835592  0.73267427 -1.17400612 -1.02612326 -1.00982462
  -1.1276518   1.17672755 -1.93875092 -1.73572199]
 [ 0.49179779 -1.55147267  0.63101328 -1.42554865 -0.77486926 -1.82035086
   0.5710264   0.93349351  0.84712673 -1.34077583]
 [ 0.61857257 -2.48688555 -0.88952783 -1.63848815  0.50397685 -0.98173929
  -1.38898431  0.06385837  0.63073998  0.5868846 ]
 [-1.33586819 -0.1302067  -2.31596935  0.24268997  0.33520124  0.18577948
  -1.88566968  0.05394782  0.79850786  0.25027386]
 [-1.62231229  0.9514033   0.24369446  0.83449276 -1.64948184 -1.55087296
  -1.26016471 -1.10524444 -0.2023045  -2.51665277]
 [ 1.12704032 -1.0610537  -2.94956613 -1.86541934  0.51924234 -1.89130132
   0.73754602 -0.2754151  -0.88920909 -1.88333033]
 [-2.02456184  1.1998529   0.54095987  0.21774219  0.01205718  0.58525055
  -0.16063827 -2.12794241 -1.36265775 -2.02748678]
 [ 1.08867192 -1.06977419 -2.42733026 -2.13627633  0.57967071 -2.28672303
   0.71546735 -0.34692527 -1.21844109 -1.9091881 ]
 [ 0.22802352  0.20454442 -0.03478188  0.43040747 -2.30437157 -1.6047031
  -2.15339348 -0.36370515  0.82894305 -0.19714005]
 [-0.17133231 -1.51676769 -0.91156626  0.51133689  1.07004568 -0.64599826
  -2.78692823 -0.2390185  -1.56704737  0.72854872]
 [ 0.46607473  0.19102723 -0.02422937  0.224105   -2.50896389  0.20653981
  -1.11948869 -1.46634493  0.30595128  0.73795879]
 [ 0.33561759 -1.17705247  0.38977203 -0.15664393 -0.68414149  0.71625811
   0.25220427 -1.22000756 -1.97171204 -1.37997292]
 [-0.22331647 -1.24390826  0.59174403 -1.46123579  0.31765222 -1.25553849
  -0.06238182  1.64201227 -1.94606244 -1.97996309]
 [ 0.26977366 -0.17831583 -1.96718973 -2.1670645   0.16699405  0.02466569
   0.36028348 -1.87454034  0.30596784  0.54665985]
 [-2.17766576 -0.11779337  0.45940336 -0.00883938  0.53197129  0.39095813
  -1.96791818 -0.05317467  0.44491177  0.3186242 ]]