[[[0.31650466 0.5918964  0.37781217 0.46039472 0.64320171 0.06491724
   0.75214661 0.12688119 0.91948495 0.56331388 0.04351493 0.73318078
   0.64034083 0.83863858 0.08513453 0.84435958 0.14240559 0.30820838
   0.84823684 0.51101804 0.95177834 0.93513087 0.9054883  0.55435556
   0.15726037 0.96832799 0.26073932 0.51072053]
  [0.78216289 0.14392384 0.35784041 0.67093292 0.79375646 0.0686317
   0.27675088 0.30818146 0.48088735 0.75615717 0.57250421 0.76047244
   0.51100497 0.08530189 0.05424201 0.82047503 0.21349567 0.64055644
   0.22719018 0.52560844 0.36574418 0.30206496 0.04618451 0.11428609
   0.02116623 0.52660854 0.13682022 0.87024195]
  [0.96735089 0.3817932  0.58327919 0.76086548 0.58256548 0.73723384
   0.80932068 0.00152848 0.40151354 0.69921574 0.67624864 0.71218258
   0.05017571 0.6732656  0.06360296 0.97856851 0.06026219 0.82217288
   0.65911649 0.22742731 0.41704613 0.80880491 0.29750187 0.63094127
   0.30810535 0.95895208 0.84457793 0.61196244]
  [0.85835497 0.49368478 0.57816661 0.55182323 0.25588313 0.04620753
   0.84189237 0.01606334 0.36504439 0.21027542 0.04913216 0.27921447
   0.3680167  0.46952439 0.26461249 0.33945398 0.99635286 0.33360438
   0.33794865 0.29525308 0.36973649 0.69594292 0.14060134 0.40974296
   0.02695365 0.99686716 0.68819503 0.38384175]
  [0.6527691  0.37092986 0.50197869 0.36721879 0.42266848 0.58510758
   0.61941026 0.7559063  0.30569974 0.02911447 0.30690705 0.40272708
   0.5937858  0.25904175 0.09763447 0.51782483 0.54461113 0.77133123
   0.92925661 0.5320209  0.21429254 0.96871118 0.40501598 0.87550045
   0.40052626 0.91437535 0.0773201  0.29954778]
  [0.93337171 0.15298698 0.71236611 0.98367997 0.10039409 0.8352386
   0.29642094 0.4603767  0.44046467 0.49604293 0.4074131  0.306541
   0.97684445 0.9162504  0.5471947  0.03607572 0.37101149 0.92303135
   0.73686482 0.20650647 0.35244212 0.23832957 0.56509642 0.86019568
   0.90674611 0.96002587 0.92658648 0.86494362]
  [0.69732006 0.11382565 0.87088166 0.60713466 0.13039592 0.66964397
   0.50074779 0.07671883 0.97466661 0.09221914 0.09275957 0.95203653
   0.75171988 0.7690858  0.93117237 0.36531678 0.73031358 0.5086104
   0.94378082 0.63948056 0.88559622 0.34796879 0.40569715 0.96562896
   0.89301192 0.21778665 0.13322551 0.47919964]
  [0.6430706  0.24560095 0.40105214 0.28982622 0.16867866 0.52992245
   0.21904138 0.865838   0.16669481 0.36239725 0.87928489 0.02844673
   0.7800667  0.06106179 0.00715858 0.55715766 0.92619005 0.42053801
   0.19526269 0.22142563 0.80682098 0.3036599  0.73049565 0.61729167
   0.54716486 0.44691149 0.03069235 0.75601967]
  [0.96561585 0.8026855  0.93277169 0.04060403 0.52249058 0.23641272
   0.99844358 0.70799678 0.00163689 0.99547236 0.173969   0.48959692
   0.27726395 0.02953285 0.49985709 0.4359014  0.81546532 0.67086784
   0.61171951 0.90356589 0.10386607 0.37174856 0.67150801 0.51873242
   0.83819756 0.51491552 0.01458657 0.89048127]
  [0.93157222 0.48349244 0.22632136 0.28056406 0.32611718 0.19102705
   0.51034087 0.74254453 0.81230192 0.63537146 0.28065849 0.55536842
   0.99740942 0.90041247 0.94507792 0.77091585 0.96916293 0.96721199
   0.54259452 0.07883662 0.57232689 0.77124506 0.74219733 0.63057726
   0.76943669 0.13815424 0.55043794 0.97340356]
  [0.65483726 0.44090597 0.15554586 0.26956349 0.44700429 0.47418975
   0.49382631 0.74396112 0.28796349 0.59968309 0.45372337 0.73142271
   0.08720705 0.59688878 0.69181193 0.00618927 0.49507746 0.77522951
   0.7737942  0.5593966  0.47821158 0.03132574 0.62337785 0.75189886
   0.28343237 0.70399716 0.66166328 0.90208539]
  [0.48380626 0.54390092 0.72606333 0.48984393 0.1957802  0.10509443
   0.61636841 0.4143989  0.4039991  0.92633008 0.71306925 0.1662056
   0.93536493 0.88052839 0.11294568 0.34341907 0.50274052 0.51198302
   0.77085699 0.58749957 0.71518212 0.59552766 0.43131544 0.24550154
   0.71868797 0.21245265 0.70030127 0.89681684]
  [0.0517072  0.43886368 0.24021445 0.12593314 0.51872987 0.32351638
   0.01609657 0.57742072 0.06085062 0.96361709 0.28620413 0.74123068
   0.6799952  0.55838552 0.49227323 0.22175116 0.64509156 0.58717517
   0.46487606 0.10768009 0.91530276 0.52057107 0.50835014 0.66156659
   0.82851342 0.76093264 0.47641917 0.49896351]
  [0.66846283 0.86187854 0.21978042 0.8262343  0.3109993  0.31434668
   0.34587569 0.89807538 0.79735451 0.35866413 0.72925055 0.15551206
   0.23632686 0.66534952 0.40994956 0.44698786 0.03850787 0.73612917
   0.44561519 0.84526965 0.25096026 0.33497183 0.35257921 0.50952321
   0.87257658 0.63391048 0.4505558  0.81264395]
  [0.44412884 0.73453471 0.65036779 0.59986027 0.20103559 0.52244043
   0.54885327 0.97411233 0.50247715 0.50111701 0.44920707 0.28695326
   0.39529491 0.29825961 0.79440163 0.27474639 0.45019033 0.3604618
   0.05578102 0.7497157  0.48528688 0.47259741 0.17056617 0.82562613
   0.92972625 0.26788548 0.4413486  0.96610945]
  [0.31176373 0.74098712 0.44070158 0.24641177 0.9865215  0.64843005
   0.66033239 0.43532688 0.58471201 0.87917948 0.5151729  0.53457301
   0.03476753 0.19037405 0.00440992 0.75653349 0.14639553 0.80841145
   0.65598663 0.75134324 0.98734251 0.3581496  0.50774405 0.01304705
   0.84005887 0.98109974 0.10229252 0.51895645]
  [0.54943223 0.40267426 0.28735071 0.7736215  0.07163214 0.70754344
   0.19161033 0.31540275 0.97809387 0.23570719 0.88955317 0.61935122
   0.6557213  0.34644877 0.3847238  0.34529578 0.20964452 0.84107062
   0.58982202 0.64090573 0.91907632 0.52502332 0.96837609 0.46647516
   0.15454885 0.25132881 0.48688593 0.13639102]
  [0.37572125 0.36293092 0.52371458 0.54837364 0.93695208 0.46366775
   0.84983807 0.44884981 0.11675119 0.03127981 0.78240069 0.45848685
   0.37464981 0.83488513 0.0808761  0.25712026 0.32834101 0.81104524
   0.07293362 0.6016897  0.30743081 0.76992756 0.00714633 0.39456076
   0.23277685 0.91671616 0.41372396 0.04223084]
  [0.15241389 0.24518964 0.74454033 0.79071724 0.95089991 0.4425725
   0.9514206  0.69419388 0.18330642 0.76145659 0.33205874 0.32450281
   0.7694049  0.42790193 0.36765283 0.26641506 0.21911966 0.42064982
   0.92941044 0.66879509 0.28549522 0.47371248 0.95415693 0.18397844
   0.31051204 0.56343346 0.89088377 0.27960149]
  [0.46757682 0.5633714  0.37200469 0.29461471 0.51437608 0.58691929
   0.78896865 0.81529697 0.08306704 0.72938311 0.74222168 0.70563013
   0.380684   0.48368997 0.26544724 0.09323139 0.9349505  0.60098197
   0.02840143 0.88242845 0.85967326 0.90095993 0.07413781 0.90184194
   0.41303357 0.44500168 0.65856125 0.55492619]
  [0.884703   0.71231723 0.80386529 0.08398361 0.71167568 0.67408925
   0.20363633 0.6024371  0.75393712 0.14967696 0.78225602 0.16660994
   0.44922736 0.41442931 0.04064144 0.53792707 0.79297606 0.01158941
   0.2673282  0.51137537 0.65467671 0.95201995 0.13221392 0.58842408
   0.61682422 0.63207873 0.18475376 0.21884092]
  [0.08851175 0.1973883  0.03336338 0.54524177 0.5293116  0.05974671
   0.51906706 0.78488223 0.94776135 0.84135826 0.59599438 0.01481355
   0.4139893  0.96982709 0.66636474 0.07762929 0.14549424 0.59648945
   0.87239358 0.762963   0.5621357  0.0165791  0.24018511 0.13472056
   0.46797458 0.8551928  0.60977243 0.08181513]
  [0.99616887 0.85313286 0.17551092 0.575993   0.87712869 0.11503521
   0.72140248 0.15838391 0.1277236  0.34608509 0.19915028 0.9918359
   0.7687179  0.15611379 0.12926502 0.27546351 0.72447647 0.74487729
   0.90384397 0.70858924 0.93669129 0.34426027 0.70594729 0.29548455
   0.71143712 0.56055184 0.75224172 0.3036431 ]
  [0.9275777  0.36944524 0.16426603 0.75932336 0.84726418 0.2866744
   0.26322465 0.11914783 0.80265961 0.64937982 0.80575467 0.10490668
   0.20602255 0.87001134 0.49064378 0.5546489  0.88804779 0.87245325
   0.28319627 0.72712038 0.76675049 0.11952906 0.11723337 0.98084045
   0.83958762 0.78930809 0.04124204 0.04424905]
  [0.59731837 0.05587609 0.31571963 0.31538652 0.78113024 0.86665149
   0.10675357 0.45574481 0.79802003 0.69841035 0.70496499 0.23699874
   0.01756326 0.7664865  0.81388621 0.50654969 0.23851268 0.07780061
   0.38582113 0.8312334  0.47537237 0.71511953 0.19583625 0.48065819
   0.72460691 0.98656214 0.0470817  0.9477695 ]
  [0.90727721 0.44280397 0.10312409 0.12089825 0.56096367 0.95006104
   0.47954399 0.20518034 0.47001841 0.77962227 0.18352568 0.04747434
   0.35610953 0.0639268  0.55196736 0.31172119 0.01432585 0.15871266
   0.77470601 0.00538573 0.88694462 0.52106559 0.27820408 0.44131666
   0.10755698 0.21072712 0.91742249 0.21292941]
  [0.09565395 0.90489078 0.47402727 0.55466841 0.17719721 0.81275647
   0.28219646 0.58234192 0.24849553 0.87466032 0.54895665 0.23775861
   0.75597258 0.41454249 0.60109252 0.18419328 0.50916305 0.13241894
   0.20036091 0.17375844 0.14043508 0.07264108 0.84948554 0.05217811
   0.31866193 0.23166207 0.65540535 0.68555657]
  [0.86413773 0.11655597 0.06791035 0.38875422 0.02593261 0.3346818
   0.6213061  0.19948357 0.86922147 0.76053578 0.91102328 0.81260406
   0.49691771 0.61574916 0.41122237 0.08812896 0.59626934 0.04958494
   0.12133561 0.1292666  0.92548285 0.89717214 0.2705148  0.87492349
   0.6836346  0.3843899  0.78903838 0.88939347]]]