[[[-1.89933938e-05  3.85021909e-05  5.45795947e-05  5.38750874e-04
   -1.16781223e-03  2.57757789e-05 -1.39055655e-03  1.67034980e-03
   -1.74488494e-03 -5.09315569e-04  3.07209552e-06  2.23903646e-05
   -1.60927575e-03 -4.63169318e-03  1.11927499e-05  4.50076152e-04
    6.71564871e-04 -1.91024060e-03  1.83183143e-03  2.50774198e-05
   -3.89611300e-04  1.53457801e-03 -6.42426293e-04  1.40826924e-03
    7.87049241e-06  6.75579501e-04  4.97428320e-06  1.68907216e-03
    9.33636157e-04  2.69905269e-05 -1.81049601e-05  5.98206319e-04
   -7.41248815e-04  3.66296764e-03 -7.79681893e-06 -3.81053520e-06
   -2.46224777e-04 -1.19392638e-03 -8.78540882e-04 -8.80920217e-04
   -1.09708365e-05  7.82740001e-04  2.64881507e-03  7.83304313e-06
    2.37238820e-05 -1.05677963e-03  3.11097604e-03 -1.48657148e-03
   -2.24311201e-03 -5.17036806e-05 -1.33432981e-03  1.45134964e-05
    6.23275194e-04 -3.84283142e-05  1.86200575e-03  5.55116316e-04
   -2.04089447e-04  3.97708824e-05  1.08607142e-05 -1.39439634e-05
    1.62721268e-05  2.15768575e-03  1.24394712e-06  1.76160113e-05
    5.79060924e-04  1.90539347e-05 -4.92682408e-04  2.26853298e-05
   -3.44085212e-04  1.98957174e-03  1.50508861e-03  7.33347371e-04
    6.34732573e-04 -1.99479905e-03  3.68949898e-03  2.27230409e-05
   -9.12596234e-06 -1.66231088e-03 -2.45290980e-03 -1.19710813e-03
    1.19452912e-04  3.58779307e-07  2.40595581e-05 -9.96060500e-05
   -5.29829568e-06 -4.21174157e-04 -8.94498225e-06  2.82765908e-05
   -1.44245023e-03 -4.56191353e-04 -1.20304919e-03  1.28055174e-06
    1.58720646e-05  1.59041140e-05  4.15300833e-04 -8.44536205e-04
    2.01646546e-05 -3.36495629e-04  9.03692062e-04 -1.00225280e-04
    2.82463649e-03  3.41327554e-04 -7.51618973e-06  1.82651190e-05
    1.41285430e-05  3.03745323e-03  3.07445060e-05  3.88624658e-03
    4.11344450e-04 -7.45976848e-06  1.99234548e-05  1.34808636e-05
    9.16066462e-06  8.06730386e-06 -7.82151713e-04  8.42283237e-04
   -3.20625471e-04  2.86358407e-03  4.90024085e-04 -2.66311762e-04]]

 [[ 3.09296500e-05  7.53466286e-05  2.36719550e-04  2.78905123e-04
    1.34514234e-04  5.75837353e-08  6.90465326e-04  2.06614210e-04
    3.53417485e-05  1.27336574e-03  6.97693186e-05  2.42010621e-04
    3.15278446e-04  6.91137109e-04  1.11515022e-04  4.37481813e-05
    4.48574383e-04  1.37706441e-04  6.39107810e-05  8.21474356e-05
    5.19147352e-04  1.32199858e-04  2.80970953e-04  3.45147223e-04
    1.74155796e-05  4.38804505e-04  1.23730530e-04  5.07821853e-05
    1.23322575e-03  9.02597560e-05  4.44292813e-04  3.67967430e-04
    6.04478276e-04  5.90947826e-05  1.61065462e-08  3.34378655e-05
    1.01324302e-03  9.39017380e-04  3.97135207e-04  4.70575797e-04
    2.16847789e-04  4.62063344e-04  7.45620977e-05  1.74763693e-04
    7.61502910e-05  1.74950490e-03  1.17442661e-04  5.48613993e-04
    1.49418361e-04  1.26235439e-04  5.17786762e-04  7.78108144e-05
    2.32260737e-04  1.71510333e-04  4.26797413e-04  1.78272183e-04
    3.86078097e-04  6.42030101e-06  1.22374397e-04  2.44151471e-06
    2.69349888e-04  8.15403625e-05  9.60492406e-05  2.56604883e-05
    2.20335173e-04  3.41534293e-05  7.23968440e-04  1.89933681e-04
    2.91815687e-04  8.30622285e-04  9.55644595e-04  1.95966480e-04
    3.79693924e-04  8.68846348e-05  2.16346325e-04  9.53443695e-05
    3.37478581e-04  6.10916859e-04  1.41271245e-04  3.82105694e-04
    1.39457556e-04  2.30892938e-05  3.65851750e-04  1.94142063e-04
    7.56589388e-04  1.66431287e-03  5.86875618e-08  5.29541459e-05
    9.41383994e-04  4.13089294e-04  5.22581714e-04  2.83515995e-08
    1.03266914e-07  7.66208457e-08  1.82239862e-03  5.78586677e-05
    4.29402852e-04  1.33774792e-04  1.12615290e-04  2.70205160e-04
    9.78182334e-05  1.50467943e-04  3.10719999e-06  1.08000060e-04
    1.60034949e-05  2.90957003e-04  6.60237592e-05  1.42460415e-04
    8.00845910e-04  3.81679555e-04  6.62875437e-04  6.37988681e-05
    1.34696246e-05  5.97230807e-05  1.16839921e-04  1.23206499e-03
    6.69861305e-04  2.19012039e-04  3.72515183e-04  2.19603512e-04]]]