[[[[[ 4.42624637e-03 -1.09139324e-04 -4.03411836e-03 -4.80867065e-03
     -2.95416133e-03]
    [-4.25692602e-03 -3.40832056e-03 -4.07252967e-03 -2.67401020e-03
     -8.02742034e-04]
    [-4.51270237e-03  1.17500845e-03  3.96204316e-03  7.36539976e-03
      9.13087238e-03]
    [ 3.42207259e-03  1.44223964e-02  2.04245846e-02  2.58314759e-02
      2.67924065e-02]
    [ 1.61629692e-02  2.87802304e-02  3.55458644e-02  4.12877168e-02
      4.14178939e-02]]]


  [[[ 2.14781220e-03 -2.02795965e-03 -5.71684415e-03 -6.41221940e-03
     -4.59766253e-03]
    [-7.45731961e-03 -6.51251723e-03 -6.99016613e-03 -5.38780765e-03
     -3.40190806e-03]
    [-7.88872103e-03 -2.22227867e-03  5.86273299e-04  3.19816503e-03
      3.61612981e-03]
    [ 3.33185459e-04  1.12368008e-02  1.68196042e-02  1.96212745e-02
      1.79632982e-02]
    [ 1.39298915e-02  2.65187093e-02  3.29262307e-02  3.60311813e-02
      3.36186967e-02]]]


  [[[ 5.10213835e-01  2.12106426e-01  7.53073762e-02  7.13979170e-02
      2.99336029e-01]
    [ 3.66302942e-01  3.83855484e-01  2.64876373e-01  1.94003512e-01
      3.42545880e-01]
    [ 1.17195463e-01  3.41180036e-01  4.54005745e-01  5.50259392e-01
      5.48997178e-01]
    [ 2.13521105e-03  9.73088132e-02  2.53280584e-01  5.08963286e-01
      6.06312448e-01]
    [ 8.00293766e-03 -4.43239714e-02 -8.38802344e-02  4.62825195e-02
      2.32862533e-01]]]


  [[[-3.75215091e-02 -2.85352263e-01 -4.16376933e-01 -3.57449376e-01
     -2.31954045e-01]
    [ 4.05667406e-01  4.39536435e-01  2.10140172e-01  4.87608675e-02
      5.15848256e-02]
    [ 2.70769125e-01  4.86642260e-01  5.26608152e-01  4.80791378e-01
      3.40492529e-01]
    [ 4.01274408e-02  1.36580347e-01  3.18764045e-01  5.11706134e-01
      5.30680804e-01]
    [ 1.12429129e-01  1.52296842e-02 -7.34181540e-02  5.20972756e-02
      4.15517111e-01]]]


  [[[ 4.06016294e-01  1.69236110e-01  3.33494162e-02  5.94687736e-02
      1.82557335e-01]
    [ 3.12571618e-01  3.46273004e-01  2.15371730e-01  1.59148601e-01
      2.38590957e-01]
    [ 1.32261921e-01  3.41550224e-01  4.45424735e-01  5.35255270e-01
      5.01374958e-01]
    [ 1.24608039e-02  9.90295919e-02  3.03801019e-01  5.73368999e-01
      6.45097868e-01]
    [ 1.41520026e-02  2.41615936e-02  3.38731875e-02  1.73440934e-01
      4.70073451e-01]]]


  [[[-2.01682986e-01 -1.69734996e-01 -8.53036486e-02 -2.01710449e-01
     -5.49520666e-01]
    [-3.51516030e-02 -3.93693578e-02 -1.34769848e-02 -1.67604134e-02
     -1.02429025e-01]
    [ 4.17173151e-02 -3.63106438e-03 -5.54098005e-03 -4.70101677e-03
      1.84450334e-02]
    [ 3.27445664e-02  8.71266728e-03  1.32103903e-02  1.78957235e-02
      4.09442063e-02]
    [ 1.77940412e-01  2.99060089e-02  3.48292745e-03  5.56492944e-02
      1.50707967e-01]]]]



 [[[[ 9.27758075e-03  1.20019004e-02  3.34702467e-02  6.06293768e-02
      7.00992113e-02]
    [ 1.98499622e-02  9.01625821e-03  3.14873707e-02  2.00269808e-01
      4.04870260e-01]
    [ 6.49027200e-02  4.96999233e-02  1.65247894e-01  8.59130510e-01
      1.60030258e+00]
    [ 1.02727146e-01  9.20295055e-02  1.55145116e-01  7.83091249e-01
      1.91662586e+00]
    [ 1.22486637e-01  1.18277642e-01  8.56754776e-02  1.88663002e-01
      1.01479441e+00]]]


  [[[ 7.22084872e-03  1.22035804e-02  3.29966877e-02  5.80104547e-02
      6.69111873e-02]
    [ 1.62729982e-02  9.33565817e-03  1.68512382e-02  4.17550039e-02
      6.04346657e-02]
    [ 5.69293128e-02  4.71920089e-02  3.61470025e-02  4.43423682e-02
      7.91651112e-02]
    [ 9.05075428e-02  8.62498164e-02  6.27586087e-02  5.18177521e-02
      1.03940970e-01]
    [ 1.08010461e-01  1.10457144e-01  7.97245619e-02  5.11630742e-02
      1.00020685e-01]]]


  [[[ 1.30200563e+01  3.91964445e+00  1.14185940e+00  1.02675965e+00
      6.32384812e+00]
    [ 5.51127661e-01  7.20129620e-01  4.11863902e+00  8.76645196e+00
      1.94755885e+01]
    [ 1.16609202e+00  1.49060160e+00  1.07293999e+01  2.51237934e+01
      5.30072743e+01]
    [ 1.14146635e+00  3.25814712e+00  1.21068168e+01  2.78263071e+01
      7.14731186e+01]
    [ 1.61060546e+00  3.48066446e+00  1.21006324e+01  4.27548201e+01
      9.53668013e+01]]]


  [[[ 1.00271108e+02  5.07288056e+01  2.25220758e+01  1.61067249e+01
      4.75986022e+01]
    [ 3.88089909e+01  8.98299016e+00  1.61940063e+00  1.08183644e+01
      4.34804014e+01]
    [ 1.70970139e+01  2.34662798e+00  2.81354166e+00  1.89884233e+01
      6.56417538e+01]
    [ 8.60423156e+00  3.34538884e-01  5.65103852e+00  2.67898207e+01
      9.20611878e+01]
    [ 6.56001613e+00  4.86058497e+00  1.33004144e+01  5.09256442e+01
      1.16269494e+02]]]


  [[[ 2.80664985e+00  1.90130826e+00  5.82094026e-01  1.47405005e+00
      1.17164264e+01]
    [ 6.32901730e-02  1.74425532e-01  1.06141315e+00  8.10605078e+00
      2.76283603e+01]
    [ 5.49121304e-02  3.66295344e-01  2.55274277e+00  1.10607096e+01
      2.80782421e+01]
    [ 5.70731295e-02  9.17942542e-01  2.42107097e+00  6.84660551e+00
      1.65496612e+01]
    [ 6.20183453e-02  2.83064831e-01  4.64879994e-01  4.17044034e+00
      1.47971619e+01]]]


  [[[ 7.24296465e+00  3.69655933e+00  7.07479280e+00  1.44935961e+01
      4.65064246e+01]
    [ 1.83734256e+00  1.49958008e-01  8.10156612e-02  1.72719698e-01
      3.50986229e+00]
    [ 9.50720157e-01  7.65929347e-02  6.96639858e-02  1.00574943e-01
      1.81491243e+00]
    [ 3.20043948e+00  1.95590424e-01  8.79129586e-02  6.57230518e-02
      2.89590424e+00]
    [ 2.60278726e+01  1.81838054e+01  1.43502137e+01  1.00759127e+01
      2.37068264e+01]]]]]