[[[[[ 2.72046456e-03  2.70708978e-03  2.53757678e-03  1.94150849e-03
      8.99025688e-04]
    [ 3.33644038e-03  2.68685140e-03  1.38772008e-03  5.23848712e-04
      2.22949148e-05]
    [ 2.94918666e-03  1.85932802e-03  5.62106290e-04 -2.61048517e-04
     -5.07401532e-04]
    [ 1.90652823e-03  8.31979402e-04  2.11863923e-04 -6.46946404e-05
     -2.15427432e-04]
    [ 1.19700665e-03  5.66348380e-04  2.31808800e-04  1.61212491e-04
      2.12023808e-04]]

   [[ 2.58620036e-03  2.62041525e-03  2.44378021e-03  1.79988315e-03
      7.92465490e-04]
    [ 3.17383073e-03  2.50660083e-03  1.26141577e-03  4.26629939e-04
     -2.16580055e-05]
    [ 2.77915037e-03  1.65716937e-03  4.58820370e-04 -3.10718349e-04
     -5.31863704e-04]
    [ 1.78437801e-03  6.97177859e-04  1.30126512e-04 -9.83185792e-05
     -2.34746746e-04]
    [ 1.10084047e-03  5.03073294e-04  1.73417359e-04  1.18130038e-04
      1.86727767e-04]]

   [[-1.82575182e-03  3.04742714e-03  3.61257901e-03  2.23442597e-03
      1.58435664e-03]
    [ 2.62338366e-03  3.85306541e-03  9.36086127e-04 -1.12372191e-03
     -9.10398896e-05]
    [ 7.42280311e-03  4.50273415e-03  1.61005294e-03 -1.65266939e-03
     -1.30961342e-03]
    [ 4.30137680e-03  1.73937619e-03  6.83265246e-04 -8.30192330e-04
     -1.56034981e-03]
    [ 7.86873407e-04 -2.09356926e-04 -8.60261885e-04 -8.67515886e-04
     -7.82727061e-04]]

   [[-2.23981053e-03  5.62804436e-03  5.51955613e-03  4.99562091e-04
     -6.01379320e-03]
    [ 3.67533273e-03  4.15724400e-03 -2.51114378e-03 -1.00486378e-02
     -1.36790634e-02]
    [ 8.80931248e-03  2.60532921e-03 -3.49116805e-03 -1.26502986e-02
     -1.79096167e-02]
    [ 2.84979118e-03 -2.94197882e-03 -5.85449579e-03 -1.18478433e-02
     -1.78953901e-02]
    [-2.17098397e-03 -5.73312076e-03 -9.18173597e-03 -1.28586459e-02
     -1.49277712e-02]]

   [[ 1.33459466e-03  2.26145986e-03  2.31745574e-03  1.71251686e-03
      1.02248039e-03]
    [ 2.00095106e-03  2.16856233e-03  3.54751338e-04 -1.97045590e-04
      2.38723502e-04]
    [ 3.45923785e-03  2.32699399e-03  2.19760358e-04 -9.19911259e-04
     -4.49279318e-04]
    [ 2.51885133e-03  1.02106705e-03 -1.19394138e-05 -4.57856675e-04
     -4.51454678e-04]
    [ 9.81363924e-04  1.47250345e-05 -7.53671466e-04 -5.18901904e-04
     -2.44561992e-04]]

   [[ 6.89677275e-03  6.24437172e-03  5.90618841e-03  3.47921571e-03
     -1.50818156e-03]
    [ 6.86083500e-03  3.98678729e-03  1.08867278e-03 -2.56177209e-03
     -7.23194979e-03]
    [ 4.52806990e-03  1.44730551e-03 -1.78075483e-03 -5.29244677e-03
     -8.66845101e-03]
    [ 1.78154976e-03 -8.50983523e-05 -2.28087591e-03 -5.40193989e-03
     -8.05204825e-03]
    [ 3.84199246e-05 -1.54533072e-03 -3.25108000e-03 -5.69557597e-03
     -8.12777523e-03]]]


  [[[ 2.73397837e-04  9.97080152e-04  1.34911367e-03  1.63575192e-03
      2.24737945e-03]
    [-3.25233991e-04  3.35665156e-04  1.09915738e-03  2.00762427e-03
      2.90413267e-03]
    [-7.75270883e-04 -6.72759479e-05  9.96848642e-04  2.02883877e-03
      2.59686850e-03]
    [-8.82237584e-04 -1.48904750e-04  8.28215162e-04  1.44134525e-03
      1.52503199e-03]
    [-6.83166133e-04 -6.78682692e-05  6.08666846e-04  8.06659711e-04
      7.15172945e-04]]

   [[ 3.28061182e-04  9.92791676e-04  1.32591004e-03  1.60644791e-03
      2.16039500e-03]
    [-2.77912741e-04  3.54848199e-04  1.10746886e-03  2.02949560e-03
      2.83160003e-03]
    [-7.10516350e-04 -1.24900940e-05  1.01297728e-03  2.03292787e-03
      2.51003535e-03]
    [-8.17464639e-04 -7.34598362e-05  8.46013086e-04  1.41910682e-03
      1.43143983e-03]
    [-6.48455878e-04 -1.34287856e-05  6.18735000e-04  7.94632395e-04
      6.70697027e-04]]

   [[-2.02767303e-03 -3.75833042e-05  8.43698719e-04  4.66218378e-04
      1.18130321e-03]
    [-2.99936993e-03 -2.34619666e-03 -2.10502521e-03 -1.35461829e-03
      1.75595784e-03]
    [-2.19378878e-03 -1.43650479e-03 -1.41558907e-03 -1.15945327e-03
      1.96364936e-03]
    [-1.32785487e-03 -1.26104832e-04  1.16215757e-03  7.02425419e-04
      1.12188556e-04]
    [-1.42639913e-03 -7.87019596e-04  4.14913715e-04 -1.82329726e-05
     -8.98802055e-04]]

   [[-5.21931182e-03  5.43506268e-05  2.74470827e-03  1.41066918e-03
      2.66622631e-03]
    [-9.31548757e-03 -6.83002621e-03 -4.98219904e-03 -2.65420542e-03
      3.64692130e-03]
    [-9.47422321e-03 -7.09064591e-03 -5.88025284e-03 -1.97973525e-03
      5.15922110e-03]
    [-8.65804469e-03 -4.48382099e-03 -4.47600904e-04  2.08289806e-03
      2.86499077e-03]
    [-9.74719085e-03 -5.98117363e-03 -2.30785751e-03  2.74478151e-04
      1.58438591e-03]]

   [[-7.61399391e-04  2.92253689e-04  8.72031958e-04  1.01869002e-03
      1.86472371e-03]
    [-2.13246312e-03 -1.42923574e-03 -8.81371646e-04  2.29046444e-04
      2.10862488e-03]
    [-1.83381687e-03 -1.24591800e-03 -7.15975852e-04  3.74492886e-04
      2.04028764e-03]
    [-1.41087706e-03 -3.19095736e-04  7.62539975e-04  9.59776847e-04
      9.08899424e-04]
    [-1.25686859e-03 -4.82397091e-04  3.73330734e-04  3.00678065e-04
     -1.06472469e-04]]

   [[-1.11259904e-03  1.60848588e-03  3.97311808e-03  5.64152516e-03
      6.98392255e-03]
    [-3.64746362e-03 -1.02684945e-03  2.04569528e-03  4.95644985e-03
      7.18092666e-03]
    [-5.52266172e-03 -2.42493766e-03  1.13871852e-03  4.09425206e-03
      5.58093577e-03]
    [-6.07816891e-03 -2.78869639e-03  7.30964362e-04  3.24428802e-03
      4.28496751e-03]
    [-5.80173779e-03 -3.35763578e-03 -1.05123135e-03  1.20191483e-03
      2.95535503e-03]]]


  [[[ 6.08124079e-04  1.45736819e-03  2.16755054e-03  2.51617070e-03
      2.62987561e-03]
    [ 7.68066073e-05  1.13159146e-03  2.16025061e-03  2.71619348e-03
      2.89434216e-03]
    [-4.72900061e-04  5.89918646e-04  1.69111525e-03  2.16978983e-03
      2.08493105e-03]
    [-8.56927705e-04 -1.88757227e-04  5.97645609e-04  1.13897163e-03
      1.35996829e-03]
    [-1.00053165e-03 -5.73411015e-04  4.56579532e-05  6.48893366e-04
      1.21651698e-03]]

   [[ 6.56729673e-04  1.45553820e-03  2.11113463e-03  2.42091463e-03
      2.51325187e-03]
    [ 1.36919757e-04  1.17181032e-03  2.14225839e-03  2.64519703e-03
      2.76487939e-03]
    [-4.05565694e-04  6.42947689e-04  1.68258011e-03  2.11802578e-03
      1.97122783e-03]
    [-7.89948682e-04 -1.27134930e-04  6.00205809e-04  1.11157314e-03
      1.27715300e-03]
    [-9.59492370e-04 -5.08484818e-04  8.40469155e-05  6.63787332e-04
      1.16623473e-03]]

   [[-2.56854080e-03 -1.80039131e-03 -1.84651489e-04  1.12626423e-03
      1.81796087e-03]
    [-4.17470980e-03 -3.34872190e-03 -1.67011824e-03 -7.65797259e-04
      1.95852307e-03]
    [-2.40153376e-03  1.35101697e-04  1.35224030e-03 -6.13657869e-04
      1.49304887e-03]
    [ 3.81452403e-04  2.16954145e-03  1.97513460e-03  5.28152491e-05
     -4.19369279e-05]
    [-7.75595568e-04 -6.11568881e-04 -8.46112523e-04 -1.07573099e-03
     -6.50282621e-04]]

   [[-6.35892821e-03 -2.32735679e-03  2.12659159e-03  3.60151558e-03
      3.82438757e-03]
    [-1.20340862e-02 -7.40677275e-03 -3.00192305e-03 -1.33754256e-03
      2.63990238e-03]
    [-1.12771956e-02 -4.20653174e-03 -4.37105282e-04 -1.72490927e-03
      2.06286144e-03]
    [-7.14473869e-03 -1.32146781e-03  6.24963944e-04 -3.96554798e-04
      5.91440178e-04]
    [-1.04194233e-02 -6.92551823e-03 -4.98373605e-03 -2.09658608e-03
      1.42605778e-03]]

   [[-9.45293940e-04 -8.40026446e-05  1.06805704e-03  1.77369292e-03
      2.24117284e-03]
    [-2.78562111e-03 -1.85945042e-03 -6.15013038e-04  5.70655212e-04
      2.07797441e-03]
    [-2.09548095e-03 -7.09653686e-04  2.34803129e-04  4.76643801e-04
      1.60435471e-03]
    [-3.39505269e-04  6.94608676e-04  9.83896521e-04  6.76481373e-04
      9.49124683e-04]
    [-6.65498635e-04 -3.68276147e-04 -2.15491799e-04 -9.24968299e-05
      3.77622580e-04]]

   [[-4.87275323e-04  3.69685096e-03  6.99053003e-03  7.89578929e-03
      7.58367398e-03]
    [-3.12115168e-03  1.10428253e-03  4.82290046e-03  6.47874371e-03
      6.09073273e-03]
    [-5.27314433e-03 -1.29177968e-03  2.07557020e-03  3.69950416e-03
      3.39637347e-03]
    [-6.83282644e-03 -3.29006480e-03  1.13836424e-04  2.45826578e-03
      3.17196021e-03]
    [-7.98594154e-03 -5.38623617e-03 -2.07026251e-03  1.60306292e-03
      4.04293385e-03]]]


  [[[ 1.38624730e-03  2.27616666e-03  2.81748258e-03  2.95616582e-03
      3.04591575e-03]
    [ 8.18024855e-04  1.78903586e-03  2.65045128e-03  3.04007315e-03
      3.23251948e-03]
    [ 4.11919919e-05  9.19433952e-04  1.83918180e-03  2.25345894e-03
      2.24019597e-03]
    [-4.47521061e-04  1.77696939e-04  8.66773860e-04  1.30634745e-03
      1.42388736e-03]
    [-4.96882865e-04  9.30937202e-06  6.19649229e-04  9.81420332e-04
      1.14851047e-03]]

   [[ 1.41937266e-03  2.23739541e-03  2.72217565e-03  2.83523845e-03
      2.90254936e-03]
    [ 8.55809284e-04  1.79763863e-03  2.60198291e-03  2.96343361e-03
      3.09692163e-03]
    [ 8.23457153e-05  9.48616900e-04  1.80667851e-03  2.20354990e-03
      2.13584367e-03]
    [-4.07720443e-04  2.16352600e-04  8.43089683e-04  1.26214053e-03
      1.33396887e-03]
    [-4.72864917e-04  5.01381924e-05  6.23244159e-04  9.56658045e-04
      1.07552027e-03]]

   [[-1.47702334e-03  8.31556139e-04  1.86794107e-03  1.85711854e-03
      2.19517554e-03]
    [-3.87814740e-03 -2.13220945e-03 -3.29252568e-04 -3.16634715e-04
      2.17741036e-03]
    [-1.88545605e-03 -2.45350440e-04  1.03149084e-03 -8.00793386e-04
      1.55792815e-03]
    [ 9.66820344e-04  1.70689117e-03  1.35022512e-03 -1.39268728e-04
      4.80136775e-05]
    [-7.75369730e-04 -7.09095224e-04 -7.49537680e-04 -7.80525738e-04
     -5.15843738e-04]]

   [[-2.76239880e-03  3.03438217e-03  5.85694690e-03  5.12573880e-03
      4.64009608e-03]
    [-1.06255734e-02 -5.65997110e-03 -1.79719936e-03 -1.62196603e-03
      2.04274698e-03]
    [-1.03616855e-02 -5.46192574e-03 -2.30167714e-03 -3.38662367e-03
      8.47382439e-04]
    [-5.82937377e-03 -1.77011665e-03 -2.68601169e-04 -5.75425561e-04
     -1.10696105e-04]
    [-9.78419050e-03 -5.97505184e-03 -3.67579531e-03 -8.11661036e-04
      9.78492568e-04]]

   [[ 5.65126365e-05  1.22598594e-03  2.01723038e-03  2.23240616e-03
      2.55595087e-03]
    [-2.24546286e-03 -1.05615730e-03  1.50420738e-04  9.15102664e-04
      2.24242385e-03]
    [-1.69938702e-03 -6.28266415e-04  3.53595394e-04  6.00762679e-04
      1.70741055e-03]
    [-4.88986904e-05  6.80110825e-04  9.04435051e-04  7.91190880e-04
      1.03692891e-03]
    [-6.20147499e-04 -2.93775692e-04 -1.19236810e-04  6.22354847e-05
      2.70477751e-04]]

   [[ 2.65204664e-03  6.46319768e-03  9.02899513e-03  9.60067382e-03
      9.18541645e-03]
    [-1.08887740e-03  2.39721940e-03  5.27109580e-03  6.77544956e-03
      6.67096343e-03]
    [-4.14241669e-03 -9.01750016e-04  1.79319549e-03  3.30598566e-03
      3.07493609e-03]
    [-5.42490915e-03 -2.11882251e-03  9.14342964e-04  2.85698048e-03
      2.94765337e-03]
    [-6.23855960e-03 -3.25079059e-03 -2.96809172e-04  2.44486080e-03
      3.67340588e-03]]]


  [[[-8.41263516e-04 -9.68471495e-04 -3.73669551e-04  1.28197417e-04
     -4.17731733e-04]
    [-6.68228671e-04 -7.15259090e-04 -7.39588383e-04 -7.31102768e-04
     -1.14811003e-03]
    [ 5.30496974e-06  4.64954317e-05 -3.57108740e-05 -4.85603758e-04
     -9.74941423e-04]
    [ 2.64730753e-04 -1.97078758e-04 -3.04934591e-04 -3.67723550e-04
     -2.29573565e-04]
    [ 1.59959016e-04 -4.28972471e-04 -7.18175390e-04 -4.11261915e-04
      3.64450792e-04]]

   [[-8.49229699e-04 -8.75403425e-04 -2.90845984e-04  1.14614717e-04
     -3.91655728e-04]
    [-6.90100872e-04 -6.84863395e-04 -6.82685464e-04 -7.64163100e-04
     -1.13611120e-03]
    [-1.56490294e-05  8.73974893e-06 -2.09879054e-05 -5.16769577e-04
     -9.85760737e-04]
    [ 2.74862635e-04 -2.18671308e-04 -3.07162019e-04 -3.58497199e-04
     -2.10072069e-04]
    [ 1.42853810e-04 -4.06506561e-04 -6.82909158e-04 -3.57097019e-04
      3.98987149e-04]]

   [[-4.61048898e-03 -5.58951819e-03 -3.20011649e-03  6.36036609e-04
     -1.14604844e-05]
    [ 1.03307864e-03 -3.97525670e-04 -1.27724134e-03 -3.00727947e-05
     -6.45596228e-04]
    [ 5.22700007e-03  4.78565547e-03  3.64417416e-03  4.94155874e-04
     -1.18335025e-03]
    [ 1.87249070e-03  9.77189783e-04  4.63586541e-04 -8.64024396e-04
     -1.02547254e-03]
    [ 7.87782046e-04 -7.54098269e-05 -1.31038197e-03 -1.14364169e-03
      8.33427646e-06]]

   [[-7.66491976e-03 -8.04756247e-03 -3.71697501e-03  1.94799779e-03
     -7.37029436e-04]
    [ 2.33678851e-03  1.11704506e-03  2.59486451e-04 -6.67016235e-04
     -3.86236414e-03]
    [ 7.69638459e-03  8.73036633e-03  8.26540393e-03  7.45677250e-04
     -5.17131525e-03]
    [ 7.09819198e-04 -5.25758436e-04 -8.91686518e-04 -5.16724556e-03
     -6.54537390e-03]
    [-2.39029333e-04 -4.50365780e-03 -7.67796148e-03 -9.51920751e-03
     -6.04644577e-03]]

   [[-2.07289772e-03 -2.44435810e-03 -1.08884570e-03  2.68725228e-04
     -3.25344418e-04]
    [-2.10698585e-04 -6.97960931e-04 -9.26557841e-04 -2.01004977e-04
     -5.25656328e-04]
    [ 1.80463906e-03  1.88335972e-03  1.04245711e-03 -1.10695703e-04
     -5.97693895e-04]
    [ 7.13224948e-04 -7.76852043e-05 -6.83774742e-04 -1.04079344e-03
     -5.89921004e-04]
    [ 4.89377258e-04 -5.82696887e-04 -1.44532936e-03 -1.06064007e-03
      2.34087283e-05]]

   [[-2.63217129e-03 -2.43078428e-03 -7.03597712e-04 -2.09569846e-04
     -2.17128472e-03]
    [-1.23755659e-03 -1.65911851e-03 -8.68162840e-04 -1.84353715e-03
     -4.48572494e-03]
    [ 2.70927607e-04  5.07357735e-04  9.68464727e-04 -8.00128805e-04
     -2.37087753e-03]
    [-7.89739966e-04 -6.75719524e-04 -5.86300012e-04 -1.82265764e-03
     -2.00849458e-03]
    [-1.79505270e-03 -3.71980984e-03 -4.04379882e-03 -4.05428166e-03
     -3.42878428e-03]]]


  [[[ 1.51937751e-03  1.24048432e-03  7.46822183e-04  4.78135340e-04
      6.35049173e-04]
    [ 7.90692200e-04  7.80543451e-04  8.79042778e-04  6.76798126e-04
      4.38499829e-04]
    [-2.63888040e-05  1.84917043e-04  7.95975608e-04  6.21677703e-04
     -1.41157989e-04]
    [-1.99281883e-04  1.28289760e-04  4.00487873e-04  3.75927074e-05
     -6.37905495e-04]
    [-3.08117662e-04  2.73970045e-05  5.43379173e-05 -4.16169476e-04
     -9.82425338e-04]]

   [[ 1.50504896e-03  1.19314474e-03  6.61063069e-04  4.48985314e-04
      6.27062974e-04]
    [ 7.44188810e-04  7.68718826e-04  8.48438550e-04  6.50346411e-04
      4.14826906e-04]
    [-3.34951559e-05  1.98995614e-04  7.60618324e-04  5.74501759e-04
     -1.53077161e-04]
    [-1.57438208e-04  1.76262572e-04  3.57740050e-04 -4.48525995e-05
     -6.62846875e-04]
    [-2.89506095e-04  7.07038240e-05  5.34268642e-05 -4.69109245e-04
     -1.01481257e-03]]

   [[ 2.97765420e-03  8.73229263e-04  6.56300716e-04  2.58555346e-04
      2.54980313e-04]
    [ 4.67912067e-04 -1.41820934e-03  6.77991429e-04  3.15506927e-04
      7.84864824e-05]
    [-7.84424012e-04 -2.26395435e-03  6.37148834e-04  7.36100965e-04
      1.23252585e-04]
    [ 8.86718011e-04 -2.87851959e-04  5.70734427e-04  3.18195685e-04
     -1.58044983e-04]
    [-3.11842945e-04 -1.90269839e-04  4.04300938e-04 -3.57759473e-04
     -9.69412581e-04]]

   [[ 9.29798401e-03  4.81844404e-03  1.41955511e-03 -5.22461877e-04
      3.01499518e-04]
    [ 1.97791496e-03 -1.41127512e-03 -3.54997473e-04 -1.29157671e-03
     -1.30990266e-03]
    [-1.79949874e-03 -3.72124201e-03 -4.97464012e-04  1.42900720e-04
     -1.07096528e-03]
    [ 7.22458171e-04  1.03966878e-03  1.16349564e-03 -4.57145971e-04
     -2.15246744e-03]
    [-1.89409311e-03  1.99567716e-03  2.84005027e-03 -1.39759278e-03
     -3.52324883e-03]]

   [[ 1.53533750e-03  7.56876847e-04  6.17910151e-04  4.53498350e-04
      4.40393789e-04]
    [-4.39819751e-04 -3.93993907e-04  7.38323934e-04  4.44826453e-04
      8.54409137e-05]
    [-1.29356483e-03 -9.72066181e-04  7.21542337e-04  6.82405968e-04
     -2.00347709e-04]
    [-1.45403273e-04 -1.27101516e-04  5.13236438e-04  3.77564444e-04
     -2.68710314e-04]
    [-4.73122377e-04 -8.10842627e-05  8.76620540e-05 -3.87861523e-04
     -8.49650453e-04]]

   [[ 5.27714581e-03  4.40508308e-03  2.83831221e-03  1.79169319e-03
      1.66050790e-03]
    [ 2.61312067e-03  2.19564229e-03  1.17024747e-03  3.09127267e-04
      4.47084977e-05]
    [ 2.51660225e-04  1.50263267e-03  7.20479152e-04 -8.38423964e-04
     -2.08734700e-03]
    [-8.22429459e-04  1.30603678e-03  1.21172898e-03 -5.78223968e-04
     -2.98303037e-03]
    [-1.46823306e-03  2.58613080e-04  4.84840868e-04 -8.50206964e-04
     -2.89877471e-03]]]


  [[[ 1.66813185e-04  3.94643370e-05  3.14975028e-04  6.49005634e-04
      2.05712243e-04]
    [ 2.63895927e-04  2.18764275e-04 -6.75222421e-05 -6.26327618e-05
     -2.84382226e-04]
    [ 7.44090912e-05  2.22546928e-04  2.65288454e-04  1.12128766e-04
     -9.46427816e-05]
    [-2.27852085e-04 -3.77091731e-04  3.57648379e-05  4.25264294e-04
      6.31938732e-04]
    [-3.23557426e-04 -4.65248889e-04 -1.82057421e-04  4.80762722e-04
      1.10577068e-03]]

   [[ 1.25556472e-04  5.03869053e-05  3.34815876e-04  6.24473408e-04
      2.05391926e-04]
    [ 2.40277035e-04  1.95191707e-04 -6.59763483e-05 -1.15078268e-04
     -3.00175661e-04]
    [ 7.36150270e-05  1.89027051e-04  2.81760687e-04  8.02711706e-05
     -1.32729445e-04]
    [-1.91283002e-04 -3.70142682e-04  5.57306551e-05  4.32665391e-04
      6.16657800e-04]
    [-3.13194391e-04 -4.17818466e-04 -1.43547054e-04  5.02149583e-04
      1.09421441e-03]]

   [[-3.83314333e-03 -3.54226735e-03 -1.76424053e-03  1.28176686e-03
      4.54349877e-04]
    [ 8.16601341e-04 -1.69588571e-04 -1.34642545e-03  1.86193054e-04
      6.74726180e-05]
    [ 4.16380387e-03  2.52806296e-03  1.73387330e-03  3.64235531e-04
     -4.35944330e-04]
    [ 9.28552562e-04 -7.97221478e-04 -8.59892484e-04 -5.94189272e-04
     -2.31383272e-04]
    [-4.35884680e-04 -1.01917449e-03 -1.73519420e-03 -7.74718744e-04
      7.28994699e-04]]

   [[-6.16880111e-03 -5.02243231e-03 -1.88631515e-03  2.72444834e-03
      5.55037592e-04]
    [ 3.63385602e-04  3.45171353e-06 -1.23487591e-03 -1.59491590e-04
     -1.51956586e-03]
    [ 2.91534871e-03  2.83329666e-03  4.52266576e-03  1.19972070e-03
     -3.12543983e-03]
    [-3.30104048e-03 -4.59927948e-03 -1.22726811e-03 -1.76100223e-03
     -3.44732335e-03]
    [-4.76369220e-03 -5.83298190e-03 -5.32742238e-03 -4.94703854e-03
     -1.91141986e-03]]

   [[-1.36700429e-03 -1.33789902e-03 -2.16885256e-04  7.80626172e-04
      1.53098788e-04]
    [-2.47950139e-04 -4.13135193e-04 -7.24422672e-04  9.79373295e-05
      1.11820217e-04]
    [ 1.19934715e-03  1.09876479e-03  5.10658871e-04  7.08074462e-05
      9.50166130e-05]
    [ 2.24878952e-04 -7.28499912e-04 -8.97725251e-04 -4.31712085e-04
      2.33668105e-04]
    [-1.63430733e-04 -9.57574418e-04 -1.36457902e-03 -4.14842745e-04
      7.36197776e-04]]

   [[ 7.84765765e-06  2.72239267e-04  1.34401602e-03  1.13437906e-03
     -3.05664460e-04]
    [-5.48412437e-04 -3.41661174e-04  5.58647234e-04 -3.98022511e-05
     -1.74678313e-03]
    [-1.82265177e-03 -5.30657712e-04  8.95036069e-04  8.84673497e-04
      3.86938143e-04]
    [-3.33412891e-03 -1.76180632e-03  3.33388956e-04  1.04883942e-03
      1.09135323e-03]
    [-3.75552888e-03 -3.65298844e-03 -1.37420537e-03  6.95259081e-05
      7.56050026e-05]]]


  [[[ 3.98438964e-03  4.03150774e-03  4.04279552e-03  3.64829463e-03
      2.39546885e-03]
    [ 4.33361643e-03  4.12493191e-03  3.30353753e-03  2.40228716e-03
      1.32964427e-03]
    [ 3.24704402e-03  2.85680680e-03  2.15956702e-03  1.14983901e-03
      3.07693716e-04]
    [ 1.85468140e-03  1.47853712e-03  1.26684561e-03  9.86505304e-04
      7.98820913e-04]
    [ 1.37697498e-03  1.40116917e-03  1.31964636e-03  1.34738631e-03
      1.53670352e-03]]

   [[ 3.82629022e-03  3.88844870e-03  3.87781908e-03  3.43943942e-03
      2.22210641e-03]
    [ 4.17461909e-03  3.94268100e-03  3.13030523e-03  2.20053262e-03
      1.18808146e-03]
    [ 3.09726843e-03  2.67726181e-03  2.02915444e-03  1.01665644e-03
      2.10557608e-04]
    [ 1.76986374e-03  1.35967369e-03  1.15408673e-03  9.00105425e-04
      7.24635529e-04]
    [ 1.31861577e-03  1.33879527e-03  1.23389712e-03  1.26854222e-03
      1.44098947e-03]]

   [[-7.48504888e-04  2.63372061e-03  3.31754003e-03  3.55172297e-03
      2.67938859e-03]
    [ 1.90221717e-03  3.63843457e-03  2.31512669e-03  5.25403610e-04
      1.03651172e-03]
    [ 6.47859442e-03  6.08215953e-03  4.90764089e-03 -3.40049402e-04
     -4.81864836e-04]
    [ 4.21683269e-03  3.09275211e-03  1.03736442e-03 -1.30731908e-03
     -5.47091120e-04]
    [-1.31402310e-04 -6.20140424e-04 -1.95065581e-03 -1.29763430e-03
      3.77471087e-04]]

   [[ 7.64253182e-04  6.39782111e-03  6.65985841e-03  5.39174130e-03
     -4.67092350e-04]
    [ 1.84090032e-03  4.26496890e-03  5.28474552e-04 -5.50817165e-03
     -9.79907087e-03]
    [ 4.36548150e-03  3.85710215e-03  2.56522229e-03 -8.77773390e-03
     -1.55605907e-02]
    [ 6.43174126e-04 -6.86275736e-04 -2.23142361e-03 -8.72590758e-03
     -1.43875247e-02]
    [-6.13381969e-03 -5.19892037e-03 -5.98592799e-03 -8.23574995e-03
     -9.89683029e-03]]

   [[ 1.97873768e-03  2.62572138e-03  3.11425774e-03  3.03669934e-03
      2.07055124e-03]
    [ 1.50000219e-03  1.98253317e-03  1.23294191e-03  1.01192449e-03
      1.06828610e-03]
    [ 2.93828171e-03  2.99855451e-03  1.95450016e-03  3.43860087e-04
      3.06251986e-04]
    [ 2.83721449e-03  1.90158841e-03  5.68228601e-04  3.30143859e-05
      5.93332696e-04]
    [ 1.01044420e-03  2.91492600e-04 -8.11713707e-04 -2.47773231e-04
      8.00606151e-04]]

   [[ 1.05786973e-02  1.12606904e-02  1.14299937e-02  8.65235793e-03
      3.70869559e-03]
    [ 8.24713517e-03  7.36641524e-03  5.80276815e-03  2.14222461e-03
     -3.39598345e-03]
    [ 3.64643594e-03  2.81531445e-03  1.10130961e-03 -1.68124754e-03
     -5.77305839e-03]
    [ 7.43900039e-04  1.22419770e-03  1.16763720e-03 -3.92726002e-04
     -3.79799434e-03]
    [-5.53409585e-04  3.04263453e-04  1.40920481e-03  8.87253581e-04
     -2.34010268e-03]]]


  [[[ 2.27609191e-03  2.06946270e-03  1.92827018e-03  1.82438987e-03
      1.45912032e-03]
    [ 1.67440395e-03  1.60991219e-03  1.71047074e-03  1.48782907e-03
      8.30702930e-04]
    [ 9.18592492e-04  1.11136472e-03  1.57319042e-03  1.29448262e-03
      4.21581917e-04]
    [ 6.10898684e-04  9.93470857e-04  1.42336059e-03  1.18996934e-03
      6.27855760e-04]
    [ 8.01891518e-04  1.30407584e-03  1.50420438e-03  1.29902896e-03
      9.56056612e-04]]

   [[ 2.20204921e-03  1.98368462e-03  1.83043022e-03  1.72959003e-03
      1.38564807e-03]
    [ 1.59525608e-03  1.55630204e-03  1.64229658e-03  1.38498431e-03
      7.58411145e-04]
    [ 8.63346532e-04  1.07943993e-03  1.50821849e-03  1.18059727e-03
      3.54304281e-04]
    [ 6.00051732e-04  9.90441408e-04  1.35418769e-03  1.06486251e-03
      5.38607190e-04]
    [ 7.89413269e-04  1.30004509e-03  1.45623830e-03  1.20342193e-03
      8.54479280e-04]]

   [[ 1.83429548e-03 -3.75207756e-04 -3.00034256e-04  1.27364512e-03
      5.78501158e-04]
    [ 9.77420267e-04 -1.25705034e-03  2.00760505e-04  1.07184318e-03
      2.56540628e-04]
    [ 2.37001454e-03 -6.62991564e-04  1.53577321e-03  1.09854130e-03
      2.05236975e-04]
    [ 9.65162952e-04 -7.69920772e-04 -2.36341819e-04 -3.82766815e-04
     -3.81558192e-05]
    [-1.45268856e-03 -1.60154089e-04  1.75173107e-04 -4.06252839e-04
      1.88686643e-05]]

   [[ 2.10766484e-03 -1.57373436e-03 -2.05053800e-03  5.49202861e-04
     -1.19585539e-03]
    [-1.57908333e-03 -4.81364589e-03 -2.52340008e-03 -2.04648030e-03
     -4.79036921e-03]
    [-2.27323987e-03 -4.39913370e-03  5.35561697e-04 -1.33859282e-03
     -5.34301413e-03]
    [-4.81073252e-03 -4.13451523e-03 -1.91682248e-03 -4.10756133e-03
     -6.30250260e-03]
    [-8.50244991e-03 -3.27594667e-03 -1.30653397e-03 -4.67037313e-03
     -5.75358172e-03]]

   [[ 1.64279330e-03  9.53228761e-04  1.11240567e-03  1.39589204e-03
      8.22682141e-04]
    [ 4.23235485e-04  1.57658260e-04  9.25125519e-04  1.10683633e-03
      4.00248084e-04]
    [ 6.89311738e-04  4.01904822e-04  1.49562112e-03  1.31634871e-03
      4.81386061e-04]
    [ 8.27099705e-04  2.09940601e-04  5.23693532e-04  4.81075289e-04
      4.08102980e-04]
    [ 8.37483121e-05  4.04057353e-04  3.55105900e-04  1.43073864e-04
      3.28819049e-04]]

   [[ 4.46103336e-03  4.46086535e-03  4.37853299e-03  3.87920586e-03
      2.55204348e-03]
    [ 1.33972141e-03  1.69003902e-03  1.97827629e-03  8.90044770e-04
     -1.20928385e-03]
    [-7.55339359e-04  1.19621279e-03  2.22414234e-03  7.77361253e-04
     -1.99099804e-03]
    [-1.23460560e-03  1.67302324e-03  3.25954972e-03  2.00540353e-03
     -1.18628383e-03]
    [-1.46331667e-03  8.90127040e-04  2.34136314e-03  1.57119470e-03
     -8.40253782e-04]]]


  [[[ 4.41554770e-03  4.24147066e-03  3.54242360e-03  2.68477347e-03
      1.84615380e-03]
    [ 3.98042651e-03  3.52694834e-03  2.71217948e-03  1.61518229e-03
      4.87085075e-04]
    [ 1.75569023e-03  9.97975865e-04  4.76437532e-04 -2.84238482e-04
     -1.22095084e-03]
    [ 7.28247333e-05 -1.63080949e-04 -2.47582496e-04 -4.78046828e-04
     -9.12648897e-04]
    [ 1.64779402e-04  5.41649181e-04  7.01053726e-04  5.00740433e-04
     -1.48712114e-05]]

   [[ 4.29553279e-03  4.06727205e-03  3.32118813e-03  2.50872271e-03
      1.71758575e-03]
    [ 3.85776439e-03  3.39622143e-03  2.56302854e-03  1.47442298e-03
      3.94078533e-04]
    [ 1.64671293e-03  9.25182751e-04  4.18767944e-04 -3.30655398e-04
     -1.21434046e-03]
    [ 1.66375885e-05 -1.93129623e-04 -2.92266251e-04 -5.33464842e-04
     -9.24537017e-04]
    [ 1.58167840e-04  5.27322259e-04  6.56300421e-04  4.03791790e-04
     -1.11908991e-04]]

   [[ 3.61770914e-03  4.08967314e-03  4.03450173e-03  3.61405307e-03
      2.35454536e-03]
    [ 2.15898574e-03  8.36327535e-04  3.03837922e-03  1.51177320e-03
      4.51729034e-04]
    [ 5.32958397e-03  4.05870361e-04  2.53311434e-03 -2.80200356e-04
     -1.16742713e-03]
    [ 4.81428303e-03  1.51094600e-03 -4.45408195e-05 -1.57362819e-03
     -6.45602790e-04]
    [-7.90881470e-04 -2.76677277e-04 -7.93334309e-04 -8.71432218e-04
     -2.93899559e-05]]

   [[ 1.72469330e-02  1.58533769e-02  1.16829269e-02  8.09523864e-03
      4.38605220e-03]
    [ 6.07351476e-03  1.89410603e-03  1.08318604e-03 -4.31189066e-03
     -7.78565390e-03]
    [ 5.76091762e-03 -2.86484451e-03 -2.14663044e-03 -9.57049760e-03
     -1.37910715e-02]
    [ 7.39576227e-03  2.79966299e-03 -2.12680768e-03 -8.06799276e-03
     -1.05759789e-02]
    [-8.31860949e-04  3.26032333e-03  2.17823718e-03 -1.48965317e-03
     -4.22510046e-03]]

   [[ 3.30407312e-03  3.22297777e-03  3.13370035e-03  2.57153418e-03
      1.49618278e-03]
    [ 4.93006980e-04  8.08113211e-04  1.68181599e-03  9.34454467e-04
     -5.65258375e-05]
    [ 1.03228537e-03  9.35791940e-05  9.84316380e-04 -3.98682999e-05
     -1.00080650e-03]
    [ 2.15172072e-03  9.58800108e-04  3.57718514e-04 -1.15047181e-04
     -1.65524221e-04]
    [-1.05951597e-04  1.59403590e-04 -2.23386272e-04 -2.61256883e-04
     -8.23957995e-05]]

   [[ 1.71126344e-02  1.64319621e-02  1.37687441e-02  9.89978325e-03
      6.24948267e-03]
    [ 9.00551352e-03  7.23393522e-03  3.46167465e-03 -5.23126313e-04
     -3.91577544e-03]
    [ 1.50190050e-03 -2.14790546e-04 -3.74184036e-03 -7.11354322e-03
     -9.90187900e-03]
    [ 4.82058464e-04  7.17262379e-04 -8.03663699e-04 -3.46537253e-03
     -7.05941839e-03]
    [ 7.48737997e-04  3.14861538e-03  3.58666348e-03  1.51972498e-03
     -2.29490456e-03]]]


  [[[ 6.37483341e-04  6.20067568e-04  2.20344792e-04 -1.32627684e-04
     -1.72488981e-04]
    [ 4.34293592e-04  1.42971580e-04 -3.74853134e-04 -6.58954953e-04
     -6.51038196e-04]
    [-2.79145495e-04 -7.15822649e-04 -8.77155673e-04 -8.79328859e-04
     -8.50834504e-04]
    [-9.41343282e-04 -1.04902921e-03 -6.60952623e-04 -4.89339432e-04
     -5.83355482e-04]
    [-8.31169966e-04 -5.69771242e-04 -7.54873351e-05  1.44096034e-05
     -2.42765832e-04]]

   [[ 6.37595236e-04  5.96447582e-04  1.92454828e-04 -1.32145222e-04
     -1.53224365e-04]
    [ 4.23064285e-04  1.12981209e-04 -3.86590166e-04 -6.34105340e-04
     -6.03461448e-04]
    [-2.89161922e-04 -7.21529968e-04 -8.59440035e-04 -8.44987936e-04
     -7.95805311e-04]
    [-9.19053180e-04 -1.00069414e-03 -6.30143618e-04 -4.86511506e-04
     -5.66959431e-04]
    [-7.94172170e-04 -4.98636825e-04 -4.59826160e-05 -5.74471501e-06
     -2.54707740e-04]]

   [[-1.91894042e-04  1.01400028e-03  4.40310605e-04 -1.05400677e-04
     -2.24063330e-04]
    [ 1.81808150e-03  5.93477869e-04 -1.53867107e-04 -6.34701821e-04
     -6.94366459e-04]
    [ 4.38018868e-03 -4.30109262e-04 -5.39781215e-04 -5.46134791e-04
     -6.45306660e-04]
    [ 1.78479729e-03 -1.39923407e-03 -5.86568040e-04 -2.79553218e-04
     -4.19163390e-04]
    [-1.03733853e-03 -1.01456551e-03  4.21994310e-05  2.75147551e-04
      1.60567031e-04]]

   [[ 4.93892991e-03  5.62893165e-03  3.18381232e-03  1.85150828e-03
      1.74630282e-03]
    [ 5.35745116e-03  2.06153218e-03 -2.51819894e-04 -1.75443617e-03
     -2.01334997e-03]
    [ 6.59779460e-03 -3.18767574e-04 -5.33537146e-04 -1.37677022e-03
     -2.41841177e-03]
    [ 2.16425710e-03 -1.44009683e-03 -1.42028833e-04 -6.48438845e-04
     -1.73580827e-03]
    [-1.95098273e-03 -5.94333998e-04  1.45688986e-03  9.28459934e-04
      5.52833981e-04]]

   [[ 3.05451648e-04  4.89712332e-04  1.25418794e-04 -2.37766260e-04
     -3.04774662e-04]
    [ 8.14096956e-06 -8.09523313e-06 -4.03346721e-04 -6.53802148e-04
     -6.74861870e-04]
    [ 5.84308578e-04 -5.42704089e-04 -5.43814552e-04 -5.03773241e-04
     -5.46898984e-04]
    [-1.42208389e-04 -1.06224355e-03 -4.64483255e-04 -2.01775534e-04
     -2.80176283e-04]
    [-9.63991696e-04 -8.05559634e-04 -2.41490403e-04 -3.70466381e-05
     -1.87803319e-04]]

   [[ 4.36746121e-03  3.45614002e-03  2.03720333e-03  1.30469330e-03
      1.31252459e-03]
    [ 1.52775208e-03  4.74895814e-06 -1.61250087e-03 -2.41733427e-03
     -2.29662364e-03]
    [-1.24136452e-03 -1.80518087e-03 -2.14119412e-03 -2.66812415e-03
     -2.87751758e-03]
    [-2.20557985e-03 -1.30305469e-03 -3.27172956e-04 -5.99879078e-04
     -1.42498182e-03]
    [-1.95006867e-03 -6.11163297e-04  6.29896237e-04  4.21638057e-04
     -5.96674401e-04]]]


  [[[ 1.63663934e-03  1.48836965e-03  3.83831137e-04 -4.29540277e-04
     -9.76736643e-05]
    [ 9.85925053e-04  6.61087683e-04  2.09148143e-04  2.78512900e-05
      2.76944440e-04]
    [ 5.92421273e-05 -4.02885699e-06  2.65883520e-04  3.00827606e-04
      1.84629180e-04]
    [-2.41151955e-04  2.63455615e-04  5.98901612e-04 -7.99252102e-06
     -8.12850387e-04]
    [-6.07793179e-05  4.51917530e-04  3.39034789e-04 -6.55753258e-04
     -1.70236586e-03]]

   [[ 1.62211482e-03  1.38906005e-03  2.87141103e-04 -4.23542179e-04
     -8.15851403e-05]
    [ 9.36791664e-04  5.79899726e-04  1.45965116e-04  5.92024480e-05
      3.10322877e-04]
    [ 6.05706399e-05 -9.28012720e-06  2.19349788e-04  2.83681838e-04
      1.98869431e-04]
    [-2.00843344e-04  3.16668736e-04  5.57511735e-04 -8.15822773e-05
     -8.40661455e-04]
    [-4.56538152e-05  4.68354549e-04  2.82474881e-04 -7.18431422e-04
     -1.70098879e-03]]

   [[ 3.10345609e-03  3.93784913e-03  2.63554367e-03 -4.40933720e-04
     -8.26994623e-04]
    [ 8.70256059e-04  4.89794247e-04  6.27291240e-04 -6.75931729e-04
     -5.14184782e-04]
    [-1.36093992e-03 -2.22208407e-03 -1.12608286e-03 -3.23966151e-04
      2.68683305e-04]
    [-2.33441916e-03 -1.43419549e-03  2.08609947e-03  1.47592533e-03
     -6.77193211e-04]
    [-1.88437193e-03 -4.36846799e-04  2.46137267e-03  5.55100266e-04
     -2.20355686e-03]]

   [[ 8.32377079e-03  8.27915512e-03  3.16354459e-03 -4.56265157e-03
     -5.91800270e-03]
    [ 2.82014079e-03 -6.95425738e-05 -2.30091014e-03 -5.35156988e-03
     -5.24408805e-03]
    [-1.29113956e-03 -4.96806337e-03 -6.28998033e-03 -4.51674377e-03
     -3.06243577e-03]
    [-3.41483728e-03 -1.65361269e-03  3.12085774e-04 -2.10328938e-03
     -5.18227053e-03]
    [-2.56948514e-03  1.83906171e-03  2.55303619e-03 -3.87642404e-03
     -7.21914112e-03]]

   [[ 2.11570133e-03  2.19300089e-03  9.51763291e-04 -4.18345469e-04
     -1.88652191e-04]
    [ 5.26012628e-04  6.44743378e-04  4.34605118e-04 -2.09077493e-04
     -5.02064764e-05]
    [-9.38794433e-04 -9.34880708e-04 -2.72842880e-04  7.79406162e-05
      5.92218918e-05]
    [-1.49425750e-03 -4.18604440e-04  1.30403532e-03  6.82239172e-04
     -6.46952733e-04]
    [-1.31226776e-03 -9.31074506e-05  1.20741049e-03  8.86252339e-06
     -1.64949572e-03]]

   [[ 5.69566306e-03  3.54820691e-03  4.45274146e-04 -1.41382772e-03
     -1.50005386e-03]
    [ 3.39889570e-03  1.67706606e-03 -8.16649184e-04 -2.32129655e-03
     -1.56774611e-03]
    [ 4.94785203e-04  7.02339959e-04 -8.12736428e-04 -2.47043557e-03
     -3.08850319e-03]
    [-1.32435305e-04  1.26757366e-03 -2.55732660e-04 -3.15968401e-03
     -5.13757503e-03]
    [ 8.61683921e-04  1.71610221e-03 -9.89382801e-04 -4.97060801e-03
     -6.62007450e-03]]]


  [[[ 1.48781917e-03  1.11789580e-03  1.05494250e-04 -6.20718825e-04
     -4.72867482e-04]
    [ 9.18977572e-04  4.33733743e-04 -7.86531337e-05 -4.24920532e-04
     -4.75170562e-04]
    [-5.91571620e-06 -2.17240384e-04 -1.01513294e-04 -3.13917801e-04
     -6.78792889e-04]
    [-2.26356879e-04  9.28844608e-05  2.37879480e-04 -4.74224998e-04
     -1.28103827e-03]
    [ 5.45100279e-05  4.20491908e-04  1.84273964e-04 -8.03004128e-04
     -1.74273508e-03]]

   [[ 1.45893101e-03  1.03682351e-03  2.55558517e-05 -6.11533800e-04
     -4.41135788e-04]
    [ 8.58304325e-04  3.67772027e-04 -1.27542120e-04 -4.02317096e-04
     -4.27263302e-04]
    [-1.91948243e-05 -2.21809692e-04 -1.37039748e-04 -3.30444776e-04
     -6.39436545e-04]
    [-1.96538513e-04  1.35004571e-04  1.98837012e-04 -5.41756906e-04
     -1.28230316e-03]
    [ 6.45044089e-05  4.29935087e-04  1.33336838e-04 -8.61285980e-04
     -1.73627648e-03]]

   [[ 2.98129351e-03  2.72860061e-03  1.74227573e-03 -5.36717759e-04
     -8.76871078e-04]
    [ 1.57855649e-03  5.03669683e-04  9.63743118e-04 -2.93476561e-04
     -8.89849441e-04]
    [-2.15612378e-04 -1.58420286e-03 -2.39685341e-04 -4.56382988e-05
     -3.94277213e-04]
    [-1.25597751e-03 -1.01164896e-03  1.74174193e-03  9.60657778e-04
     -8.13259562e-04]
    [-1.30837559e-03 -7.21011723e-05  2.19433140e-03  5.11486443e-04
     -1.74172955e-03]]

   [[ 9.54629048e-03  7.57510796e-03  2.68862037e-03 -3.52959069e-03
     -4.95674207e-03]
    [ 5.22923712e-03  1.24963441e-03 -8.73434627e-04 -4.32529504e-03
     -5.94644240e-03]
    [ 1.55449069e-03 -2.79446210e-03 -3.72483199e-03 -3.87324715e-03
     -4.84669636e-03]
    [-1.35902405e-04  2.97335049e-04  8.94603739e-04 -2.67878730e-03
     -6.04762843e-03]
    [ 3.50928752e-04  3.85658458e-03  3.57917920e-03 -3.45707456e-03
     -7.20056587e-03]]

   [[ 1.82723772e-03  1.46260456e-03  4.82029066e-04 -5.97216948e-04
     -5.40327173e-04]
    [ 6.38929152e-04  4.62227262e-04  4.14903689e-04 -3.07997644e-04
     -6.36376561e-04]
    [-4.86079234e-04 -6.40881893e-04 -1.47496593e-06 -4.30310959e-05
     -5.86916207e-04]
    [-9.26532587e-04 -2.64666687e-04  9.85793804e-04  2.81237833e-04
     -9.24081011e-04]
    [-9.02626097e-04  7.88228449e-05  9.55759994e-04 -1.65477785e-04
     -1.52862082e-03]]

   [[ 6.10566027e-03  3.57831207e-03  3.56870149e-04 -1.65523640e-03
     -2.22507033e-03]
    [ 3.71945618e-03  1.50235472e-03 -1.40243809e-03 -3.48954046e-03
     -3.60613200e-03]
    [ 1.07768649e-03  6.74137390e-04 -1.44403248e-03 -3.78362426e-03
     -5.04730535e-03]
    [ 9.43613344e-04  1.70933478e-03 -3.17203059e-04 -3.70200773e-03
     -6.19416323e-03]
    [ 2.15542129e-03  2.52447412e-03 -3.14536293e-04 -4.54404098e-03
     -6.81982485e-03]]]


  [[[ 1.63898446e-03  1.14917063e-03  3.06336930e-04 -1.00723349e-04
      2.64850321e-04]
    [ 1.09304725e-03  7.05630222e-04  4.21294931e-04  2.22147352e-04
      1.55616156e-04]
    [ 2.45737963e-04  1.33172084e-04  4.70962807e-04  3.41886843e-04
     -2.48753338e-04]
    [ 1.65952904e-04  4.27617416e-04  5.51488131e-04  9.98888126e-06
     -7.47717567e-04]
    [ 3.56847101e-04  6.99291986e-04  4.36472640e-04 -3.65110014e-04
     -1.08816218e-03]]

   [[ 1.60134475e-03  1.07781016e-03  2.21834784e-04 -9.85166586e-05
      2.85741670e-04]
    [ 1.01617263e-03  6.55170985e-04  3.80401310e-04  2.23880065e-04
      1.68309888e-04]
    [ 2.12673158e-04  1.22940336e-04  4.31566568e-04  3.01866493e-04
     -2.42793641e-04]
    [ 1.85672564e-04  4.56931572e-04  5.03409714e-04 -8.01360633e-05
     -7.75406307e-04]
    [ 3.52619298e-04  7.00945329e-04  4.01035797e-04 -4.28344692e-04
     -1.11029479e-03]]

   [[ 3.16076541e-03  7.48402384e-04  9.93869843e-06 -2.84814347e-04
     -9.92232257e-05]
    [ 1.46235265e-03 -8.04099113e-04  1.60341625e-04 -1.26902110e-05
     -2.08837793e-04]
    [-1.91456497e-04 -1.50767208e-03  3.48328822e-04  4.87873551e-04
      2.07635348e-05]
    [ 1.48543295e-04  1.94715329e-04  1.74673012e-03  1.06754681e-03
     -3.45432424e-04]
    [-4.23234513e-04  7.71256913e-04  1.99692199e-03  6.50465518e-04
     -1.10386075e-03]]

   [[ 9.11982449e-03  3.94408234e-03 -4.56941393e-04 -2.80908195e-03
     -2.10426027e-03]
    [ 3.69563933e-03 -1.32140096e-03 -2.44815073e-03 -3.50793401e-03
     -3.72633381e-03]
    [ 2.67730103e-04 -2.88375091e-03 -2.28969194e-03 -1.91197466e-03
     -3.13671526e-03]
    [ 1.24680448e-03  2.20054186e-03  2.10702217e-03 -1.02139189e-03
     -4.28722906e-03]
    [ 1.92129468e-04  4.42847507e-03  4.57937099e-03 -1.87221364e-03
     -5.66464130e-03]]

   [[ 1.84026616e-03  8.02662572e-04  1.74277240e-04 -1.29226327e-04
      8.84404940e-05]
    [ 3.47248449e-04 -1.04059352e-04  3.51902986e-04  1.35780029e-04
     -1.23028695e-04]
    [-5.55055284e-04 -5.52550237e-04  5.21419976e-04  5.33236799e-04
     -2.04191770e-04]
    [ 1.59887990e-04  3.70000401e-04  1.12853467e-03  6.27636188e-04
     -4.07827087e-04]
    [ 1.86591698e-05  6.84027543e-04  9.73992338e-04  2.46609818e-05
     -9.83660364e-04]]

   [[ 5.58072479e-03  3.56385493e-03  1.12538609e-03 -1.52410403e-04
     -3.48857234e-06]
    [ 3.48101900e-03  1.77665693e-03 -3.41364484e-04 -1.78264363e-03
     -1.83687873e-03]
    [ 1.43606228e-03  1.60822564e-03 -4.37160111e-05 -2.11288731e-03
     -3.47581806e-03]
    [ 1.19479995e-03  2.40920348e-03  1.21081085e-03 -1.50458518e-03
     -4.14895721e-03]
    [ 1.70230136e-03  2.33416657e-03  7.24113418e-04 -2.22232579e-03
     -4.39181931e-03]]]


  [[[ 8.27502216e-04  1.24692130e-03  1.06376863e-03  6.88686325e-04
      6.92602906e-04]
    [ 1.54365970e-04  7.61907902e-04  1.11931997e-03  8.09589864e-04
      5.45167998e-04]
    [-5.05641517e-04  1.72338727e-04  7.46170890e-04  4.72377481e-04
     -3.75185308e-05]
    [-7.99198048e-04 -2.24319260e-04  1.13860647e-04 -8.58169517e-05
     -3.01458654e-04]
    [-8.25473625e-04 -3.58848501e-04 -4.97817571e-05 -2.37643366e-04
     -4.61817442e-04]]

   [[ 8.79390698e-04  1.21138850e-03  9.77834039e-04  6.42960728e-04
      6.78666744e-04]
    [ 2.08279825e-04  7.83363290e-04  1.07775898e-03  7.69106894e-04
      5.16236072e-04]
    [-4.39786947e-04  2.24620611e-04  7.11888865e-04  4.37121683e-04
     -4.44705347e-05]
    [-7.30433716e-04 -1.58655779e-04  8.97244679e-05 -1.23378823e-04
     -3.12107951e-04]
    [-7.73239822e-04 -2.97121515e-04 -3.99097487e-05 -2.52356092e-04
     -4.85240783e-04]]

   [[-2.38930140e-04  1.09742053e-03  1.30920329e-03  4.95801615e-04
      4.83460635e-04]
    [-2.41618193e-03 -9.70869871e-04  2.01380018e-03  7.17847121e-04
      2.35020043e-04]
    [-1.72645824e-03  2.54686685e-04  2.99736330e-03  5.57332429e-04
      1.97270791e-05]
    [ 5.80058397e-05  1.09524688e-03  1.43419231e-03 -2.78368401e-04
     -6.52783789e-05]
    [-9.64193910e-04 -7.05317259e-04 -7.97823340e-05 -6.93374753e-04
     -5.55801534e-04]]

   [[ 5.31942838e-03  6.77886803e-03  5.57853237e-03  3.09750416e-03
      2.59382286e-03]
    [-1.26706820e-03  1.19004273e-03  4.26075145e-03  1.24801701e-03
      6.41753789e-04]
    [-2.13238853e-03  1.69174944e-03  4.16238048e-03  4.58778510e-04
      7.31831328e-04]
    [ 5.49328510e-04  3.68937134e-03  2.80009103e-03  4.98250812e-05
      1.05191616e-03]
    [-2.11628220e-03  1.00474907e-03  1.48835837e-03  2.23211548e-04
      1.12153058e-03]]

   [[ 1.86426992e-04  8.40798304e-04  9.44150613e-04  5.89219388e-04
      6.29493222e-04]
    [-1.75164743e-03 -6.17556466e-04  8.89030306e-04  4.99100000e-04
      2.61265192e-04]
    [-1.71856204e-03 -4.26916067e-04  1.11959017e-03  4.98975799e-04
     -6.17075929e-05]
    [-8.22582855e-04  1.74322553e-04  6.01609476e-04  5.87883683e-05
     -9.38490164e-06]
    [-1.16204818e-03 -5.66837831e-04 -1.50074973e-04 -4.44376509e-04
     -4.98885655e-04]]

   [[ 5.10016490e-03  5.90151838e-03  4.97236199e-03  3.66386320e-03
      3.16614727e-03]
    [ 1.85733466e-03  3.09490354e-03  2.72041619e-03  1.76454722e-03
      1.31065930e-03]
    [-5.59140591e-04  1.12830234e-03  9.39317440e-04 -1.18093357e-04
     -6.51191686e-04]
    [-1.45184898e-03  5.73569193e-04  7.61861703e-04  6.41933747e-05
     -5.76996464e-04]
    [-2.08813786e-03 -9.37399925e-05  3.24232534e-04  1.59292294e-04
      1.18969420e-05]]]


  [[[ 2.88191927e-03  2.71439227e-03  2.78482084e-03  3.07473800e-03
      3.00877363e-03]
    [ 2.61090053e-03  2.65883144e-03  2.85098071e-03  3.02011323e-03
      2.71894959e-03]
    [ 1.95521930e-03  2.23512841e-03  2.73552271e-03  2.74434503e-03
      2.12867146e-03]
    [ 1.50932764e-03  1.95272603e-03  2.42774449e-03  2.31412409e-03
      1.80205036e-03]
    [ 1.42653012e-03  2.05907562e-03  2.27676360e-03  2.05974697e-03
      1.76892318e-03]]

   [[ 2.76989267e-03  2.60667543e-03  2.67794708e-03  2.95686002e-03
      2.86159954e-03]
    [ 2.49120191e-03  2.56051155e-03  2.76059777e-03  2.89868461e-03
      2.57492643e-03]
    [ 1.86164008e-03  2.14651313e-03  2.64109425e-03  2.60978785e-03
      1.99500669e-03]
    [ 1.47496013e-03  1.90047871e-03  2.32195880e-03  2.16308243e-03
      1.66424376e-03]
    [ 1.39690663e-03  2.01782423e-03  2.18736723e-03  1.93518580e-03
      1.64289633e-03]]

   [[ 4.80560344e-04 -1.16954201e-03 -1.67845705e-04  1.72468995e-03
      1.35137505e-03]
    [ 5.40753559e-04 -1.19972425e-03 -9.19468170e-04  4.77931284e-04
      1.42596880e-03]
    [ 2.10310098e-03 -1.78816300e-05  8.84879454e-04  9.09725025e-04
      1.50254999e-03]
    [ 1.11741839e-03 -3.82733561e-05  6.88933520e-04  7.57573095e-04
      7.40007986e-04]
    [-1.08171122e-03 -7.44430271e-05  5.52129109e-04  2.32370028e-04
      3.02334769e-04]]

   [[-3.56929104e-03 -4.94069877e-03 -3.43878182e-03 -2.87438532e-04
     -8.61086747e-04]
    [-5.47050433e-03 -6.91545791e-03 -5.62927325e-03 -3.56040889e-03
     -3.67276720e-03]
    [-6.01304898e-03 -6.42927476e-03 -2.14603887e-03 -2.14130236e-03
     -4.48198779e-03]
    [-8.00782167e-03 -5.73276159e-03 -1.43026103e-03 -2.32482442e-03
     -6.26021301e-03]
    [-1.17681047e-02 -5.76420501e-03 -1.58320902e-03 -3.93039201e-03
     -6.52590890e-03]]

   [[ 1.59953420e-03  9.80109479e-04  1.71699431e-03  2.36871591e-03
      2.03530762e-03]
    [ 7.54665873e-04  4.12714686e-04  8.90671089e-04  1.64055820e-03
      1.77038482e-03]
    [ 1.14586676e-03  1.03908038e-03  1.56321613e-03  1.75918794e-03
      1.76429845e-03]
    [ 1.29447569e-03  9.63092350e-04  1.37221891e-03  1.54150807e-03
      1.43806961e-03]
    [ 5.55550454e-04  9.28800494e-04  9.52901351e-04  8.79727756e-04
      9.75004781e-04]]

   [[ 3.84319461e-03  4.65070375e-03  5.81663936e-03  6.43992010e-03
      5.93305198e-03]
    [ 1.96621624e-03  2.89540874e-03  4.35594514e-03  4.58357336e-03
      3.02379449e-03]
    [-2.91923974e-04  2.12810806e-03  4.11146991e-03  3.86307818e-03
      1.31702963e-03]
    [-1.54659124e-03  2.00485386e-03  4.68506908e-03  4.40413666e-03
      1.24201504e-03]
    [-2.16662501e-03  8.40812306e-04  3.30054082e-03  3.48757920e-03
      1.02183407e-03]]]]



 [[[[ 8.90293062e-04  1.74306572e-03  1.22954859e-03  6.05154692e-04
      4.43357219e-04]
    [ 9.94186626e-04  1.71809701e-03  8.62413948e-04  3.47972525e-04
      2.47254038e-04]
    [ 1.08097193e-03  1.48228198e-03  4.89479667e-04  1.38392825e-04
      1.73360331e-04]
    [ 8.77902494e-04  9.53916376e-04  2.16203447e-04  1.23728333e-04
      2.65290179e-04]
    [ 6.69197475e-04  5.36447964e-04  1.45464977e-04  2.06565036e-04
      2.44650435e-04]]

   [[ 8.85416561e-04  1.64559737e-03  1.08602996e-03  5.47205086e-04
      4.09598170e-04]
    [ 9.85752329e-04  1.58384061e-03  7.31720957e-04  3.18574204e-04
      2.29094205e-04]
    [ 1.06359862e-03  1.33705113e-03  3.87959052e-04  1.34334899e-04
      1.65061129e-04]
    [ 8.51284094e-04  8.47516666e-04  1.61125293e-04  1.31488519e-04
      2.54701846e-04]
    [ 6.30930153e-04  4.70985105e-04  1.23788304e-04  2.08773163e-04
      2.35043643e-04]]

   [[ 2.34775641e-03  4.08220636e-03  4.60240314e-03  2.17533972e-03
      4.68032809e-04]
    [ 1.50831401e-03  3.56211878e-03  2.76058612e-03  1.26818085e-03
      5.43640581e-04]
    [ 1.77013501e-03  3.23622711e-03  2.31299852e-03  1.38427280e-03
      7.89200642e-04]
    [ 1.39696566e-03  1.99813346e-03  6.42688792e-04  5.57755085e-04
      8.32356865e-04]
    [ 1.21707670e-03  1.31519278e-03  5.11033365e-04  1.31237082e-03
      5.44073030e-04]]

   [[ 5.23430777e-03  8.24065344e-03  7.22064664e-03  1.36282890e-03
      5.95743745e-03]
    [ 7.11514997e-03  1.13311644e-02  4.56644094e-03  3.50002395e-03
      1.29154148e-02]
    [ 7.22025247e-03  6.98067068e-03  2.43618605e-03  9.77966400e-03
      2.19450587e-02]
    [ 3.42948901e-03  4.15683541e-03  3.55439645e-03  1.64758560e-02
      2.63170261e-02]
    [ 3.71421147e-03  2.15408780e-03  1.29388320e-02  3.12639067e-02
      2.37029011e-02]]

   [[ 1.12382127e-03  2.20262489e-03  2.49884024e-03  9.47290497e-04
      2.68101251e-04]
    [ 1.10705481e-03  1.82189045e-03  1.35075063e-03  2.98788201e-04
      1.41878462e-04]
    [ 7.32304269e-04  1.28942567e-03  5.04030881e-04  1.17942107e-04
      1.66405926e-04]
    [ 5.95903629e-04  8.95959576e-04  2.78721231e-04  9.79946359e-05
      2.65205700e-04]
    [ 5.08877206e-04  2.81852499e-04  9.27605842e-05  3.31721146e-04
      1.88432705e-04]]

   [[ 6.73255167e-03  9.28284591e-03  6.80667348e-03  4.18281095e-03
      3.48817067e-03]
    [ 8.27792034e-03  8.47834167e-03  3.50500378e-03  2.90326856e-03
      4.38474678e-03]
    [ 7.22015183e-03  6.58563881e-03  1.89457039e-03  3.65390524e-03
      6.56060208e-03]
    [ 4.87974750e-03  5.25183161e-03  2.99088990e-03  6.13867860e-03
      8.44621157e-03]
    [ 3.20880761e-03  2.92755452e-03  3.53157028e-03  7.57231204e-03
      8.53090177e-03]]]


  [[[ 6.02004745e-05  4.63129024e-05  4.57274502e-05  8.18219880e-05
      1.02088186e-04]
    [ 3.44180956e-05  4.81263763e-05  3.16968736e-05  6.11328147e-05
      9.38094462e-05]
    [ 4.85714951e-05  8.72003215e-05  7.78780594e-05  8.29150425e-05
      1.24372375e-04]
    [ 5.68504978e-05  1.15409793e-04  1.02956953e-04  1.28060769e-04
      2.30184915e-04]
    [ 9.89475611e-05  1.04239159e-04  9.31019033e-05  1.86362292e-04
      3.24572960e-04]]

   [[ 5.27966683e-05  4.54144450e-05  4.29198966e-05  7.63224295e-05
      9.90794401e-05]
    [ 3.07774865e-05  4.46890987e-05  2.59474556e-05  5.59918599e-05
      8.90035866e-05]
    [ 4.58995397e-05  8.23029031e-05  6.75226973e-05  7.88646878e-05
      1.19591424e-04]
    [ 5.32442545e-05  1.11349323e-04  9.30335491e-05  1.28335692e-04
      2.25408859e-04]
    [ 8.88352067e-05  9.80474893e-05  8.70050229e-05  1.83702858e-04
      3.11630206e-04]]

   [[ 4.43116181e-03  3.39873336e-03  4.45097635e-04  2.42349861e-04
      1.11970586e-04]
    [ 1.58141198e-03  2.19693280e-03  1.83392683e-04  9.03626189e-05
      5.57940921e-05]
    [ 5.49181513e-04  1.12210315e-03  2.23756464e-04  2.36275381e-04
      6.10073690e-05]
    [ 3.07508859e-04  6.19080472e-04  7.88979679e-04  8.30812981e-04
      1.96002668e-04]
    [ 8.84201813e-04  4.63741253e-04  1.25687472e-03  9.12781402e-04
      3.34386707e-04]]

   [[ 1.84809893e-02  1.13896703e-02  1.96312999e-03  2.29237800e-03
      1.62194567e-03]
    [ 6.70729937e-03  6.36949121e-03  5.50169719e-04  1.31230266e-03
      9.62585822e-04]
    [ 2.70772391e-03  3.26392977e-03  9.22387895e-04  1.16664611e-03
      1.09132611e-03]
    [ 3.47770389e-03  2.86039399e-03  3.61405851e-03  2.95731832e-03
      3.53184632e-03]
    [ 7.16826004e-03  2.87832963e-03  6.03661410e-03  4.76400698e-03
      6.88262827e-03]]

   [[ 4.05738781e-04  1.74313251e-04  4.18480513e-05  7.27105040e-05
      7.79291853e-05]
    [ 9.42974117e-05  1.25758344e-04  5.19267472e-05  4.06657399e-05
      7.46443427e-05]
    [ 8.07480425e-05  5.96940852e-05  8.20350855e-05  6.49390292e-05
      7.95400788e-05]
    [ 9.08481467e-05  7.07408829e-05  1.86723684e-04  1.95225154e-04
      2.00136147e-04]
    [ 2.76354044e-04  8.72791353e-05  1.95116353e-04  2.26882099e-04
      3.19424322e-04]]

   [[ 7.63210303e-04  2.63137389e-04  3.72168330e-04  9.49224441e-04
      1.29911804e-03]
    [ 2.93215113e-04  5.19461812e-04  1.92418185e-04  9.42942120e-04
      1.19065800e-03]
    [ 5.55698405e-04  1.42375390e-03  6.85616030e-04  6.66814119e-04
      1.64764313e-03]
    [ 1.12099896e-03  1.52056926e-03  8.71132342e-04  7.34969300e-04
      2.51629675e-03]
    [ 2.60130931e-03  1.80170779e-03  1.20754585e-03  2.38276515e-03
      4.47230989e-03]]]


  [[[ 8.07414909e-05  2.03940990e-04  3.64980151e-04  6.45690802e-04
      7.12885880e-04]
    [ 5.74440529e-05  1.62728338e-04  2.76518820e-04  5.90152767e-04
      7.30126083e-04]
    [ 1.07987409e-04  1.84529229e-04  2.56675991e-04  5.20209139e-04
      6.83706487e-04]
    [ 1.69178184e-04  1.75778831e-04  2.84146496e-04  5.27400567e-04
      6.54486063e-04]
    [ 2.06492953e-04  2.29890154e-04  4.33864510e-04  6.35340136e-04
      6.48234427e-04]]

   [[ 8.10536002e-05  2.00702985e-04  3.54002048e-04  6.05728836e-04
      6.55946663e-04]
    [ 5.89095287e-05  1.59591107e-04  2.75469414e-04  5.60794143e-04
      6.74986213e-04]
    [ 1.02987842e-04  1.73678252e-04  2.56626048e-04  4.99512929e-04
      6.36657327e-04]
    [ 1.54045606e-04  1.58567308e-04  2.76726330e-04  5.02860584e-04
      6.12260881e-04]
    [ 1.88250036e-04  2.17924628e-04  4.13468855e-04  5.92058004e-04
      5.97203843e-04]]

   [[ 5.54332368e-04  9.63923641e-04  2.53802986e-03  1.28987815e-03
      3.39089683e-04]
    [ 7.04946826e-04  2.30224137e-03  1.17572839e-03  2.26414578e-04
      2.79147024e-04]
    [ 1.39980790e-03  3.13346492e-03  1.08025667e-03  4.12531186e-04
      3.01297837e-04]
    [ 1.69765989e-03  2.58377353e-03  9.41124109e-04  6.53353506e-04
      3.38606570e-04]
    [ 1.86632906e-03  1.49982500e-03  7.79101443e-04  7.77840182e-04
      3.16868838e-04]]

   [[ 4.32293827e-03  8.76459835e-03  9.38201560e-03  2.39868194e-03
      1.59672739e-03]
    [ 1.05123131e-02  1.41915840e-02  5.56996923e-03  8.80580961e-04
      1.21651611e-03]
    [ 1.47442307e-02  1.65100059e-02  5.48026363e-03  1.15858880e-03
      7.19749710e-04]
    [ 1.46233619e-02  1.33505621e-02  5.77984150e-03  2.08861272e-03
      9.83128415e-04]
    [ 1.16648358e-02  8.77001644e-03  6.20526913e-03  3.77179790e-03
      1.16925895e-03]]

   [[ 1.09995773e-04  1.76310362e-04  5.06526822e-04  3.00708101e-04
      3.94643112e-04]
    [ 1.24978954e-04  2.78479115e-04  2.27963664e-04  9.96196547e-05
      3.62628896e-04]
    [ 2.82474186e-04  2.95673246e-04  9.30456330e-05  2.47016993e-04
      3.90489673e-04]
    [ 1.42468029e-04  1.11080630e-04  1.74738670e-04  3.34942589e-04
      4.04220463e-04]
    [ 1.92099982e-04  7.45420786e-05  2.06729471e-04  4.08554354e-04
      4.11195478e-04]]

   [[ 2.60231174e-03  1.88078451e-03  1.77252699e-03  3.42346919e-03
      4.18650501e-03]
    [ 2.67708367e-03  1.87982180e-03  1.03307131e-03  2.94150134e-03
      3.89465657e-03]
    [ 2.07046343e-03  1.11817008e-03  5.18215579e-04  2.05095625e-03
      3.30250216e-03]
    [ 1.42673357e-03  5.91146322e-04  5.78996232e-04  1.46236737e-03
      2.52018426e-03]
    [ 1.05275057e-03  1.58515070e-03  2.23024608e-03  2.68056723e-03
      2.66891032e-03]]]


  [[[ 4.30354843e-05  5.08929402e-05  7.91528861e-05  1.78677814e-04
      1.23535731e-04]
    [ 1.87623088e-05  3.65778074e-05  3.04485750e-05  1.47260978e-04
      1.11902866e-04]
    [ 9.98111006e-06  2.84825648e-05  1.96957715e-05  1.20266687e-04
      1.00031378e-04]
    [ 1.47918715e-05  3.31159826e-05  2.87325660e-05  1.10605505e-04
      1.17805024e-04]
    [ 3.76762924e-05  3.54611525e-05  4.79391363e-05  1.37086266e-04
      1.28078082e-04]]

   [[ 4.05475158e-05  5.07145113e-05  7.76173963e-05  1.65145788e-04
      1.08375888e-04]
    [ 1.81392480e-05  3.40157038e-05  3.30146036e-05  1.36597478e-04
      9.52490797e-05]
    [ 1.04053949e-05  2.51790814e-05  2.27061674e-05  1.17271944e-04
      8.53502758e-05]
    [ 1.41731200e-05  3.24074576e-05  2.82439644e-05  1.10737639e-04
      1.04629759e-04]
    [ 3.26064222e-05  3.44215081e-05  4.73720184e-05  1.33102639e-04
      1.13771068e-04]]

   [[ 2.10977601e-03  1.06677255e-03  3.38166122e-04  2.30915603e-04
      1.56148778e-04]
    [ 1.78634321e-03  2.11767747e-03  2.88613099e-04  1.30806177e-04
      9.24416467e-05]
    [ 9.95205773e-04  1.93381817e-03  2.01992743e-04  5.16329802e-05
      7.18760240e-05]
    [ 5.31739250e-04  6.92203744e-04  7.76381939e-05  6.08000741e-05
      2.21897727e-04]
    [ 3.00557005e-04  1.67233406e-04  1.26605553e-04  2.71611732e-04
      3.16231264e-04]]

   [[ 9.53962269e-03  4.63201649e-03  1.16701863e-03  2.45717378e-03
      1.75696921e-03]
    [ 6.69721340e-03  6.37115602e-03  8.74567495e-04  1.58516550e-03
      9.29919326e-04]
    [ 4.42330928e-03  4.88979424e-03  5.38570549e-04  7.27849441e-04
      7.60188291e-04]
    [ 3.13687921e-03  1.89942131e-03  3.97953117e-04  4.26818613e-04
      1.31713950e-03]
    [ 1.96031517e-03  9.13272403e-04  1.10942886e-03  1.69572303e-03
      2.03809509e-03]]

   [[ 1.38310046e-04  8.07515519e-05  4.30990647e-05  1.33140002e-04
      1.16392561e-04]
    [ 9.57979228e-05  1.44295517e-04  3.28034511e-05  7.13470195e-05
      9.48657679e-05]
    [ 6.84313691e-05  9.95194616e-05  1.67312568e-05  4.63176210e-05
      6.94932341e-05]
    [ 7.12534824e-05  4.37464532e-05  3.54721279e-05  8.04737258e-05
      1.32002458e-04]
    [ 6.37674948e-05  6.48385949e-05  5.81888271e-05  1.60424743e-04
      1.80826029e-04]]

   [[ 4.94585259e-04  3.95344800e-04  1.07730625e-03  2.00965497e-03
      1.41714986e-03]
    [ 2.10709666e-04  2.65229923e-04  2.97118015e-04  1.75384157e-03
      1.12915511e-03]
    [ 2.32203349e-04  6.08480999e-04  1.55796709e-04  1.12308949e-03
      1.05291912e-03]
    [ 2.60668581e-04  5.97140174e-04  3.71424680e-04  8.12571425e-04
      9.49619024e-04]
    [ 6.40824481e-04  7.31414918e-04  8.98853797e-04  1.30904809e-03
      1.21810899e-03]]]


  [[[ 6.69254633e-04  1.39507722e-03  7.76217770e-04  3.78813530e-04
      2.28716958e-04]
    [ 7.32207585e-04  1.42919523e-03  6.02381851e-04  2.50760340e-04
      1.43649433e-04]
    [ 7.87098803e-04  1.40801058e-03  5.19571228e-04  1.66564961e-04
      1.36440039e-04]
    [ 5.01786122e-04  9.54570332e-04  3.31633640e-04  1.80798753e-04
      1.71122773e-04]
    [ 3.46325643e-04  5.18283822e-04  2.06633255e-04  2.09669952e-04
      1.23575888e-04]]

   [[ 6.68294893e-04  1.28213121e-03  6.70967010e-04  3.43540282e-04
      2.10352754e-04]
    [ 7.38305531e-04  1.29961614e-03  4.92060996e-04  2.34437980e-04
      1.27069507e-04]
    [ 8.01549074e-04  1.29033918e-03  4.16920986e-04  1.61366337e-04
      1.20737500e-04]
    [ 5.08745428e-04  8.73047539e-04  2.66016985e-04  1.77516996e-04
      1.49137223e-04]
    [ 3.46684227e-04  4.70482040e-04  1.79109028e-04  2.01621980e-04
      1.06341673e-04]]

   [[ 5.98636330e-03  8.52576388e-03  6.41663514e-03  3.95538246e-03
      7.41747816e-04]
    [ 3.09167642e-03  4.24179370e-03  3.89957983e-03  2.10497363e-03
      9.00507035e-04]
    [ 1.15153829e-03  2.02390062e-03  2.16734786e-03  1.07321139e-03
      7.40800277e-04]
    [ 2.77600766e-03  2.09028189e-03  6.55828002e-04  2.95720287e-04
      1.27456496e-03]
    [ 2.32358999e-03  1.71510639e-03  3.00635776e-04  1.08912547e-03
      1.07681032e-03]]

   [[ 1.35216782e-02  1.65765080e-02  1.32601144e-02  5.98088201e-03
      1.19905229e-02]
    [ 1.23030195e-02  1.33473315e-02  1.29119337e-02  1.03663338e-02
      1.80569664e-02]
    [ 9.20077530e-03  1.11687529e-02  1.00881497e-02  1.11620396e-02
      1.86391896e-02]
    [ 1.03981425e-02  9.84013360e-03  5.97673311e-03  1.26124407e-02
      2.02976064e-02]
    [ 6.29026607e-03  2.77158881e-03  5.95272055e-03  1.73238600e-02
      1.52349992e-02]]

   [[ 1.59334385e-03  2.63944309e-03  2.33475031e-03  1.16281738e-03
      2.03207912e-04]
    [ 1.75468780e-03  2.20187431e-03  1.83188218e-03  4.42727412e-04
      1.39942026e-04]
    [ 4.00770334e-04  9.53467420e-04  5.08367000e-04  1.19945034e-04
      1.65106818e-04]
    [ 4.17658278e-04  4.08311882e-04  1.27756394e-04  1.30635061e-04
      3.08428568e-04]
    [ 5.51698743e-04  2.12647020e-04  9.30782952e-05  2.28593511e-04
      1.72337360e-04]]

   [[ 6.77787432e-03  8.41908717e-03  4.68224155e-03  4.11878217e-03
      4.01563109e-03]
    [ 8.36793501e-03  9.67183715e-03  3.97061493e-03  3.86972373e-03
      5.43017869e-03]
    [ 8.50782567e-03  9.70569043e-03  4.39668446e-03  4.01765814e-03
      5.36241203e-03]
    [ 5.91221468e-03  8.68025303e-03  5.53859567e-03  4.94314249e-03
      4.59130617e-03]
    [ 2.18856506e-03  3.39691245e-03  3.20189078e-03  4.46978531e-03
      3.90037935e-03]]]


  [[[ 1.49515670e-04  3.66644999e-04  2.93728176e-04  1.76690466e-04
      2.47637593e-04]
    [ 2.93336430e-04  5.22474225e-04  3.65197576e-04  2.26643832e-04
      3.50110288e-04]
    [ 2.17793210e-04  4.18584529e-04  3.23096890e-04  2.09290042e-04
      3.37240943e-04]
    [ 1.07835594e-04  2.27363778e-04  1.57232455e-04  1.43046186e-04
      2.09637970e-04]
    [ 8.65651143e-05  1.40886952e-04  9.09289405e-05  1.21276141e-04
      1.09661027e-04]]

   [[ 1.48529844e-04  3.37148600e-04  2.59256639e-04  1.62208513e-04
      2.42597575e-04]
    [ 2.99621250e-04  4.83065206e-04  3.22493315e-04  2.13170615e-04
      3.43648506e-04]
    [ 2.20464332e-04  3.90492972e-04  2.86889896e-04  2.00192655e-04
      3.34096723e-04]
    [ 1.08877672e-04  2.10724402e-04  1.37914962e-04  1.39216054e-04
      2.05153783e-04]
    [ 8.75256548e-05  1.29559924e-04  8.29038603e-05  1.16235458e-04
      1.04443035e-04]]

   [[ 5.81929786e-03  1.41360069e-03  9.01100577e-04  2.10306418e-04
      3.88439099e-04]
    [ 8.62512977e-04  5.93255105e-04  5.09118197e-04  3.29556726e-04
      6.21634309e-04]
    [ 1.74842972e-04  1.93641537e-04  2.56165176e-04  1.08456218e-04
      1.27152283e-04]
    [ 8.12977097e-05  1.70970140e-04  1.23852534e-04  3.77151605e-04
      2.46300022e-04]
    [ 2.91578673e-04  1.31989388e-04  6.81430510e-05  1.01115516e-04
      1.75125220e-04]]

   [[ 1.14750046e-02  4.21457126e-03  6.27456909e-03  1.28342985e-03
      1.81232688e-03]
    [ 2.63876425e-03  2.18801670e-03  3.58209065e-03  2.37277469e-03
      3.27454894e-03]
    [ 7.48739574e-04  4.86397802e-04  1.76047293e-03  1.10368838e-03
      1.58483253e-03]
    [ 1.07898405e-03  6.78636866e-04  6.40265432e-04  1.71237838e-03
      1.95113771e-03]
    [ 2.89438591e-03  5.52146806e-04  1.00264230e-03  2.27162329e-03
      2.47409838e-03]]

   [[ 7.34455805e-04  1.46862634e-04  3.20619805e-04  1.20908354e-04
      1.84356670e-04]
    [ 1.08506363e-04  1.41344674e-04  2.75089218e-04  2.11371109e-04
      3.08654752e-04]
    [ 2.33206257e-04  2.17742886e-04  2.26071773e-04  1.33779637e-04
      1.49770580e-04]
    [ 8.78588186e-05  1.39347764e-04  1.07304103e-04  4.02132076e-04
      2.80356537e-04]
    [ 6.73561823e-05  1.13171792e-04  6.82357167e-05  1.57853023e-04
      8.87933662e-05]]

   [[ 2.71911371e-03  4.08736448e-03  2.66869870e-03  1.99427188e-03
      3.00963682e-03]
    [ 2.45432275e-03  3.75216724e-03  2.59080278e-03  2.46283262e-03
      3.97695968e-03]
    [ 1.27119268e-03  2.38216790e-03  1.76453835e-03  2.02703824e-03
      3.54774178e-03]
    [ 5.49215021e-04  1.29858297e-03  1.03502041e-03  1.25131056e-03
      2.19820665e-03]
    [ 6.85524037e-04  6.24627856e-04  5.67777040e-04  8.22702756e-04
      9.63068916e-04]]]


  [[[ 1.83488295e-04  3.32650064e-04  3.79851789e-04  4.93595983e-04
      3.26457144e-04]
    [ 2.78732049e-04  4.36145535e-04  3.65560682e-04  3.98414992e-04
      2.30765518e-04]
    [ 4.39629140e-04  5.47966371e-04  2.86403937e-04  2.15164715e-04
      1.73140875e-04]
    [ 3.21043840e-04  3.73889707e-04  1.48782585e-04  1.80111254e-04
      1.76419940e-04]
    [ 1.17261858e-04  2.32369416e-04  2.05074148e-04  2.77379955e-04
      1.79906587e-04]]

   [[ 1.87723349e-04  3.18428826e-04  3.63622316e-04  4.50781003e-04
      2.92495434e-04]
    [ 2.82602852e-04  4.10945348e-04  3.43348307e-04  3.64328201e-04
      1.98428821e-04]
    [ 4.26794607e-04  5.02629800e-04  2.58447354e-04  2.02890575e-04
      1.50659729e-04]
    [ 3.08714419e-04  3.42043483e-04  1.29765988e-04  1.75617203e-04
      1.54426521e-04]
    [ 1.17168329e-04  2.20219697e-04  1.92640007e-04  2.61998909e-04
      1.58014627e-04]]

   [[ 1.61726977e-03  2.62680694e-03  4.36687552e-03  3.83156513e-03
      8.23020417e-04]
    [ 3.83000279e-04  1.56484128e-03  2.67829228e-03  1.84730322e-03
      6.31427200e-04]
    [ 1.51845807e-03  2.94345455e-03  1.74049764e-03  6.22257428e-04
      5.68759562e-04]
    [ 2.65049879e-03  3.19216087e-03  6.05800195e-04  3.42466491e-04
      1.39470743e-03]
    [ 3.29255177e-03  1.99973153e-03  3.81154093e-04  1.26357584e-03
      1.06212778e-03]]

   [[ 7.06034934e-03  1.02525038e-02  1.15326558e-02  6.53043342e-03
      4.10427979e-03]
    [ 6.98395197e-03  1.14348436e-02  1.13223906e-02  6.92238907e-03
      3.58918554e-03]
    [ 1.04653331e-02  1.51829685e-02  7.84074464e-03  1.84937895e-03
      3.08533544e-03]
    [ 1.36753064e-02  1.33579062e-02  4.21526664e-03  3.22280619e-03
      7.91621486e-03]
    [ 8.30021762e-03  3.90898241e-03  5.66782151e-03  9.47586960e-03
      6.87768695e-03]]

   [[ 6.33449348e-04  9.93526618e-04  1.30757402e-03  9.42025950e-04
      2.14226435e-04]
    [ 3.49913301e-04  8.83205197e-04  9.54067781e-04  3.56915428e-04
      1.10059334e-04]
    [ 6.98279332e-04  7.28679227e-04  2.60767443e-04  1.09765258e-04
      1.17147248e-04]
    [ 5.89052161e-04  3.55047008e-04  8.43754249e-05  1.67498393e-04
      2.98588433e-04]
    [ 7.33510622e-04  2.55368640e-04  1.62747193e-04  3.07720165e-04
      2.35819071e-04]]

   [[ 4.28092829e-03  4.79835832e-03  3.51632541e-03  4.27868206e-03
      3.24142542e-03]
    [ 6.06783310e-03  5.91221408e-03  3.21720551e-03  3.01528607e-03
      2.45945808e-03]
    [ 7.02011174e-03  5.92761891e-03  2.30253937e-03  1.16795610e-03
      1.09293894e-03]
    [ 5.34601742e-03  5.37726721e-03  3.06448266e-03  1.98329327e-03
      1.23712855e-03]
    [ 2.42180747e-03  3.79146861e-03  3.54807003e-03  3.02921125e-03
      2.03254016e-03]]]


  [[[ 9.87717226e-04  1.61676576e-03  1.37559507e-03  1.25519262e-03
      9.09664370e-04]
    [ 9.55864710e-04  1.25039075e-03  7.95786967e-04  1.06939182e-03
      6.70275619e-04]
    [ 8.58519131e-04  7.34918829e-04  4.04224822e-04  8.19592001e-04
      3.98125671e-04]
    [ 5.45796210e-04  2.81876186e-04  2.77475718e-04  6.01913593e-04
      2.78998737e-04]
    [ 4.28107025e-04  2.44723111e-04  3.97413924e-04  5.91357588e-04
      2.57386553e-04]]

   [[ 9.67708915e-04  1.54014140e-03  1.26966857e-03  1.14628140e-03
      8.10671257e-04]
    [ 9.30118639e-04  1.15864499e-03  7.49082113e-04  9.93197620e-04
      5.76948977e-04]
    [ 8.15561501e-04  6.46560145e-04  4.02770023e-04  7.63657980e-04
      3.34785074e-04]
    [ 5.03114743e-04  2.32692194e-04  2.87634283e-04  5.56174382e-04
      2.44890025e-04]
    [ 3.89269209e-04  2.21696930e-04  3.90297065e-04  5.36106777e-04
      2.28738637e-04]]

   [[ 6.01144142e-03  1.20100859e-02  7.28573765e-03  2.35594822e-03
      1.16071860e-03]
    [ 6.09810981e-03  1.11263818e-02  2.81827281e-03  8.73673741e-04
      1.90659489e-03]
    [ 6.46090168e-03  1.04628469e-02  1.45995251e-03  2.03416890e-03
      1.64327352e-03]
    [ 3.05807329e-03  3.18393129e-03  2.89990967e-04  1.08920937e-03
      1.14490212e-03]
    [ 2.03561736e-03  1.26474891e-03  1.05825741e-03  1.41287457e-03
      9.67467593e-04]]

   [[ 2.65682189e-02  4.33597997e-02  2.42660860e-02  6.46788263e-03
      5.16122724e-03]
    [ 3.50299137e-02  4.09746976e-02  9.19821807e-03  5.43020037e-03
      1.14914795e-02]
    [ 3.35499532e-02  3.19486198e-02  4.65237973e-03  1.17448843e-02
      1.77009460e-02]
    [ 1.32671721e-02  1.31647585e-02  6.79098174e-03  1.55830654e-02
      2.50902485e-02]
    [ 6.51019362e-03  5.56171051e-03  1.59683300e-02  2.63644691e-02
      2.63576915e-02]]

   [[ 1.23771542e-03  2.38533426e-03  2.04304815e-03  8.00517369e-04
      6.10984111e-04]
    [ 1.51564234e-03  1.89477829e-03  6.70212807e-04  2.48598110e-04
      5.65147814e-04]
    [ 1.07883356e-03  1.49196524e-03  2.13521354e-04  7.64821259e-04
      4.39825397e-04]
    [ 7.68650830e-04  6.17177642e-04  1.48614765e-04  4.74403441e-04
      3.46572559e-04]
    [ 7.32811304e-04  3.17745403e-04  4.98797008e-04  7.89817992e-04
      3.50232992e-04]]

   [[ 1.06637573e-02  1.32207585e-02  1.10287170e-02  8.14385696e-03
      5.04060468e-03]
    [ 1.00489612e-02  7.82620819e-03  5.15901802e-03  5.73050585e-03
      3.83996522e-03]
    [ 6.11307733e-03  2.57295965e-03  1.19541273e-03  4.43636395e-03
      5.16413377e-03]
    [ 2.87917878e-03  1.05751788e-03  1.71968527e-03  5.84226334e-03
      7.14833902e-03]
    [ 1.67924888e-03  2.00910349e-03  4.56978542e-03  7.88684824e-03
      8.05932309e-03]]]


  [[[ 4.05557630e-04  7.12298147e-04  6.65797967e-04  8.90195810e-04
      8.12332847e-04]
    [ 5.48837674e-04  7.63430974e-04  6.92267158e-04  1.02259771e-03
      8.28085118e-04]
    [ 6.30029677e-04  6.60557762e-04  6.52708764e-04  9.26592199e-04
      6.55581253e-04]
    [ 5.07182779e-04  4.09964548e-04  5.42848630e-04  6.61085091e-04
      4.22638714e-04]
    [ 3.73264666e-04  3.48770666e-04  5.12395651e-04  5.51859221e-04
      4.01913248e-04]]

   [[ 3.96972844e-04  6.64722077e-04  6.18842321e-04  8.19540698e-04
      7.45744476e-04]
    [ 5.30110864e-04  7.05411114e-04  6.57772880e-04  9.43736453e-04
      7.49337724e-04]
    [ 5.95615245e-04  5.98988710e-04  6.32370328e-04  8.54638048e-04
      5.89724697e-04]
    [ 4.64648830e-04  3.68425181e-04  5.21366512e-04  6.06575896e-04
      3.85448847e-04]
    [ 3.39576559e-04  3.25224082e-04  4.76848082e-04  4.95437410e-04
      3.69898419e-04]]

   [[ 4.00849219e-03  8.81917002e-03  2.71453855e-03  9.94831366e-04
      5.37186553e-04]
    [ 6.66550546e-03  1.04800053e-02  1.64009838e-03  7.40113110e-04
      8.21808367e-04]
    [ 7.51284835e-03  9.11941206e-03  4.63553778e-04  1.17063745e-03
      1.00331453e-03]
    [ 2.19497324e-03  2.21397620e-03  5.68290128e-04  1.27156146e-03
      6.09691394e-04]
    [ 3.44374383e-03  1.83641122e-03  1.36992621e-03  1.08384255e-03
      5.31063785e-04]]

   [[ 3.29400040e-02  4.06766346e-02  1.83309782e-02  6.66826710e-03
      5.13324534e-03]
    [ 4.21140488e-02  3.61857810e-02  8.88973402e-03  5.10396638e-03
      8.84282671e-03]
    [ 4.03900125e-02  2.91448672e-02  4.97320931e-03  9.56140929e-03
      1.28041406e-02]
    [ 1.61210447e-02  1.18467395e-02  7.25602787e-03  1.43980467e-02
      1.38825118e-02]
    [ 1.18906515e-02  5.62579264e-03  1.30888740e-02  1.87935160e-02
      1.70542982e-02]]

   [[ 6.61357163e-04  1.37840452e-03  6.89575719e-04  5.15136964e-04
      5.44528688e-04]
    [ 1.25369402e-03  1.32004989e-03  4.63504387e-04  4.51576703e-04
      4.70065007e-04]
    [ 1.30024728e-03  1.22442894e-03  2.81608771e-04  5.12501755e-04
      3.14857954e-04]
    [ 5.12997777e-04  5.34699960e-04  2.57501033e-04  4.76739345e-04
      1.83083209e-04]
    [ 1.12405721e-03  5.65005245e-04  5.55939312e-04  5.40976676e-04
      2.29822742e-04]]

   [[ 7.11754707e-03  6.97415733e-03  4.36016388e-03  3.82613303e-03
      4.43869602e-03]
    [ 7.05185652e-03  5.64075970e-03  3.94697488e-03  4.67920638e-03
      4.46822683e-03]
    [ 5.36851022e-03  3.07760005e-03  2.28758862e-03  3.47599844e-03
      4.02317273e-03]
    [ 2.31055803e-03  5.58765464e-04  5.86191553e-04  1.65925245e-03
      2.95558229e-03]
    [ 8.18468614e-04  9.97245991e-04  1.96295943e-03  2.81216108e-03
      3.38049512e-03]]]


  [[[ 3.20230890e-04  3.40945561e-04  1.87887608e-04  2.28777604e-04
      1.53288686e-04]
    [ 2.08626943e-04  1.39092327e-04  1.68116940e-04  4.52208982e-04
      2.92802945e-04]
    [ 1.42601965e-04  5.35978889e-05  3.94361460e-04  7.53700413e-04
      5.72557769e-04]
    [ 7.96052782e-05  1.54526466e-04  7.09842799e-04  9.98638603e-04
      9.46935465e-04]
    [ 7.24916686e-05  2.42409902e-04  7.00644473e-04  9.97434131e-04
      1.04805644e-03]]

   [[ 3.13449495e-04  3.15890456e-04  1.73233304e-04  2.07240207e-04
      1.32833586e-04]
    [ 2.02033213e-04  1.22135317e-04  1.74887842e-04  4.13193886e-04
      2.58071724e-04]
    [ 1.35750793e-04  4.67302815e-05  4.06056105e-04  6.93310123e-04
      5.24609203e-04]
    [ 7.88325949e-05  1.59821553e-04  6.95804962e-04  9.30920457e-04
      8.94098939e-04]
    [ 7.98141513e-05  2.52511786e-04  6.75620121e-04  9.29589214e-04
      9.89295393e-04]]

   [[ 3.52442724e-03  1.04468842e-02  5.75609514e-03  1.18450226e-03
      5.75090934e-04]
    [ 5.51247526e-03  1.20375614e-02  1.73219507e-03  6.85064381e-04
      1.97655882e-03]
    [ 9.77734907e-03  1.14637206e-02  5.35430141e-04  2.32793415e-03
      1.85103796e-03]
    [ 3.25762239e-03  2.81840916e-03  4.44131839e-04  9.90498623e-04
      6.28804000e-04]
    [ 3.93514475e-03  2.64676169e-03  8.52898508e-04  7.82835409e-04
      5.83580370e-04]]

   [[ 3.48299282e-02  5.16676547e-02  2.40217975e-02  6.37743428e-03
      3.34457594e-03]
    [ 4.34045470e-02  4.16189030e-02  6.95447218e-03  5.76990585e-03
      7.69671593e-03]
    [ 5.28703588e-02  3.31864781e-02  3.89974370e-03  9.86920865e-03
      1.00008073e-02]
    [ 2.51133849e-02  1.23647751e-02  1.48475700e-03  4.96423323e-03
      7.13327854e-03]
    [ 1.55174761e-02  5.38448896e-03  2.08458457e-03  5.49935537e-03
      6.75911559e-03]]

   [[ 5.99911818e-04  1.30743051e-03  9.73118065e-04  2.89675014e-04
      7.51281965e-05]
    [ 7.06830308e-04  8.83056848e-04  1.22185488e-04  1.81856079e-04
      4.66316133e-04]
    [ 1.38139506e-03  9.18271386e-04  2.49612572e-04  1.06082505e-03
      6.81347657e-04]
    [ 6.51303814e-04  3.85123455e-04  4.46365280e-04  7.50559606e-04
      6.69347647e-04]
    [ 1.08232951e-03  5.07609601e-04  6.80158692e-04  9.12810811e-04
      7.23546591e-04]]

   [[ 8.77946912e-03  6.60123064e-03  4.31546742e-03  2.27533322e-03
      1.45996693e-03]
    [ 6.34315434e-03  2.19968800e-03  2.43353470e-03  3.10344423e-03
      1.87532072e-03]
    [ 3.57769788e-03  4.09900781e-04  2.82495615e-03  5.91412892e-03
      6.45100430e-03]
    [ 1.98510556e-03  6.33991958e-04  3.59389104e-03  7.20363109e-03
      9.60937858e-03]
    [ 2.14807026e-03  1.55516360e-03  4.53292737e-03  8.16287252e-03
      1.12966057e-02]]]


  [[[ 1.19286233e-04  1.71471244e-04  1.22311190e-04  8.48323178e-05
      3.04296387e-05]
    [ 1.12694954e-04  1.33662429e-04  6.22545689e-05  6.94524864e-05
      3.08568999e-05]
    [ 1.04165073e-04  8.09900115e-05  3.09457503e-05  5.10669341e-05
      3.61554993e-05]
    [ 1.07326765e-04  4.63896001e-05  1.49984799e-05  3.37651811e-05
      3.53149111e-05]
    [ 5.83054579e-05  2.25452944e-05  1.71797467e-05  5.69565603e-05
      3.49884352e-05]]

   [[ 1.19066318e-04  1.61185347e-04  1.10440509e-04  7.04034277e-05
      3.09471588e-05]
    [ 1.09867896e-04  1.20155400e-04  5.79486825e-05  5.95269532e-05
      3.13985195e-05]
    [ 1.02531017e-04  6.96045763e-05  3.04017403e-05  4.64939929e-05
      3.62856963e-05]
    [ 1.00704945e-04  4.10109362e-05  1.46176171e-05  3.18488985e-05
      3.58086352e-05]
    [ 5.14258932e-05  1.96722805e-05  1.77685934e-05  5.27838332e-05
      3.43217242e-05]]

   [[ 8.84846641e-04  1.05378763e-03  4.15522266e-04  5.15239374e-05
      1.90247507e-05]
    [ 1.14184662e-03  1.15043889e-03  2.06293922e-04  2.69600884e-05
      1.62945115e-05]
    [ 3.41126107e-04  1.81198641e-04  1.54171474e-05  1.91146603e-05
      2.08008347e-05]
    [ 3.51088484e-04  4.50860613e-05  1.00825456e-05  1.94932618e-05
      2.28930352e-05]
    [ 8.94613555e-05  5.57608350e-05  4.47557849e-05  3.01465387e-04
      1.70732060e-04]]

   [[ 4.04748436e-03  3.78271685e-03  1.33787874e-03  4.16795124e-04
      6.83038447e-04]
    [ 2.49791902e-03  3.63730002e-03  4.61575253e-04  4.13620858e-04
      1.01351917e-03]
    [ 1.68508903e-03  4.81973281e-04  2.71758840e-04  7.57202484e-04
      1.25977685e-03]
    [ 1.04690016e-03  2.46291539e-04  4.42735975e-04  1.18228426e-03
      1.59364277e-03]
    [ 7.07228558e-04  6.55675344e-04  1.09021373e-03  1.89605781e-03
      1.05411133e-03]]

   [[ 1.48789413e-04  1.64328995e-04  7.08802391e-05  6.12526365e-05
      1.90453137e-05]
    [ 1.79239069e-04  2.10724516e-04  5.19826738e-05  3.28262837e-05
      2.22637290e-05]
    [ 1.10721446e-04  8.28319423e-05  1.69563639e-05  2.12140621e-05
      2.19384039e-05]
    [ 1.35948499e-04  3.49402738e-05  1.08246383e-05  2.84704711e-05
      2.10942881e-05]
    [ 4.94606499e-05  3.74502873e-05  1.89281105e-05  2.43345891e-04
      1.38527394e-04]]

   [[ 1.19122519e-03  1.29525103e-03  1.04447714e-03  5.07989431e-04
      6.48810087e-04]
    [ 8.86333064e-04  6.64250502e-04  3.60473864e-04  4.83749949e-04
      6.85710120e-04]
    [ 8.22468177e-04  5.31619727e-04  2.23390588e-04  4.21831034e-04
      9.56036223e-04]
    [ 5.21398526e-04  1.90338167e-04  1.66145415e-04  5.04916158e-04
      1.04726269e-03]
    [ 5.21178869e-04  2.90447846e-04  4.36341113e-04  5.96439240e-04
      8.68293677e-04]]]


  [[[ 1.17945974e-04  2.71586317e-04  1.40180761e-04  5.50205008e-05
      1.08414101e-04]
    [ 2.83299361e-04  4.27439898e-04  2.56819314e-04  1.51709543e-04
      1.08556885e-04]
    [ 3.12120404e-04  3.85762017e-04  3.05660846e-04  2.40657442e-04
      1.10109113e-04]
    [ 2.04868699e-04  3.22797774e-04  3.57180177e-04  3.01528393e-04
      9.90012976e-05]
    [ 1.99007765e-04  3.39188921e-04  3.31254188e-04  2.04874733e-04
      1.24475233e-04]]

   [[ 1.14910706e-04  2.49831746e-04  1.21063370e-04  5.01343059e-05
      1.12084231e-04]
    [ 2.86795452e-04  3.90646457e-04  2.26523322e-04  1.34868559e-04
      1.12767842e-04]
    [ 3.06695181e-04  3.56890167e-04  2.76740418e-04  2.13401053e-04
      1.14376982e-04]
    [ 1.98443570e-04  3.06783480e-04  3.36524377e-04  2.71656753e-04
      9.34869202e-05]
    [ 1.94115590e-04  3.23142103e-04  3.04924277e-04  1.82937240e-04
      1.16440202e-04]]

   [[ 3.36858994e-03  2.47777385e-03  8.09599329e-04  4.89914562e-04
      3.67660757e-04]
    [ 1.42816827e-03  2.87406628e-03  1.12484011e-03  2.45079062e-04
      4.20742214e-04]
    [ 1.03362853e-03  1.80309394e-03  7.00688242e-04  9.00981786e-04
      6.25537324e-04]
    [ 3.65829590e-04  5.44237841e-04  9.99802636e-04  2.35287269e-03
      4.63898749e-04]
    [ 7.75978631e-04  3.73501586e-04  1.50188512e-03  1.20480779e-03
      5.32534709e-04]]

   [[ 9.75059559e-03  1.06454358e-02  5.60671805e-03  3.47232478e-03
      4.81554281e-03]
    [ 7.02361544e-03  9.63227790e-03  5.07923504e-03  2.68738265e-03
      5.19858422e-03]
    [ 4.97761053e-03  4.18663420e-03  3.92664496e-03  5.87729614e-03
      5.13704433e-03]
    [ 2.31814300e-03  2.93941279e-03  8.10109590e-03  1.20066396e-02
      4.94773278e-03]
    [ 4.05455574e-03  2.74225162e-03  8.75980809e-03  6.67945727e-03
      8.20300667e-03]]

   [[ 4.32105134e-04  2.75379340e-04  2.29808517e-04  1.17367674e-04
      9.81652451e-05]
    [ 2.37452315e-04  3.99630919e-04  2.05569836e-04  2.04639382e-04
      1.31263567e-04]
    [ 3.40220397e-04  7.44214952e-04  5.16124665e-04  4.61696699e-04
      2.18516507e-04]
    [ 1.58248548e-04  3.73825732e-04  4.63287536e-04  9.11128029e-04
      3.55846389e-04]
    [ 1.61922323e-04  2.11263166e-04  4.24104325e-04  3.90644797e-04
      2.01674567e-04]]

   [[ 2.20185291e-03  3.31113659e-03  2.36207343e-03  1.53770986e-03
      3.56542519e-03]
    [ 2.55451617e-03  2.52007226e-03  1.46291614e-03  1.34889918e-03
      3.08314598e-03]
    [ 1.75890388e-03  2.14170503e-03  2.03803601e-03  1.95499723e-03
      2.39518602e-03]
    [ 1.07572017e-03  2.53436765e-03  2.53848192e-03  1.71679193e-03
      1.94434916e-03]
    [ 1.71806393e-03  2.85330423e-03  2.24907788e-03  1.61814971e-03
      2.01844548e-03]]]


  [[[ 2.55331994e-04  3.47768721e-04  1.63819752e-04  7.46500432e-05
      3.31450888e-05]
    [ 3.70378195e-04  4.52841847e-04  2.47975587e-04  1.52278844e-04
      3.61393845e-05]
    [ 3.81072719e-04  4.15455996e-04  2.75210578e-04  1.87955314e-04
      3.55783016e-05]
    [ 2.79716182e-04  3.31515296e-04  2.55790219e-04  2.00727282e-04
      5.17418364e-05]
    [ 2.45830917e-04  3.15611491e-04  2.52087582e-04  1.87303900e-04
      1.07458496e-04]]

   [[ 2.39869624e-04  3.16220298e-04  1.39017477e-04  6.47268379e-05
      3.30732060e-05]
    [ 3.62390396e-04  4.11951530e-04  2.14827845e-04  1.32110635e-04
      3.18430251e-05]
    [ 3.68768293e-04  3.83672366e-04  2.41445012e-04  1.64222972e-04
      3.12856748e-05]
    [ 2.66412198e-04  3.12051386e-04  2.31939197e-04  1.79139198e-04
      4.29372313e-05]
    [ 2.32725706e-04  2.96564497e-04  2.30556890e-04  1.67813128e-04
      9.37724995e-05]]

   [[ 2.98985080e-03  1.99151101e-03  7.97149548e-04  4.31919740e-04
      2.02576960e-04]
    [ 1.25347682e-03  2.04748557e-03  1.05149571e-03  2.64949382e-04
      4.45827290e-04]
    [ 5.63810355e-04  7.81326371e-04  8.12981790e-04  4.31753697e-04
      5.64118664e-04]
    [ 1.92447466e-04  3.37762378e-04  7.07224706e-04  1.28310372e-03
      2.79056420e-04]
    [ 4.55629867e-04  1.56672358e-04  5.73977611e-04  6.37260276e-04
      2.75879610e-04]]

   [[ 6.71714159e-03  8.24301079e-03  6.88770803e-03  3.13736669e-03
      4.16537548e-03]
    [ 5.04445573e-03  7.39272544e-03  5.69625756e-03  3.13377540e-03
      6.89450506e-03]
    [ 4.11796518e-03  4.34928194e-03  5.73261539e-03  5.62081347e-03
      7.36940586e-03]
    [ 3.02923703e-03  4.30359897e-03  7.20678987e-03  9.86406226e-03
      4.83644679e-03]
    [ 2.52603502e-03  2.34582794e-03  5.32773007e-03  6.13087554e-03
      4.48951407e-03]]

   [[ 5.25005000e-04  3.08867224e-04  1.44173913e-04  7.75324188e-05
      3.23042820e-05]
    [ 2.60127862e-04  3.92428881e-04  2.77872999e-04  1.32523962e-04
      1.01701794e-04]
    [ 2.32377097e-04  5.58760498e-04  5.23323344e-04  2.93924863e-04
      1.69061218e-04]
    [ 1.44734912e-04  3.61883301e-04  3.47625049e-04  5.71193627e-04
      2.52835850e-04]
    [ 2.08828578e-04  2.32742897e-04  2.11900973e-04  2.73340386e-04
      1.59947451e-04]]

   [[ 2.21096292e-03  2.99153788e-03  1.44898219e-03  3.58733763e-04
      1.44719237e-03]
    [ 2.69486932e-03  2.75363364e-03  1.17304558e-03  8.08036714e-04
      1.67903285e-03]
    [ 2.38140106e-03  2.68030436e-03  1.46744033e-03  1.21721238e-03
      1.61015991e-03]
    [ 1.39210168e-03  2.34353935e-03  1.67662921e-03  9.96528569e-04
      1.05971058e-03]
    [ 1.62388819e-03  2.22190565e-03  1.66671450e-03  1.03774567e-03
      7.68780864e-04]]]


  [[[ 1.10532191e-04  2.50498361e-04  1.46766966e-04  3.91166804e-05
      8.64476962e-05]
    [ 1.51855793e-04  3.53182477e-04  1.94367676e-04  6.78882456e-05
      1.37473692e-04]
    [ 1.26611274e-04  2.79865252e-04  1.81466818e-04  7.98015021e-05
      1.64412397e-04]
    [ 5.89890383e-05  1.49153439e-04  1.10040004e-04  7.45870874e-05
      1.08128908e-04]
    [ 6.02726488e-05  1.08597397e-04  9.53223508e-05  9.70221060e-05
      6.73847200e-05]]

   [[ 1.06151567e-04  2.31750885e-04  1.22918604e-04  3.47744542e-05
      9.23281213e-05]
    [ 1.59093860e-04  3.26380235e-04  1.64089445e-04  6.22777239e-05
      1.46147175e-04]
    [ 1.31902182e-04  2.60597009e-04  1.55991940e-04  7.39428365e-05
      1.76017276e-04]
    [ 5.93240823e-05  1.39575251e-04  9.72530000e-05  6.93849639e-05
      1.13680904e-04]
    [ 5.98000514e-05  1.01607123e-04  8.75066703e-05  8.87845647e-05
      6.60912149e-05]]

   [[ 7.28502743e-03  2.16362839e-03  6.85914150e-04  1.71716964e-04
      9.28625805e-05]
    [ 1.29359619e-03  1.13024216e-03  3.95190576e-04  7.37600504e-05
      5.28651206e-05]
    [ 4.79763059e-04  2.88481119e-04  2.51752951e-04  2.14797278e-04
      5.26198108e-05]
    [ 1.09858343e-04  8.12014056e-05  3.57163235e-04  4.60137426e-04
      1.28421347e-04]
    [ 3.27909373e-04  8.90498093e-05  3.35832967e-04  2.01844277e-04
      2.19832932e-04]]

   [[ 1.45797433e-02  5.17829333e-03  7.27199349e-03  2.38141791e-03
      1.96633940e-03]
    [ 4.25075713e-03  4.75562681e-03  4.40908269e-03  2.51521764e-03
      3.09188021e-03]
    [ 2.58594773e-03  1.69397061e-03  3.22325634e-03  2.68218614e-03
      2.93994586e-03]
    [ 1.67380346e-03  8.78102808e-04  2.81080902e-03  2.92194889e-03
      2.26057266e-03]
    [ 3.19613202e-03  7.33177538e-04  2.61929237e-03  2.46536795e-03
      2.91043637e-03]]

   [[ 1.46652982e-03  3.07401697e-04  1.79086929e-04  4.30408295e-05
      7.71286300e-05]
    [ 2.39959387e-04  1.69719678e-04  1.65143696e-04  5.00866362e-05
      6.42107595e-05]
    [ 2.08402774e-04  2.35606824e-04  1.95316607e-04  1.30130134e-04
      5.70820100e-05]
    [ 3.64177360e-05  1.12416551e-04  1.38622881e-04  3.12350545e-04
      1.43652214e-04]
    [ 6.36809094e-05  7.82743644e-05  1.11329781e-04  1.84675519e-04
      9.52097843e-05]]

   [[ 1.36609697e-03  2.63149666e-03  1.71692354e-03  8.15404983e-04
      2.10910272e-03]
    [ 1.41079406e-03  2.59167732e-03  1.63820874e-03  1.24803031e-03
      3.15382569e-03]
    [ 6.61778560e-04  1.76881142e-03  1.40930677e-03  1.40777202e-03
      3.25425117e-03]
    [ 3.33159603e-04  8.41071482e-04  8.64146543e-04  1.00604533e-03
      2.27272387e-03]
    [ 9.34215661e-04  8.73981992e-04  8.15411207e-04  7.43651863e-04
      9.48841419e-04]]]


  [[[ 1.22520019e-04  8.88362029e-05  6.54867319e-05  9.67224327e-05
      6.04812059e-05]
    [ 7.31967864e-05  6.66655793e-05  5.05467866e-05  9.68363339e-05
      8.77807181e-05]
    [ 5.66544996e-05  9.84967910e-05  8.40973944e-05  1.21779101e-04
      1.41328078e-04]
    [ 5.88330858e-05  1.48657222e-04  1.15635820e-04  1.44201270e-04
      1.86348051e-04]
    [ 8.10338212e-05  1.54470879e-04  9.92353303e-05  1.54355637e-04
      1.46112559e-04]]

   [[ 1.12784378e-04  8.03202456e-05  5.99205314e-05  8.75045260e-05
      5.33615372e-05]
    [ 6.72827369e-05  5.95711597e-05  4.49937638e-05  8.72979401e-05
      7.54974703e-05]
    [ 5.45343225e-05  9.24732385e-05  7.43179361e-05  1.18364271e-04
      1.25126822e-04]
    [ 5.74999549e-05  1.42768857e-04  1.00410199e-04  1.45320447e-04
      1.68916565e-04]
    [ 7.87112285e-05  1.45998368e-04  8.82325741e-05  1.51933874e-04
      1.30515997e-04]]

   [[ 4.11208227e-03  2.01108262e-03  2.38624691e-04  1.17516995e-04
      6.65143539e-05]
    [ 2.37049203e-03  2.01069962e-03  1.97338560e-04  3.21994360e-05
      6.09943193e-05]
    [ 8.75534866e-04  1.18758007e-03  7.64230252e-05  2.58454382e-05
      9.51528341e-05]
    [ 5.32244033e-04  3.57381109e-04  8.49935641e-05  6.04414073e-05
      1.92253060e-04]
    [ 5.06769322e-04  1.53068575e-04  1.89707417e-04  1.98823865e-04
      2.49454546e-04]]

   [[ 1.67931821e-02  8.61064055e-03  1.37347138e-03  2.38077109e-03
      2.02895464e-03]
    [ 1.01501913e-02  7.32997877e-03  7.21689008e-04  9.36754182e-04
      1.04873879e-03]
    [ 4.73419645e-03  3.57703575e-03  3.69478097e-04  2.81481319e-04
      1.05355307e-03]
    [ 3.24733087e-03  9.51808237e-04  5.55476097e-04  4.04204208e-04
      2.06080536e-03]
    [ 2.98237161e-03  6.03331420e-04  8.06051037e-04  1.13753185e-03
      3.14420732e-03]]

   [[ 4.15749071e-04  8.69018487e-05  4.35287152e-05  8.16539783e-05
      6.02771360e-05]
    [ 1.33434935e-04  7.98241897e-05  7.64096287e-05  4.97751637e-05
      9.79741264e-05]
    [ 6.15665032e-05  2.94346379e-05  8.80193928e-05  5.29272585e-05
      1.11975778e-04]
    [ 1.25690004e-04  7.45124449e-05  1.05092792e-04  8.34213387e-05
      1.60751585e-04]
    [ 1.02710917e-04  1.44737447e-04  1.05688516e-04  1.50296094e-04
      1.79097598e-04]]

   [[ 8.13189521e-04  4.08401417e-04  7.62885768e-04  1.44497950e-03
      1.06317429e-03]
    [ 2.57524118e-04  3.00751289e-04  3.81435107e-04  1.40154017e-03
      1.11892312e-03]
    [ 1.96907482e-04  9.17727385e-04  4.33532223e-04  1.02120365e-03
      1.48777234e-03]
    [ 3.04389126e-04  1.27659243e-03  6.61634948e-04  7.72852914e-04
      1.42017237e-03]
    [ 6.01804180e-04  9.68360307e-04  6.00612590e-04  9.03025213e-04
      1.35059390e-03]]]


  [[[ 5.15992140e-04  8.39225479e-04  9.53094381e-04  1.29103563e-03
      1.11435558e-03]
    [ 5.90544564e-04  7.96858650e-04  8.59127960e-04  1.18766969e-03
      8.81905446e-04]
    [ 5.33454751e-04  5.66243055e-04  7.51010897e-04  1.01085053e-03
      6.03413679e-04]
    [ 3.34027091e-04  3.41926489e-04  7.79592281e-04  9.16667605e-04
      4.88666325e-04]
    [ 2.39906792e-04  3.87297090e-04  8.74158643e-04  9.13780689e-04
      5.36384229e-04]]

   [[ 4.97759904e-04  7.87415166e-04  9.01821603e-04  1.19651457e-03
      1.02057744e-03]
    [ 5.77575800e-04  7.44295613e-04  8.21531623e-04  1.09217593e-03
      7.96650303e-04]
    [ 5.11502819e-04  5.23565342e-04  7.26880848e-04  9.17527147e-04
      5.31582472e-04]
    [ 3.06598581e-04  3.24291611e-04  7.51973820e-04  8.28219592e-04
      4.29318079e-04]
    [ 2.22896374e-04  3.85699144e-04  8.23762543e-04  8.17461361e-04
      4.77383452e-04]]

   [[ 2.16476871e-03  8.42230861e-03  3.87309845e-03  1.45865550e-03
      7.18078049e-04]
    [ 7.56194100e-03  1.25636994e-02  2.58708406e-03  7.37914567e-04
      4.74276452e-04]
    [ 1.03474375e-02  1.14666785e-02  7.98870108e-04  4.19584479e-04
      2.52570445e-04]
    [ 4.93780443e-03  5.37032339e-03  5.98098376e-04  8.89221351e-04
      5.39820782e-04]
    [ 3.54956803e-03  2.97411385e-03  3.93165120e-04  8.33448383e-04
      6.52205317e-04]]

   [[ 4.06944575e-02  5.61778161e-02  2.92219041e-02  8.89574905e-03
      5.23592106e-03]
    [ 6.39029422e-02  5.68662488e-02  1.72941935e-02  5.18753046e-03
      5.74507129e-03]
    [ 6.47293503e-02  4.59739443e-02  7.44125302e-03  4.09351185e-03
      7.90872679e-03]
    [ 3.74697895e-02  2.55376334e-02  6.74841094e-03  9.12713501e-03
      1.30014292e-02]
    [ 2.72925704e-02  1.47798280e-02  9.04190218e-03  1.40820684e-02
      1.65746590e-02]]

   [[ 3.88239787e-04  1.02469977e-03  8.05066219e-04  8.09773279e-04
      7.10625802e-04]
    [ 1.07423364e-03  1.22068645e-03  5.29050855e-04  5.58620241e-04
      4.64448259e-04]
    [ 1.87888486e-03  1.21477643e-03  2.46202230e-04  6.55974716e-04
      3.85569415e-04]
    [ 7.18135618e-04  4.00730109e-04  4.65136311e-04  8.76796791e-04
      4.27892235e-04]
    [ 3.66148457e-04  2.22569368e-04  4.15784189e-04  7.93975849e-04
      4.26157097e-04]]

   [[ 1.21091490e-02  1.05089310e-02  6.94437770e-03  6.04963044e-03
      5.88407985e-03]
    [ 1.04917804e-02  7.20351542e-03  4.57634866e-03  4.17693301e-03
      3.59263241e-03]
    [ 6.71823470e-03  2.99329215e-03  2.19238254e-03  2.55304648e-03
      2.32705395e-03]
    [ 2.69582706e-03  4.48566395e-04  1.41188976e-03  2.26481929e-03
      2.57627514e-03]
    [ 8.96083787e-04  1.25481841e-03  3.56959471e-03  4.13226433e-03
      3.84318938e-03]]]]]