[[[[-1.36447885e-01 -1.34073321e-01  1.77641293e-01  4.11443116e-01
     3.19194593e-01]
   [-3.99314095e-01 -3.69104641e-01 -3.24137030e-02  2.84575439e-02
    -1.31580567e-01]
   [-1.00363815e-01 -8.78614454e-02 -1.91975498e-02 -3.06656247e-01
    -5.13066231e-01]
   [-1.30899718e-02  1.45939591e-02 -5.79567581e-02 -4.16035886e-01
    -4.80824420e-01]
   [ 1.42120175e-01  3.19865935e-01  3.41176567e-01  4.74304981e-02
    -7.57447823e-02]]

  [[-9.89896992e-02 -9.49812414e-02  2.21266323e-01  4.37104044e-01
     3.40268366e-01]
   [-3.58711273e-01 -3.34232305e-01 -1.86791869e-02  4.10943492e-02
    -1.03362862e-01]
   [-1.04080608e-01 -9.64577603e-02 -3.03945457e-02 -3.09618138e-01
    -5.06534162e-01]
   [-3.17067861e-02  1.73536974e-02 -3.83902986e-02 -3.97821473e-01
    -4.59723045e-01]
   [ 1.22332912e-01  3.08628587e-01  3.45111408e-01  5.93668576e-02
    -4.79803450e-02]]

  [[-1.26255823e-01 -2.25774320e-01  1.12737452e-01  4.15873697e-01
     3.68728975e-01]
   [-3.67541707e-01 -5.04733507e-01 -2.61241652e-01 -6.49612529e-02
    -1.20957789e-01]
   [-2.28894097e-01 -2.73069072e-01 -2.55858970e-01 -4.38276277e-01
    -4.47747326e-01]
   [-2.11004187e-01 -1.64722889e-01 -2.64793095e-01 -4.27051880e-01
    -3.60970208e-01]
   [ 4.53967655e-02  1.83295282e-01  3.02714413e-01  2.35578289e-01
     1.64610515e-01]]

  [[-1.03438916e-01 -1.26387168e-01  1.98795790e-01  4.79417515e-01
     4.19180415e-01]
   [-3.78866562e-01 -4.84186306e-01 -2.22323478e-01 -3.20497784e-02
    -5.76251833e-02]
   [-2.62862720e-01 -2.93374480e-01 -3.01380924e-01 -4.43206084e-01
    -4.05709579e-01]
   [-2.28182206e-01 -1.92112669e-01 -2.71556972e-01 -4.14356987e-01
    -3.21512477e-01]
   [-5.38964405e-03  1.32963143e-01  2.95135858e-01  2.07675467e-01
     1.68449422e-01]]

  [[-8.05413231e-02 -9.27195981e-02  2.44886354e-01  4.54463229e-01
     3.75872410e-01]
   [-3.27238510e-01 -3.65809926e-01 -1.34348289e-01 -1.60024793e-03
    -5.38421043e-02]
   [-1.81424549e-01 -1.96417808e-01 -1.61272112e-01 -3.36011442e-01
    -3.87209300e-01]
   [-1.92890024e-01 -1.59835716e-01 -2.58051184e-01 -4.21951329e-01
    -3.30060753e-01]
   [ 1.00144873e-02  1.48670575e-01  2.48499420e-01  1.72433375e-01
     1.49599517e-01]]

  [[ 2.34142851e-02  1.37972981e-01  4.01262396e-01  4.87408538e-01
     3.76055991e-01]
   [-6.81362347e-02  1.02713335e-01  2.94531681e-01  1.24755029e-01
    -3.91671012e-02]
   [ 9.68712660e-02  1.62863320e-01  7.88761796e-02 -4.13185706e-01
    -4.75836122e-01]
   [ 3.82973539e-01  2.73226812e-01 -8.02269180e-02 -5.46801508e-01
    -4.18528078e-01]
   [ 5.50535223e-01  3.59382718e-01  1.73883414e-02 -1.49705250e-01
     2.43911590e-02]]]


 [[[ 1.19454186e-01  1.21108519e-01 -1.61816805e-02 -1.86185750e-01
    -6.97484122e-02]
   [ 7.98890813e-02 -1.75565149e-02 -5.16147151e-01 -7.19510756e-01
    -7.80469853e-02]
   [ 1.94831773e-01  8.00655524e-02 -5.65758167e-01 -5.57895243e-01
    -1.52295517e-02]
   [ 1.88936571e-01  9.84185552e-02 -2.53727949e-01 -2.36465254e-01
     6.51311729e-03]
   [ 3.82101942e-01  3.91675625e-01  2.39864813e-01  1.47155651e-01
     1.10814003e-01]]

  [[ 9.24448270e-02  9.65979174e-02 -4.51343993e-02 -1.95612632e-01
    -5.99120293e-02]
   [ 6.36046276e-02 -4.47481041e-02 -5.42927428e-01 -7.08151463e-01
    -6.52181481e-02]
   [ 1.69946444e-01  3.68722203e-02 -5.83541722e-01 -5.51227502e-01
    -3.19922385e-02]
   [ 1.58772663e-01  6.87991267e-02 -2.58188266e-01 -2.50895766e-01
    -1.83293135e-02]
   [ 3.43187794e-01  3.53482982e-01  2.21043083e-01  1.31457854e-01
     9.61611843e-02]]

  [[-5.68192520e-02 -3.20634955e-03  2.44903475e-02 -1.70289734e-01
    -1.86374416e-01]
   [-8.53461441e-02 -8.75224326e-02 -4.14756660e-01 -7.10442453e-01
    -1.32556222e-01]
   [-6.10733430e-02 -5.64360225e-02 -5.50517311e-01 -5.06067121e-01
    -1.43459124e-01]
   [-2.21295279e-01 -2.16276353e-01 -5.32580427e-01 -5.07360374e-01
    -2.87932088e-01]
   [-3.82915197e-02  1.39377182e-02 -1.04497121e-01 -1.76729418e-01
    -2.48095927e-01]]

  [[-8.82845531e-02  2.39409935e-02  5.74375258e-02 -1.56094510e-01
    -1.63031688e-01]
   [-8.10215324e-02 -3.50819268e-02 -3.22399387e-01 -5.99009958e-01
    -1.44696007e-01]
   [ 1.07184130e-02  4.75698230e-02 -4.54936678e-01 -4.99287094e-01
    -2.15511820e-01]
   [-1.13650286e-01 -1.21106215e-01 -4.93492176e-01 -5.71102481e-01
    -3.96226018e-01]
   [-5.13593206e-03  4.89380431e-03 -1.67308854e-01 -2.42020007e-01
    -3.04159691e-01]]

  [[-1.05132081e-01 -5.64480673e-02 -6.48428136e-02 -2.35534650e-01
    -1.24416146e-01]
   [-9.04712102e-02 -1.12903203e-01 -4.70500456e-01 -6.80639999e-01
    -1.10177642e-01]
   [ 4.25127387e-02 -2.79877840e-03 -5.61805979e-01 -5.35952954e-01
    -1.74351871e-01]
   [-8.81550837e-02 -1.68800609e-01 -5.21038952e-01 -5.00495941e-01
    -2.98528362e-01]
   [ 4.73451473e-02  3.06929429e-02 -1.40006874e-01 -1.76117496e-01
    -2.11818285e-01]]

  [[ 1.25962850e-01 -1.77262400e-01 -4.31435033e-01 -2.69358214e-01
     1.02116684e-01]
   [ 2.52334392e-01 -2.47471887e-01 -7.44959984e-01 -4.83614125e-01
     8.75029845e-02]
   [ 5.36935117e-01  1.80005021e-02 -5.21461881e-01 -4.52571830e-01
    -4.45605709e-02]
   [ 8.04043299e-01  2.91258898e-01 -1.92968435e-01 -3.50586816e-01
    -2.00481749e-01]
   [ 9.87399445e-01  5.55754475e-01  1.70795345e-01 -7.29352172e-02
    -1.29422902e-01]]]


 [[[ 9.85298508e-02 -6.71240166e-02 -1.49380644e-01 -5.59217709e-02
     1.49558222e-01]
   [-5.59209047e-02 -2.42522877e-01 -4.59130874e-01 -2.47397682e-01
     1.51300603e-01]
   [ 6.12214159e-02 -1.78651313e-02 -2.83590885e-01 -2.22173207e-01
     2.49438427e-02]
   [ 1.31434305e-01  1.28243686e-01 -1.07525655e-01 -2.17220712e-01
    -1.07853179e-01]
   [ 3.87679428e-01  4.18774986e-01  1.90841637e-01 -1.51871704e-02
    -2.99991158e-02]]

  [[ 9.48738001e-02 -5.66116220e-02 -1.42024995e-01 -3.63918696e-02
     1.66733129e-01]
   [-5.04230898e-02 -2.39976421e-01 -4.51904612e-01 -2.29108690e-01
     1.63215756e-01]
   [ 5.55597272e-02 -3.68955450e-02 -2.90451491e-01 -2.30587681e-01
     2.82888841e-04]
   [ 1.07059873e-01  1.03289941e-01 -1.18816417e-01 -2.42452542e-01
    -1.30138718e-01]
   [ 3.44451638e-01  3.76453451e-01  1.69196935e-01 -3.05529614e-02
    -3.00846888e-02]]

  [[ 1.08605959e-01  2.11368695e-02  2.93584178e-04 -6.30549232e-02
     4.08531773e-02]
   [ 6.70606219e-02 -8.66916772e-02 -2.86139012e-01 -3.28302986e-01
     3.66458743e-02]
   [-2.27195756e-02  4.46365726e-02 -1.39430505e-01 -1.62466911e-01
    -7.06496340e-02]
   [-2.52695496e-01 -1.49477477e-01 -2.85524641e-01 -2.93460248e-01
    -2.66724848e-01]
   [ 2.40215420e-02  1.05602592e-01 -9.87827182e-03 -6.00891338e-02
    -1.36254732e-01]]

  [[ 1.29376625e-01  6.47432305e-02  2.72729207e-02 -9.08845598e-03
     8.17682105e-02]
   [ 6.39242725e-02 -7.35066616e-02 -2.56117426e-01 -2.63780125e-01
     2.48963699e-02]
   [ 3.36768501e-02  9.48394494e-02 -1.71431379e-01 -2.50875935e-01
    -2.05611791e-01]
   [-1.58575485e-01 -1.09363018e-01 -3.82068106e-01 -5.40571380e-01
    -3.94436674e-01]
   [ 1.86313365e-02  3.31347605e-02 -1.54632754e-01 -2.06167494e-01
    -1.54206428e-01]]

  [[ 2.30770865e-02 -5.22572141e-02 -7.37716906e-02 -1.01917085e-01
     8.33946061e-02]
   [ 9.35945301e-03 -1.20070168e-01 -3.46676823e-01 -3.13739767e-01
     5.35050753e-02]
   [ 6.99602420e-02  1.27586212e-01 -1.25554651e-01 -2.49555091e-01
    -1.40385019e-01]
   [-8.44382082e-02 -8.52449615e-02 -2.99182363e-01 -3.99590418e-01
    -3.38784059e-01]
   [ 9.54954152e-02  1.05331860e-01 -6.84698276e-02 -1.42045871e-01
    -2.05660044e-01]]

  [[ 7.58853508e-02 -2.61864559e-01 -3.30508656e-01  1.52869435e-02
     2.92075122e-01]
   [ 7.49219624e-02 -4.29052938e-01 -5.26948530e-01 -1.52974400e-02
     2.75161947e-01]
   [ 3.84558169e-01 -6.12068340e-02 -2.62551468e-01 -1.98085393e-01
    -5.08473452e-02]
   [ 7.02008187e-01  2.53295992e-01 -5.18436148e-02 -3.55944226e-01
    -3.52100518e-01]
   [ 8.86549490e-01  4.91583914e-01  1.27541695e-01 -1.94228666e-01
    -2.47458366e-01]]]


 [[[ 7.02135778e-02 -2.50618763e-02 -1.31368833e-01 -6.68239523e-02
     1.66492027e-01]
   [ 1.48412495e-02 -1.62002150e-01 -4.43239677e-01 -3.00962374e-01
     1.46698094e-01]
   [ 1.63588785e-01  3.23295956e-02 -4.09223788e-01 -3.55768311e-01
     2.11643768e-02]
   [ 1.30010182e-01  2.66461704e-02 -2.99672627e-01 -3.28333133e-01
    -6.74164122e-02]
   [ 3.18293884e-01  3.13893523e-01  1.22825433e-01  2.87813727e-02
     9.80388418e-02]]

  [[ 6.07199844e-02 -3.21962059e-02 -1.31510474e-01 -5.23705747e-02
     1.73143446e-01]
   [ 1.35254269e-02 -1.68982653e-01 -4.41063156e-01 -2.81930614e-01
     1.56635333e-01]
   [ 1.47879432e-01  9.82887474e-03 -4.24137891e-01 -3.60226180e-01
     3.66323028e-03]
   [ 9.85352614e-02 -2.09349865e-03 -3.15087037e-01 -3.47677394e-01
    -8.40532357e-02]
   [ 2.76071898e-01  2.72746536e-01  9.75530958e-02  1.61513401e-02
     9.96526145e-02]]

  [[ 1.22361103e-02  5.96079614e-02  3.80316908e-02 -9.21314875e-02
     3.87289728e-03]
   [ 1.56899846e-03 -5.42708632e-02 -2.53867444e-01 -3.65913711e-01
     1.87951256e-02]
   [-2.57850171e-02 -1.71575619e-02 -3.19183449e-01 -3.07643010e-01
    -1.10088070e-01]
   [-3.08331427e-01 -3.37523657e-01 -5.79332444e-01 -4.84609822e-01
    -3.03762674e-01]
   [-1.00603602e-01 -1.07375324e-01 -2.07395521e-01 -1.73591247e-01
    -1.04078305e-01]]

  [[ 5.17303183e-03  6.27678214e-02  2.24276796e-02 -9.13742987e-02
     1.85394875e-02]
   [-1.70863159e-03 -3.52441807e-02 -2.15600051e-01 -3.32017283e-01
     2.85912888e-02]
   [ 3.44064140e-02  5.82308782e-02 -3.16794772e-01 -3.47292074e-01
    -2.16541336e-01]
   [-2.04140408e-01 -2.54400182e-01 -6.37114984e-01 -6.64966979e-01
    -3.96506888e-01]
   [-7.90852566e-02 -1.19986295e-01 -3.04074495e-01 -2.92544025e-01
    -1.30710195e-01]]

  [[-4.80886472e-02 -1.97872789e-02 -6.15328173e-02 -1.31341038e-01
     4.13000139e-02]
   [-2.74396789e-02 -5.90548805e-02 -2.98405958e-01 -3.67726862e-01
     3.69479687e-02]
   [ 7.13150068e-02  5.29198113e-02 -3.45819758e-01 -4.21505686e-01
    -1.72209375e-01]
   [-1.61418179e-01 -2.94138475e-01 -6.06791425e-01 -5.71937690e-01
    -3.43461062e-01]
   [-2.18130869e-02 -4.04179839e-02 -1.93960434e-01 -1.86402025e-01
    -1.08885669e-01]]

  [[ 7.24799072e-02 -2.63855098e-01 -3.67568615e-01 -3.09832928e-02
     2.67703130e-01]
   [ 1.35389067e-01 -3.72825497e-01 -5.21131959e-01 -1.03163029e-01
     2.55267220e-01]
   [ 3.73389642e-01 -1.64976471e-01 -4.42451319e-01 -3.11671192e-01
    -5.06432102e-02]
   [ 5.81513315e-01  7.00866298e-02 -2.71423516e-01 -4.22798856e-01
    -3.26628569e-01]
   [ 8.23297763e-01  4.45462069e-01  1.32145280e-01 -6.67514907e-02
    -1.09208785e-01]]]


 [[[ 2.19742920e-02 -8.89310202e-03  9.46013175e-02  1.46645702e-01
     1.36933396e-01]
   [-4.46798894e-01 -5.25848202e-01 -4.27031550e-01 -3.70527928e-01
    -2.94979979e-01]
   [-3.33014522e-01 -2.55072429e-01 -1.61855651e-01 -3.60165846e-01
    -4.02819110e-01]
   [ 1.18745509e-01  2.95841252e-01  3.26526188e-01 -5.04559542e-02
    -2.57190332e-01]
   [ 5.22249778e-01  8.07940763e-01  7.28369878e-01  1.88718467e-01
    -9.65684009e-02]]

  [[ 2.34006228e-02 -5.11748742e-03  1.03179540e-01  1.67144966e-01
     1.49480474e-01]
   [-4.38226055e-01 -5.26048993e-01 -4.24142675e-01 -3.56453849e-01
    -2.82059828e-01]
   [-3.29849974e-01 -2.52142643e-01 -1.51876692e-01 -3.52887981e-01
    -4.07029201e-01]
   [ 1.06672144e-01  3.07123238e-01  3.45525606e-01 -3.75808012e-02
    -2.49949141e-01]
   [ 4.90748818e-01  7.90258870e-01  7.11847450e-01  1.80270881e-01
    -8.23804803e-02]]

  [[-9.76188993e-02 -1.44027938e-01  2.33803360e-02  1.05629206e-02
    -6.54872096e-03]
   [-4.54951824e-01 -6.75663953e-01 -6.15026578e-01 -6.01119443e-01
    -4.75582206e-01]
   [-3.29840264e-01 -3.36827220e-01 -3.45676351e-01 -4.89726132e-01
    -4.17631978e-01]
   [ 1.06544544e-01  1.56149644e-01  1.28652750e-01 -1.15306578e-01
    -1.92944741e-01]
   [ 4.53050174e-01  6.20862363e-01  6.28516220e-01  3.09177198e-01
     7.67473109e-02]]

  [[-4.58567610e-02 -3.76072457e-02  1.07052239e-01  9.26756659e-02
     8.11537259e-02]
   [-4.66432907e-01 -6.40236195e-01 -5.97049614e-01 -5.59557084e-01
    -3.82844385e-01]
   [-3.87683648e-01 -3.70995348e-01 -4.08069012e-01 -5.30682414e-01
    -3.90396762e-01]
   [ 5.15855643e-02  1.39997316e-01  1.20361335e-01 -1.05371105e-01
    -2.05546698e-01]
   [ 3.86682448e-01  6.17222800e-01  6.17505538e-01  2.58946611e-01
     2.88011252e-02]]

  [[-6.12746910e-02 -8.56178017e-02  9.72131454e-02  9.11734978e-02
     5.94984646e-02]
   [-4.33807984e-01 -6.00150506e-01 -5.19365467e-01 -4.95512539e-01
    -3.39852079e-01]
   [-2.53380750e-01 -2.47883795e-01 -2.37173778e-01 -3.65338317e-01
    -3.15551734e-01]
   [ 1.48985002e-01  2.10114294e-01  2.04763883e-01 -3.98628401e-02
    -1.39036233e-01]
   [ 4.67957796e-01  6.48597340e-01  5.89996663e-01  2.78462334e-01
     8.46562666e-02]]

  [[-7.39756176e-02 -3.72946863e-02  1.30988663e-01  1.46559249e-01
     1.12999927e-01]
   [-3.10001838e-01 -1.90814088e-01 -6.26762348e-03 -1.54433502e-01
    -2.10333003e-01]
   [ 8.76248100e-02  2.47682803e-01  2.85220130e-01 -1.86201780e-01
    -3.16393901e-01]
   [ 6.54266142e-01  7.24335619e-01  5.10788945e-01 -1.24679710e-01
    -2.71970670e-01]
   [ 7.73486120e-01  7.20227137e-01  3.59270296e-01 -1.41989767e-01
    -1.73996528e-01]]]


 [[[ 2.01555744e-01  5.23881230e-02 -8.48352993e-02  9.96545924e-02
     3.27988374e-01]
   [ 4.80789565e-03 -2.92304081e-01 -5.11862095e-01 -3.61704755e-02
     3.13796769e-01]
   [-7.79799412e-02 -2.72367962e-01 -3.63898025e-01  7.87184658e-02
     2.61294345e-01]
   [-1.51862556e-01 -9.29611964e-02  9.34246077e-03  1.22428530e-01
     1.23489311e-01]
   [ 2.01469529e-01  4.21869648e-01  4.56803956e-01  3.05958274e-01
     1.38775530e-01]]

  [[ 1.94594441e-01  4.21039461e-02 -7.45710300e-02  1.28575759e-01
     3.30008769e-01]
   [ 6.87469684e-03 -2.88155837e-01 -4.76237550e-01 -1.42073603e-02
     3.03850453e-01]
   [-8.38617593e-02 -2.78164808e-01 -3.50629828e-01  4.73351674e-02
     2.06555397e-01]
   [-1.77447812e-01 -1.17796961e-01 -7.07012034e-03  7.29208331e-02
     7.56272923e-02]
   [ 1.63869111e-01  3.86820654e-01  4.29318453e-01  2.63897542e-01
     1.14318348e-01]]

  [[ 2.27275215e-01  1.43621089e-01  9.52243013e-02  1.56039084e-01
     2.34693997e-01]
   [ 1.01973925e-01 -6.54409724e-02 -2.21098464e-01 -5.36208081e-02
     1.16464028e-01]
   [-1.66128915e-01 -1.60616272e-01 -1.51011587e-01 -4.16201017e-02
    -3.26023519e-02]
   [-4.44201235e-01 -3.05082150e-01 -1.20970120e-01 -9.21957682e-02
    -1.53106352e-01]
   [-1.33601235e-01  1.49769238e-02  1.22690039e-01  1.28927416e-01
    -6.49992715e-02]]

  [[ 2.69031254e-01  1.46135214e-01  6.70920478e-02  1.77962096e-01
     2.43697666e-01]
   [ 1.60253751e-01 -4.02438524e-02 -2.23943584e-01 -3.27679647e-02
     9.18407974e-02]
   [-4.97106547e-02 -9.49114885e-02 -2.16196044e-01 -1.33070965e-01
    -1.08255604e-01]
   [-3.22293940e-01 -2.59909366e-01 -2.33794282e-01 -2.04255931e-01
    -2.27662619e-01]
   [-1.31938458e-01  6.46107314e-03  3.33475000e-02  3.43837413e-02
    -8.13830605e-02]]

  [[ 1.71049013e-01  8.34171882e-02  3.93755008e-02  1.79678589e-01
     2.99530245e-01]
   [ 6.69474158e-02 -9.18437567e-02 -2.61115847e-01 -2.23534668e-02
     1.55428013e-01]
   [-9.11489291e-02 -1.28589839e-01 -1.76598935e-01 -5.14453192e-02
    -4.62633390e-02]
   [-3.14745570e-01 -2.75068619e-01 -1.21529957e-01 -9.07076054e-02
    -1.56192212e-01]
   [-5.33270556e-02  6.45690823e-02  1.43613504e-01  1.46609362e-01
    -1.81786005e-02]]

  [[ 1.34891987e-01 -3.55041448e-01 -2.55219886e-01  3.99209092e-01
     6.15362476e-01]
   [ 6.03659136e-02 -6.62899490e-01 -4.64889774e-01  3.45293757e-01
     4.84319287e-01]
   [ 8.88953761e-02 -5.28693164e-01 -2.31976360e-01  1.50813328e-01
     1.24220153e-01]
   [ 2.80588321e-01 -6.21141750e-02  1.15206500e-01  2.51006296e-02
    -6.88324463e-02]
   [ 6.96452858e-01  5.12262931e-01  4.74887339e-01  2.41113938e-01
     5.72895592e-02]]]


 [[[ 7.91166920e-02  2.88913628e-02  1.81387050e-01  2.34462286e-01
     1.62492541e-01]
   [-3.77230753e-01 -4.44748389e-01 -2.95896983e-01 -2.79578520e-01
    -2.63649615e-01]
   [-2.57168620e-01 -1.88478133e-01 -1.12696802e-01 -3.35480350e-01
    -4.50850109e-01]
   [ 9.25976799e-02  2.10425644e-01  2.16368010e-01 -1.68276447e-01
    -3.87168101e-01]
   [ 4.47242981e-01  6.48318965e-01  5.75372274e-01  5.28261925e-02
    -1.80278480e-01]]

  [[ 7.93749772e-02  3.41546588e-02  1.90076959e-01  2.45146865e-01
     1.69220647e-01]
   [-3.72139117e-01 -4.39044675e-01 -2.95073466e-01 -2.79795384e-01
    -2.61477867e-01]
   [-2.64945426e-01 -1.98095682e-01 -1.11824833e-01 -3.38533261e-01
    -4.68265733e-01]
   [ 7.73714003e-02  2.18829242e-01  2.33920833e-01 -1.67283334e-01
    -3.85454164e-01]
   [ 4.13782293e-01  6.32202485e-01  5.58759301e-01  4.04322950e-02
    -1.67367212e-01]]

  [[ 7.29211871e-03 -1.41318395e-01  1.66258819e-02  9.93127294e-04
    -8.18308805e-03]
   [-3.62996483e-01 -6.09622793e-01 -6.00567599e-01 -6.50902175e-01
    -4.86738745e-01]
   [-2.33517737e-01 -2.85613362e-01 -3.11920556e-01 -5.16801506e-01
    -4.92855269e-01]
   [ 6.96364770e-02  4.92380291e-02  3.09970071e-02 -2.24774550e-01
    -3.08063031e-01]
   [ 3.65356076e-01  4.83358058e-01  5.07366369e-01  2.34658263e-01
    -1.51492699e-02]]

  [[-6.17851817e-03 -6.85875903e-02  8.15756884e-02  5.14625152e-02
     2.77633514e-02]
   [-4.07853870e-01 -5.82890841e-01 -5.85055756e-01 -6.42865070e-01
    -4.52829259e-01]
   [-3.22455385e-01 -3.38755294e-01 -3.99423919e-01 -5.88853273e-01
    -5.26258190e-01]
   [-1.38516008e-02  2.43530300e-02  9.86076125e-03 -2.59583626e-01
    -3.48215786e-01]
   [ 2.70387603e-01  4.32572495e-01  4.67375229e-01  1.62207232e-01
    -7.11170932e-02]]

  [[ 3.42669701e-02 -8.11001577e-02  9.11875901e-02  1.07727960e-01
     7.39763208e-02]
   [-3.49312228e-01 -5.24516564e-01 -4.95957898e-01 -5.21921755e-01
    -3.92556206e-01]
   [-1.81347060e-01 -1.86564528e-01 -1.99482948e-01 -4.24738311e-01
    -4.44650152e-01]
   [ 1.14257323e-01  1.19463402e-01  8.42045637e-02 -2.25700025e-01
    -3.04590064e-01]
   [ 3.68856799e-01  4.77440032e-01  4.70110422e-01  1.61999822e-01
    -4.16021638e-02]]

  [[ 6.23775048e-02  9.93782437e-02  2.02744572e-01  1.66560549e-01
     8.52583145e-02]
   [-1.80103956e-01 -6.79919150e-02  5.63027385e-02 -2.14660017e-01
    -3.49314623e-01]
   [ 1.13108285e-01  2.23380662e-01  1.74485089e-01 -4.08701686e-01
    -5.79743657e-01]
   [ 5.72553842e-01  5.75396994e-01  2.88331669e-01 -4.10594537e-01
    -5.12155031e-01]
   [ 6.24379072e-01  5.39356067e-01  1.52333644e-01 -3.40210758e-01
    -3.18730601e-01]]]


 [[[-1.04801085e-01 -1.26286647e-01  1.61340860e-01  4.39972027e-01
     4.50340723e-01]
   [-3.88821981e-01 -3.65251141e-01 -4.48121407e-02  1.00082147e-01
    -2.68015362e-02]
   [-7.38796482e-02 -8.25662554e-02 -6.43999716e-02 -3.72218489e-01
    -5.39792239e-01]
   [ 4.42105383e-02 -2.86481948e-02 -2.23904746e-01 -6.44125683e-01
    -6.09853668e-01]
   [ 1.83098522e-01  2.18852910e-01  5.94423613e-02 -2.08116272e-01
    -1.53473861e-01]]

  [[-7.34275267e-02 -9.11145724e-02  1.96725812e-01  4.74861923e-01
     4.66319716e-01]
   [-3.48207484e-01 -3.30602261e-01 -2.68902059e-02  1.14720371e-01
    -7.17375331e-03]
   [-8.45794006e-02 -1.03599200e-01 -8.90538043e-02 -3.96468941e-01
    -5.46899706e-01]
   [ 1.35296575e-02 -4.70253015e-02 -2.28168861e-01 -6.47621408e-01
    -5.98042215e-01]
   [ 1.43667036e-01  1.88060986e-01  5.30267112e-02 -1.98305080e-01
    -1.24269841e-01]]

  [[-6.43886754e-02 -1.42326137e-01  6.98129404e-02  3.39920079e-01
     4.56987640e-01]
   [-3.09617065e-01 -4.59259667e-01 -2.97374507e-01 -9.86923681e-02
     1.00050439e-02]
   [-1.14654923e-01 -1.12852630e-01 -2.46542939e-01 -4.76372979e-01
    -3.59466123e-01]
   [-2.24076728e-02 -1.15447977e-01 -3.46534935e-01 -5.25882029e-01
    -2.99233340e-01]
   [ 1.67414103e-01  1.10907798e-01  4.99196104e-02  1.94351687e-01
     2.38200236e-01]]

  [[-6.22362961e-02 -9.93382919e-02  1.36954459e-01  4.14987361e-01
     4.98718814e-01]
   [-3.33306018e-01 -4.59859793e-01 -2.48102226e-01 -4.77965527e-02
     4.90216253e-02]
   [-2.19404159e-01 -2.25835924e-01 -3.35533274e-01 -5.08282575e-01
    -3.70696694e-01]
   [-1.38893764e-01 -1.97806271e-01 -4.36951465e-01 -5.45165550e-01
    -3.11056019e-01]
   [ 8.21036043e-02  4.03180531e-02  1.20760602e-02  1.39672909e-01
     2.41735978e-01]]

  [[-1.14832106e-02 -3.66675737e-02  2.10171375e-01  4.70291472e-01
     5.13819870e-01]
   [-2.34288063e-01 -3.25625538e-01 -1.39189886e-01  4.54513222e-02
     7.62049597e-02]
   [-2.87906645e-02 -7.67966939e-02 -1.77720872e-01 -3.87362964e-01
    -3.47784722e-01]
   [-1.79790401e-02 -1.41354632e-01 -3.64781038e-01 -5.34053444e-01
    -3.40370127e-01]
   [ 1.06978497e-01  7.13241285e-02  1.30754131e-02  1.29919315e-01
     2.10218743e-01]]

  [[-3.25792602e-02 -5.04207387e-03  3.21518153e-01  5.77952778e-01
     5.02659529e-01]
   [-1.79082202e-01 -9.18442233e-02  2.70340823e-01  2.64205831e-01
     7.37927085e-02]
   [-4.26355698e-02 -7.03206323e-02 -5.30860701e-02 -4.46930011e-01
    -4.99509094e-01]
   [ 1.87238149e-01  2.42585763e-05 -3.16558068e-01 -7.11180203e-01
    -5.22800176e-01]
   [ 3.67414874e-01  1.83897007e-01 -1.10635241e-01 -1.71168331e-01
     5.75517671e-03]]]


 [[[-4.98277291e-02 -2.98958288e-02  4.53811639e-02  1.93144094e-01
     2.79519935e-01]
   [-2.12330544e-01 -2.24236010e-01 -2.23803180e-01 -1.16730518e-02
     1.65804594e-01]
   [ 1.49634593e-02 -3.28366521e-02 -1.77034694e-01 -1.24358291e-01
    -4.08704826e-02]
   [ 6.99982585e-02  7.64070286e-02 -5.14880612e-02 -1.74078131e-01
    -1.53078287e-01]
   [ 2.33656183e-01  4.02152723e-01  3.64469387e-01  1.78262695e-01
     1.34071707e-02]]

  [[-2.66498102e-02 -7.90015562e-03  7.31203148e-02  2.26380148e-01
     2.97983381e-01]
   [-1.82722053e-01 -1.98329503e-01 -1.96908043e-01  1.28090847e-02
     1.70784651e-01]
   [ 7.28275765e-03 -4.40560178e-02 -1.73211523e-01 -1.38083917e-01
    -7.71392994e-02]
   [ 4.01022631e-02  5.59874129e-02 -5.35522643e-02 -1.91837413e-01
    -1.78883242e-01]
   [ 1.91191755e-01  3.70423894e-01  3.51983417e-01  1.63133231e-01
     1.02729816e-02]]

  [[ 1.00798617e-03  3.73368336e-02  1.25240255e-01  2.08879381e-01
     2.29459235e-01]
   [-1.00341651e-01 -1.71796150e-01 -3.54366610e-01 -2.53003196e-01
    -4.64322372e-02]
   [ 8.56995786e-02 -3.54773881e-02 -4.25512326e-01 -4.27744562e-01
    -2.51275604e-01]
   [-2.67213358e-02 -5.67259928e-02 -2.12338005e-01 -2.91853481e-01
    -2.10894529e-01]
   [ 1.01475930e-01  2.33236011e-01  3.39086671e-01  3.32561206e-01
     1.62335950e-01]]

  [[ 5.16688860e-02  9.63010829e-02  1.92228345e-01  3.06019405e-01
     3.19701507e-01]
   [-1.00555407e-01 -1.72426377e-01 -2.90228625e-01 -1.36435887e-01
     1.09360340e-02]
   [ 1.25471023e-03 -1.13675938e-01 -4.77395296e-01 -4.06270859e-01
    -2.65415751e-01]
   [-1.10747582e-01 -1.68197422e-01 -3.04134229e-01 -3.42460857e-01
    -2.48725788e-01]
   [-4.12465376e-03  1.14363164e-01  2.22571745e-01  2.62597636e-01
     1.18082909e-01]]

  [[ 7.54196114e-02  1.12601831e-01  2.25987220e-01  3.43515338e-01
     3.45456858e-01]
   [-5.71402947e-02 -8.78834419e-02 -2.17133500e-01 -4.75741005e-02
     1.02246887e-01]
   [ 1.47321089e-01  4.57963237e-02 -2.86456345e-01 -2.55756919e-01
    -1.71624905e-01]
   [ 6.13402602e-02 -4.62738293e-02 -1.95655565e-01 -2.43294229e-01
    -2.01399164e-01]
   [ 1.52811458e-01  2.29020324e-01  3.08265189e-01  3.32259686e-01
     1.65671968e-01]]

  [[ 2.12082770e-01  1.07313601e-01  2.44436632e-01  4.61713226e-01
     4.48242758e-01]
   [ 1.45699495e-01 -2.82683130e-02  1.27924660e-01  3.02660746e-01
     2.58690258e-01]
   [ 1.84422432e-01 -9.36031725e-02 -2.13943821e-02 -9.46440844e-02
    -1.11123019e-01]
   [ 4.17965269e-01  6.16715821e-02 -5.33822847e-02 -2.24307909e-01
    -1.78900147e-01]
   [ 6.81952338e-01  3.71330432e-01  2.09687408e-01  1.25961244e-01
     1.27487984e-01]]]


 [[[ 5.89224108e-02  7.04035055e-02  3.31838195e-01  7.85426443e-01
     7.47940881e-01]
   [ 2.50305927e-02 -3.24010231e-03  2.61582760e-01  5.74618743e-01
     3.96182392e-01]
   [ 1.81128564e-01 -7.69493838e-02 -1.35755986e-01 -8.70614162e-02
    -1.23596447e-01]
   [-1.70594021e-01 -3.88012287e-01 -4.38954227e-01 -3.30654452e-01
    -2.11429768e-01]
   [-1.60923774e-01  7.88230378e-02  2.42519365e-01  2.16004182e-01
     1.84562961e-01]]

  [[ 8.74545902e-02  1.05597501e-01  3.67650798e-01  8.12862327e-01
     7.46565667e-01]
   [ 5.88542374e-02  2.78661956e-02  2.90027804e-01  5.77298370e-01
     3.91135316e-01]
   [ 1.75043648e-01 -8.60436831e-02 -1.43416017e-01 -1.08940127e-01
    -1.43657847e-01]
   [-2.01292212e-01 -4.08460827e-01 -4.35996628e-01 -3.42666849e-01
    -2.22149387e-01]
   [-1.77587482e-01  6.31593021e-02  2.32073193e-01  2.02953064e-01
     1.80994448e-01]]

  [[ 2.11926359e-02 -2.69968454e-02  1.71193619e-01  5.67381830e-01
     5.89112653e-01]
   [ 1.18212550e-02 -9.26215493e-02  7.68767726e-02  3.37419395e-01
     2.25486187e-01]
   [ 1.04076598e-01 -1.56490683e-01 -2.98263061e-01 -2.78073840e-01
    -2.65242150e-01]
   [-2.70741404e-01 -4.43062121e-01 -4.94702829e-01 -4.92913499e-01
    -2.84994320e-01]
   [-3.08599504e-01  4.73005426e-02  2.21241428e-01  2.35391011e-01
     2.13392049e-01]]

  [[ 3.41985076e-02 -3.61952440e-02  1.64122235e-01  5.86174501e-01
     5.97418961e-01]
   [-5.66892207e-03 -1.30895616e-01  6.70733524e-02  3.43711018e-01
     1.77059523e-01]
   [ 4.64635338e-02 -2.40889302e-01 -3.63358493e-01 -3.79935073e-01
    -3.39706751e-01]
   [-3.87213470e-01 -5.73447881e-01 -6.38652153e-01 -5.53412501e-01
    -3.29806177e-01]
   [-3.66828186e-01 -6.31078351e-02  1.13557665e-01  1.81237365e-01
     2.13025249e-01]]

  [[ 7.99730031e-02  6.53475971e-02  2.97484633e-01  7.08049322e-01
     6.75545533e-01]
   [ 6.13286660e-02  1.07713076e-02  2.18122708e-01  4.92679167e-01
     3.11919677e-01]
   [ 1.21085061e-01 -1.04247614e-01 -1.85886707e-01 -2.11636303e-01
    -2.27193738e-01]
   [-2.96184207e-01 -4.87218188e-01 -5.30596845e-01 -4.82249928e-01
    -3.00834475e-01]
   [-2.71727223e-01 -7.32992540e-03  1.62912176e-01  2.31035161e-01
     2.11898877e-01]]

  [[ 1.53006661e-01  6.93770217e-02  5.27275431e-01  9.64953940e-01
     7.25548453e-01]
   [ 1.25145887e-01 -2.89670469e-02  6.27369475e-01  9.47714966e-01
     4.32395427e-01]
   [-1.85001790e-01 -5.39058958e-01 -9.34837864e-02 -7.71641861e-04
    -2.32403941e-01]
   [-3.85302509e-01 -7.79296786e-01 -5.21175723e-01 -3.89041921e-01
    -3.14317070e-01]
   [ 8.08077554e-02 -5.15343251e-02  1.25657515e-01  1.70485044e-01
     1.46400621e-01]]]


 [[[ 2.71435307e-02 -3.35326637e-02 -1.28963599e-02  2.17703193e-01
     3.92657250e-01]
   [-9.61922898e-02 -1.87639320e-01 -1.50631030e-01  1.03394872e-01
     2.54034016e-01]
   [ 7.43091696e-04 -1.08159182e-01 -1.89011288e-01 -1.44616348e-01
     8.90244057e-03]
   [-1.15716223e-01 -2.14589498e-01 -3.10188263e-01 -2.52712614e-01
    -3.61040671e-02]
   [ 2.18431831e-02  1.25997442e-01  1.77566290e-01  2.22840737e-01
     2.83831277e-01]]

  [[ 3.74167575e-02 -2.18774103e-02  5.06229114e-03  2.43101591e-01
     3.99285723e-01]
   [-7.46049511e-02 -1.68252759e-01 -1.31294191e-01  1.15269462e-01
     2.52266321e-01]
   [-5.68937267e-03 -1.14997636e-01 -2.04579381e-01 -1.63686560e-01
    -1.69085340e-02]
   [-1.48483799e-01 -2.38357790e-01 -3.29213581e-01 -2.72654303e-01
    -5.32618794e-02]
   [-2.01958930e-02  9.70501721e-02  1.68337431e-01  2.18005977e-01
     2.81938925e-01]]

  [[ 4.28375335e-02 -1.13852433e-01 -8.15775664e-02  9.04870185e-02
     2.24974586e-01]
   [-1.49784328e-01 -3.17093911e-01 -2.53610328e-01 -1.18173455e-01
     3.83339273e-03]
   [-1.51919298e-01 -2.08847480e-01 -2.31826631e-01 -3.67809778e-01
    -2.90412587e-01]
   [-3.89069966e-01 -4.74342400e-01 -5.40082016e-01 -4.42177794e-01
    -2.19829274e-01]
   [-3.71659303e-01 -2.79073118e-01 -8.25962592e-02  9.41132540e-02
     1.47837441e-01]]

  [[ 7.30642970e-03 -5.68642932e-02 -2.48083237e-02  1.26964787e-01
     2.53769620e-01]
   [-1.49362618e-01 -2.67721850e-01 -1.93330262e-01 -5.38872390e-02
     5.81543257e-02]
   [-1.81950895e-01 -2.06084267e-01 -3.30368598e-01 -4.20666569e-01
    -2.87316349e-01]
   [-4.78846759e-01 -6.08717664e-01 -7.02879237e-01 -5.45116148e-01
    -2.78972832e-01]
   [-4.28304645e-01 -3.20360195e-01 -1.47673283e-01  5.26543676e-02
     1.14628460e-01]]

  [[ 7.73088610e-03 -3.86257819e-02 -3.90761761e-03  1.67247992e-01
     2.72577394e-01]
   [-1.35282879e-01 -2.19347275e-01 -2.33199609e-01 -4.54671945e-02
     9.59046965e-02]
   [-1.52486856e-01 -1.31730167e-01 -3.06030110e-01 -3.83013525e-01
    -2.55681180e-01]
   [-3.92657891e-01 -4.92955829e-01 -5.65763644e-01 -4.64151898e-01
    -2.38465193e-01]
   [-2.71074028e-01 -1.89308295e-01 -5.19784999e-02  8.79500111e-02
     1.64783095e-01]]

  [[ 3.77661064e-02 -1.61563369e-01  1.70655972e-02  4.08125726e-01
     4.98807269e-01]
   [ 5.17379106e-02 -1.71726808e-01  1.69062067e-02  3.42067309e-01
     3.94552786e-01]
   [ 7.18443331e-02 -2.58113782e-01 -2.05534220e-01 -1.53890976e-01
    -6.61024019e-02]
   [ 1.11872510e-01 -2.08883693e-01 -2.28554172e-01 -2.90762964e-01
    -1.47796349e-01]
   [ 4.72018310e-01  3.11528036e-01  3.06082248e-01  2.58086517e-01
     2.66296560e-01]]]


 [[[ 1.80331437e-01  2.37266811e-01  1.66993972e-01  4.62620545e-02
    -1.96671491e-02]
   [ 1.62224192e-01 -6.26149232e-03 -4.48768247e-01 -5.41222977e-01
    -1.14508334e-01]
   [ 7.99153338e-02 -2.08299117e-01 -7.45322576e-01 -4.38705155e-01
     1.22877202e-01]
   [-1.36782950e-01 -2.42774395e-01 -2.56836767e-01  3.61856730e-02
     3.97156010e-01]
   [ 9.57836886e-02  3.70100785e-01  5.49556420e-01  6.07965372e-01
     5.78548334e-01]]

  [[ 1.72645405e-01  2.19148896e-01  1.43825825e-01  5.17131454e-02
     1.32694758e-03]
   [ 1.55992392e-01 -1.63312078e-02 -4.51373831e-01 -5.10730233e-01
    -9.73920031e-02]
   [ 7.40122289e-02 -2.25487765e-01 -7.24879517e-01 -4.15248902e-01
     1.12109330e-01]
   [-1.49746312e-01 -2.60855863e-01 -2.42933225e-01  2.84269735e-02
     3.73172249e-01]
   [ 8.10888565e-02  3.49534294e-01  5.39686594e-01  5.82465547e-01
     5.54049344e-01]]

  [[ 9.40214279e-02  1.28355688e-01  1.41244423e-01  5.94952887e-02
    -6.13700878e-02]
   [ 8.91404338e-02  9.44419994e-03 -2.90861115e-01 -4.18496838e-01
    -2.45640931e-01]
   [-8.98885235e-02 -2.30029278e-01 -5.44031722e-01 -3.46329569e-01
    -4.25538279e-02]
   [-3.89364857e-01 -4.05069525e-01 -3.93907073e-01 -1.38323925e-01
     1.29165020e-01]
   [-1.71650953e-01  9.22633459e-02  2.69254301e-01  3.19782589e-01
     2.90635417e-01]]

  [[ 1.16724330e-01  1.78716471e-01  1.82353464e-01  1.33380769e-01
    -1.88930175e-02]
   [ 1.31180949e-01  5.62027953e-02 -2.33777174e-01 -3.32093295e-01
    -1.99257855e-01]
   [ 2.71897618e-02 -1.37188731e-01 -4.78985214e-01 -3.35499915e-01
    -6.65326606e-02]
   [-2.73158122e-01 -3.43375977e-01 -3.64398098e-01 -1.63061000e-01
     8.53802507e-02]
   [-1.28718553e-01  4.28906946e-02  2.05972618e-01  2.69111327e-01
     2.47233494e-01]]

  [[ 5.97310695e-02  7.85518292e-02  8.26298531e-02  6.04031607e-02
     4.71681186e-03]
   [ 4.03098541e-02 -7.99751092e-02 -3.80788346e-01 -3.98937416e-01
    -1.47172748e-01]
   [-6.57729580e-02 -2.37233148e-01 -5.76170135e-01 -3.16688510e-01
     2.03287033e-02]
   [-3.32336841e-01 -3.98193812e-01 -3.86658628e-01 -1.22175553e-01
     1.93654448e-01]
   [-1.11224350e-01  6.06186934e-02  2.37390639e-01  3.35196471e-01
     3.40309160e-01]]

  [[ 1.54255426e-01 -2.10535252e-01 -3.54060789e-01 -1.18740175e-02
     3.07034700e-01]
   [ 1.52088637e-01 -5.56496517e-01 -9.19260361e-01 -3.24044490e-01
     2.33329251e-01]
   [ 1.18539343e-01 -6.49812458e-01 -7.77542917e-01 -2.06087030e-01
     3.27682905e-01]
   [ 2.30715911e-01 -2.99555106e-01 -1.88789151e-01  1.31340971e-01
     4.64841181e-01]
   [ 6.18696571e-01  3.27379229e-01  3.82954368e-01  4.46795632e-01
     4.81172895e-01]]]


 [[[ 1.31560644e-01  1.71135291e-01  1.36165651e-01  1.02741014e-01
     1.04111863e-01]
   [ 9.68842497e-02 -5.58860729e-02 -4.33895199e-01 -3.90540762e-01
     1.69567534e-02]
   [ 5.66669026e-02 -1.90100205e-01 -6.86971428e-01 -3.17575976e-01
     1.40147455e-01]
   [-1.43692578e-01 -1.87735179e-01 -2.00111243e-01  6.77913811e-02
     3.05979052e-01]
   [ 8.09086376e-02  3.93738129e-01  5.31287298e-01  5.70356777e-01
     4.60167657e-01]]

  [[ 1.27919389e-01  1.64375921e-01  1.32554765e-01  1.26511025e-01
     1.23368424e-01]
   [ 9.60656202e-02 -5.59015109e-02 -4.18350277e-01 -3.55969962e-01
     2.97294679e-02]
   [ 4.59140806e-02 -2.05357406e-01 -6.62956876e-01 -3.10543421e-01
     1.13684455e-01]
   [-1.65562424e-01 -2.06751791e-01 -1.94354858e-01  4.60729699e-02
     2.67754856e-01]
   [ 5.63992670e-02  3.63285624e-01  5.16992467e-01  5.42203692e-01
     4.27091652e-01]]

  [[ 7.78743922e-03  3.79132820e-02  9.71027575e-02  9.82717010e-02
     4.44115654e-02]
   [-3.62686027e-02 -7.05697218e-02 -2.91618908e-01 -3.06150445e-01
    -1.15558090e-01]
   [-1.28499539e-01 -2.08998959e-01 -4.06731329e-01 -2.21000407e-01
    -4.83717852e-02]
   [-3.99664519e-01 -3.51753269e-01 -2.24922000e-01 -5.92389052e-02
     5.38881623e-02]
   [-1.93003550e-01  1.26181965e-01  3.24230263e-01  3.58515518e-01
     2.53044162e-01]]

  [[ 3.07846277e-02  9.36771925e-02  1.40133830e-01  1.71057111e-01
     8.57791185e-02]
   [ 2.66748221e-03 -2.16407771e-02 -2.35438439e-01 -2.27537041e-01
    -1.12675065e-01]
   [-6.44066772e-02 -1.27519378e-01 -3.82535688e-01 -2.72894007e-01
    -1.21627177e-01]
   [-3.41322348e-01 -2.88923932e-01 -2.61738264e-01 -1.37350370e-01
    -1.95924516e-02]
   [-1.84009406e-01  7.91819727e-02  2.42501052e-01  2.91451166e-01
     1.95133034e-01]]

  [[ 3.60711341e-03  6.16816545e-02  1.13353177e-01  1.62673637e-01
     1.51663302e-01]
   [-4.14689416e-02 -1.03846939e-01 -3.18676834e-01 -2.22884881e-01
    -2.33296577e-02]
   [-1.00140817e-01 -1.96157061e-01 -4.51973293e-01 -2.16618570e-01
    -5.34007936e-03]
   [-3.56774273e-01 -3.29936690e-01 -2.59544632e-01 -7.32347041e-02
     9.22582200e-02]
   [-1.35130929e-01  1.21817767e-01  3.07846515e-01  3.64370760e-01
     2.87916924e-01]]

  [[ 1.88027526e-01 -9.04288753e-02 -1.36778734e-01  2.25254709e-01
     4.74663823e-01]
   [ 2.34892213e-01 -3.18719541e-01 -5.33256961e-01 -5.52498283e-02
     3.11124640e-01]
   [ 1.86779053e-01 -4.29376384e-01 -5.11883574e-01 -1.33330533e-01
     1.59916451e-01]
   [ 2.60445737e-01 -1.76843284e-01 -1.01150947e-01  5.51161420e-02
     2.27176984e-01]
   [ 6.18226387e-01  4.11221087e-01  4.37974726e-01  4.02333898e-01
     3.68054506e-01]]]


 [[[ 1.52901460e-01  2.88159605e-02 -4.09585494e-02  1.93273057e-01
     2.66944955e-01]
   [ 8.41209623e-03 -2.59420397e-01 -4.19956069e-01 -3.46221881e-02
     2.26700489e-01]
   [-9.19257779e-02 -2.38533596e-01 -2.88660939e-01  2.84158734e-02
     2.24956583e-01]
   [-2.00580369e-01 -1.02237825e-01  1.11137424e-02  1.13325567e-01
     2.24540464e-01]
   [ 1.67569787e-01  4.29644457e-01  4.77497666e-01  4.00680698e-01
     3.31659340e-01]]

  [[ 1.50282948e-01  2.90116205e-02 -3.05783743e-02  2.19045444e-01
     2.84707226e-01]
   [ 1.49743145e-02 -2.42435991e-01 -3.67094080e-01  3.61132208e-03
     2.32647649e-01]
   [-8.79036679e-02 -2.28977764e-01 -2.55843671e-01  2.07835791e-02
     1.90247696e-01]
   [-2.14046123e-01 -1.08837887e-01  1.86173154e-02  8.54190553e-02
     1.94990211e-01]
   [ 1.41422114e-01  4.09609235e-01  4.73761957e-01  3.77114813e-01
     3.11530935e-01]]

  [[ 1.31686071e-01  1.67923386e-05  3.93715022e-03  1.18087248e-01
     1.12725936e-01]
   [-3.71162773e-02 -2.42578964e-01 -3.47169510e-01 -1.53019256e-01
     1.34666242e-02]
   [-2.77201999e-01 -2.80819824e-01 -2.28139644e-01 -1.22952068e-01
    -6.11347594e-02]
   [-5.50899364e-01 -3.41599940e-01 -1.01983095e-01 -1.06579204e-01
    -4.41400119e-02]
   [-2.26661337e-01  7.42891652e-02  2.04325183e-01  2.28461701e-01
     1.46861112e-01]]

  [[ 1.46568796e-01 -4.32728828e-03  2.84253190e-02  1.81518217e-01
     1.63486811e-01]
   [ 2.13159183e-02 -2.00765993e-01 -2.77068223e-01 -9.75867027e-02
     5.49597482e-03]
   [-1.88731549e-01 -2.26819439e-01 -2.80852916e-01 -2.12001899e-01
    -1.23497486e-01]
   [-4.87567606e-01 -3.37882688e-01 -2.17905426e-01 -2.20088888e-01
    -1.10060175e-01]
   [-2.49425021e-01  5.42661940e-02  1.42426925e-01  1.25930042e-01
     1.01256688e-01]]

  [[ 9.49009235e-02 -4.80974569e-03  3.64934620e-02  1.95306818e-01
     2.20526499e-01]
   [-4.62129096e-02 -2.10614897e-01 -2.91087855e-01 -8.77559015e-02
     7.71128039e-02]
   [-2.02641265e-01 -2.10065331e-01 -2.12002295e-01 -1.13202802e-01
    -4.67381452e-02]
   [-4.25016790e-01 -2.77047565e-01 -1.11354733e-01 -9.23625879e-02
    -2.43295133e-02]
   [-1.32814827e-01  1.31835484e-01  2.30370154e-01  2.49068221e-01
     1.82694754e-01]]

  [[ 7.08602920e-02 -2.97480644e-01 -1.62475417e-01  3.52135094e-01
     5.23036328e-01]
   [ 1.87246645e-02 -5.20871959e-01 -3.45856780e-01  2.74097071e-01
     4.18905951e-01]
   [ 6.70109204e-03 -4.47767135e-01 -1.60528758e-01  1.20406310e-01
     1.24234358e-01]
   [ 1.75240426e-01 -5.73433750e-02  1.48322953e-01  5.39637400e-02
     1.48750220e-02]
   [ 5.84442963e-01  5.00139604e-01  5.05969961e-01  3.03369523e-01
     1.73425598e-01]]]


 [[[ 1.35099036e-01  4.41630135e-02 -6.28979806e-02 -3.83612691e-02
     1.12436271e-01]
   [ 4.18178790e-02 -1.63702235e-01 -4.81779173e-01 -2.99145356e-01
     1.46879292e-01]
   [ 1.14193518e-01 -8.40283126e-02 -5.54701524e-01 -2.34596048e-01
     1.48637889e-01]
   [ 2.18356333e-02 -8.81198836e-02 -2.91313506e-01 -1.26057103e-01
     8.42508348e-02]
   [ 1.83380767e-01  2.81914954e-01  2.18408912e-01  1.91537516e-01
     1.70653380e-01]]

  [[ 1.28720456e-01  4.23992968e-02 -6.27927458e-02 -1.53669286e-02
     1.30903466e-01]
   [ 4.20553864e-02 -1.66453701e-01 -4.73767274e-01 -2.60592057e-01
     1.60181384e-01]
   [ 1.01918584e-01 -1.08676379e-01 -5.48631133e-01 -2.25763839e-01
     1.25750319e-01]
   [-6.21723795e-03 -1.15300854e-01 -2.97165821e-01 -1.46434085e-01
     6.01589208e-02]
   [ 1.51841147e-01  2.45394138e-01  2.01148003e-01  1.74176393e-01
     1.61877683e-01]]

  [[ 8.41578315e-02  9.76372223e-02  1.01907154e-01 -8.33051735e-03
     3.30039209e-02]
   [ 1.41038200e-02 -5.52086111e-02 -2.85156421e-01 -2.90819511e-01
     2.57565399e-02]
   [-6.98785290e-02 -9.09822792e-02 -3.68460626e-01 -1.29245864e-01
    -6.64294755e-02]
   [-3.13407903e-01 -2.66665250e-01 -4.64577281e-01 -2.48371521e-01
    -2.05035841e-01]
   [-1.34389279e-01 -4.76109778e-02 -1.39488790e-01 -2.70328798e-02
    -9.19423617e-02]]

  [[ 9.97984626e-02  1.38221493e-01  1.25891169e-01  2.28165588e-02
     4.11710214e-02]
   [ 5.04847639e-02  5.94231015e-03 -1.93352029e-01 -2.10795984e-01
     2.92024709e-03]
   [ 7.25670458e-03 -1.60183318e-03 -3.17762311e-01 -2.23900484e-01
    -1.66468195e-01]
   [-2.11464111e-01 -2.15657655e-01 -5.52715835e-01 -4.25223135e-01
    -2.96875805e-01]
   [-1.12625739e-01 -8.75469000e-02 -1.97036478e-01 -1.20341473e-01
    -1.46620756e-01]]

  [[ 3.05465080e-02  5.27012614e-02  2.66389255e-02 -2.95239755e-02
     8.45022911e-02]
   [-1.17395400e-03 -7.55745595e-02 -3.24460425e-01 -2.66037372e-01
     3.39040772e-02]
   [ 2.58564366e-02 -5.84306505e-02 -4.35986523e-01 -2.46542454e-01
    -1.33144424e-01]
   [-1.87398983e-01 -2.53016461e-01 -5.15223008e-01 -3.31461355e-01
    -2.41614666e-01]
   [-5.15161323e-02 -1.18850637e-02 -1.03114534e-01 -3.20133291e-02
    -9.42557258e-02]]

  [[ 1.57629586e-01 -1.85762821e-01 -3.06678646e-01  3.30152552e-02
     3.02044713e-01]
   [ 1.84146768e-01 -3.64565639e-01 -5.98820194e-01 -6.06670955e-02
     2.81737643e-01]
   [ 3.23211365e-01 -2.66585686e-01 -5.22836663e-01 -1.66481949e-01
     1.92303728e-02]
   [ 4.98897573e-01 -3.29019808e-02 -2.09962855e-01 -2.31190156e-01
    -1.78533405e-01]
   [ 7.48538469e-01  4.02579129e-01  2.19463346e-01  8.71689069e-02
    -4.79332885e-02]]]


 [[[ 4.82544320e-02  6.47507242e-03  4.73190408e-02  2.58588857e-01
     3.64871583e-01]
   [-1.66664592e-01 -2.07116417e-01 -2.59091398e-01  9.99659650e-04
     1.68592807e-01]
   [-1.54299826e-02  1.94768254e-02 -5.28102321e-02 -1.02676357e-01
    -4.68906341e-02]
   [-2.34198636e-02  9.45762852e-02  4.28580645e-02 -6.75146566e-02
    -9.46207305e-02]
   [ 1.53124987e-01  3.94147930e-01  3.97995062e-01  2.34934816e-01
     5.72775551e-02]]

  [[ 7.62476136e-02  3.35402630e-02  7.03884317e-02  2.77965098e-01
     3.71627914e-01]
   [-1.23297512e-01 -1.66754259e-01 -2.24226334e-01  1.27943990e-02
     1.57372147e-01]
   [-1.11639615e-02  2.27834865e-02 -5.16874415e-02 -1.32084039e-01
    -8.53292516e-02]
   [-3.37897786e-02  8.28397815e-02  3.24278933e-02 -9.96972186e-02
    -1.22172408e-01]
   [ 1.37533528e-01  3.74329031e-01  3.74993632e-01  2.06339759e-01
     4.37968422e-02]]

  [[ 5.89255646e-02  5.28399877e-02  1.11535723e-01  1.91890243e-01
     2.25294752e-01]
   [-1.19655035e-01 -1.09361369e-01 -2.88530571e-01 -3.26754946e-01
    -1.62127590e-01]
   [-2.27187126e-02  1.37171591e-01 -1.36356463e-01 -4.48016698e-01
    -3.40432006e-01]
   [-1.03150129e-01  7.30651062e-02 -6.88354627e-03 -2.31852858e-01
    -2.32431587e-01]
   [ 8.15414509e-02  2.64038135e-01  3.00171712e-01  2.45598982e-01
     1.09669839e-01]]

  [[ 7.98308124e-02  5.70622947e-02  9.62317474e-02  2.11864760e-01
     2.43518143e-01]
   [-1.12815437e-01 -1.55898568e-01 -3.19331937e-01 -2.85927547e-01
    -1.58625909e-01]
   [-5.85309649e-02  2.02240789e-02 -2.77367597e-01 -4.95369425e-01
    -3.63217566e-01]
   [-1.56173741e-01 -4.87301866e-02 -1.81070884e-01 -3.21121190e-01
    -2.55781672e-01]
   [-2.38651642e-02  1.40582911e-01  1.70368949e-01  1.88543812e-01
     8.30329779e-02]]

  [[ 9.41965284e-02  1.17898056e-01  1.60018818e-01  2.81721040e-01
     3.03245379e-01]
   [-7.34316656e-02 -5.74984053e-02 -2.25869176e-01 -1.75733671e-01
    -5.10116065e-02]
   [ 2.80375683e-02  1.62816402e-01 -8.62343350e-02 -3.42942287e-01
    -3.07625899e-01]
   [-4.33454311e-02  7.79813223e-02 -1.46474546e-02 -2.22204306e-01
    -2.32277665e-01]
   [ 1.01293762e-01  2.64310167e-01  2.75961305e-01  2.64413762e-01
     1.38210913e-01]]

  [[ 1.44927635e-01 -8.02432062e-02  8.67186839e-02  4.09837486e-01
     4.22952680e-01]
   [ 3.83038101e-02 -2.99923350e-01 -8.74286579e-02  2.42710363e-01
     1.79854260e-01]
   [ 7.29199845e-02 -2.23540531e-01 -7.55576670e-02 -9.40334500e-02
    -1.81233812e-01]
   [ 2.97063430e-01  2.87114912e-02 -1.99251930e-02 -2.06378180e-01
    -2.17570259e-01]
   [ 5.66600111e-01  3.65527739e-01  2.69088780e-01  1.56975161e-01
     8.03696411e-02]]]]