[[ 0.16338908  0.72649406  0.25697328  0.20066793  0.16974361  0.36719888
   1.01246321  0.71373358  0.7612989   0.29864298  0.27743861  0.07627313
   0.28809673  0.10375908  0.12362892  0.63652186  0.90311681  0.79675015
   0.6373253   0.12835472  0.48244602  0.23449586  0.91939569  0.60721513
   0.62290001  0.29616723  0.66544167  1.06890667  0.44478458  0.11290311
   0.08655834  0.17016496  0.24926749  0.28389555  0.28159982  0.20516238
   1.09215424  0.40988583  0.21061775  0.64889065  0.3637394   0.16737011
   0.13321976  0.81517716  0.18404563  0.66623899  0.89948571  0.38337073
   0.86553764  0.1276591   0.91713542  0.80077929  0.59300258  0.7871222
   0.17052079  0.1728406   0.21974099  1.05602672  0.22007823  0.66910584
   0.8421746   0.75519167  0.33423516  0.19778253  0.23118915  1.03481038
   0.08732559  0.21052257  0.17807038  0.80493424  0.40821076  0.37641219
   0.28699165  0.23536361  0.81803742  1.04093021  0.29742446  0.69996722
   0.0897059   0.33808225  0.5841693   0.15016569  0.8772209   0.44255952
   0.28522531  0.06327528  0.72627439  0.26920316  0.87047327  0.25005347
   0.24859048  0.72530151  0.21397413  0.17782113  0.33423761  1.02031404
  -0.04686186  0.76595483  0.16857159  0.12795988  0.65953496  0.29963644
   0.81968929  0.85150893  0.16544453  0.14448148  0.88056706  0.83118868
   0.88613771  0.36006259  0.72057927  0.82432242  0.48994289  0.05365017
   0.15388851  0.65289567  0.91250723  0.60747278  0.21509073  0.22022569]]