[[ 0.5527457   0.14563092  0.47131821  0.55308494  0.87476239  0.60019685
   0.9091391   0.28848779  1.0808872   0.29695533  0.07986309  0.94596804
   0.92569422  0.75481742  0.31139697  1.13283112  0.41925297  0.77167183
   0.47129933 -0.04989375  0.49190051 -0.27691566  0.76070421 -0.10555485
   0.17246418  0.23988892  0.82440484  0.06699761  0.56824781  1.1127543
   0.59027561  0.55506413  0.94843247  0.62429731  0.8887987   0.64481962
   0.82941456  0.26801426  0.59276594  0.9066211  -0.24515741  0.2157035
   0.58456597  0.5509882   0.56545009  0.32082571  0.5272139   0.62234469
   0.38223554  0.43171658 -0.27213996  0.26224205 -0.05539796  0.8492632
   1.19470144  0.74864336  0.73000847  0.6887407   0.36626085  0.31250898
   0.74735906  0.05112038  0.52473553  0.78436524  1.08940779  0.93239988
   0.70793103  0.84002684  0.48650255  0.37387968  0.60622315  0.68139332
   0.1866719   0.05992471  0.12235606  0.46039746 -0.04497021  0.78935535
   0.79232008  0.20826252  0.49629248  0.68718667  0.05177148  0.19354666]]