[[[ 3.39458662e-05  3.54692565e-06 -2.46004576e-05  1.09480689e-05
   -3.77563922e-05  1.14254600e-05  2.04467015e-06  2.29277542e-07
    1.50781776e-05 -3.03728248e-05  2.07108494e-05 -2.10610317e-06
   -1.36720764e-05 -7.74547238e-07  6.66910081e-06  1.70269162e-06
    8.68572017e-07 -9.93288436e-06 -1.98054760e-05 -1.31744691e-06
   -2.23162605e-05  2.30070684e-05 -8.86838753e-06  1.29486162e-05
   -8.18959911e-06  2.55470503e-06  1.75223887e-05  1.40938658e-05
    4.35343103e-05 -2.69259748e-05 -1.08587782e-05 -1.30179264e-06
    4.68365677e-05 -1.18102870e-05  9.30578305e-06  6.03145713e-06
    3.64300739e-06 -3.61123045e-06 -3.28238332e-06 -6.83307842e-06
   -8.76682521e-06 -8.94877551e-06  1.18848948e-07  8.59687463e-08
   -3.19169073e-07  3.52963743e-06 -8.68659363e-06 -2.51164169e-05
    2.01865000e-06 -1.43687760e-05  1.97853867e-06  7.88399121e-06
   -6.75467843e-06 -5.28368592e-06  1.99709372e-06 -2.20119153e-05
    5.62274064e-06  2.95707375e-05  4.61042944e-06  4.02805821e-06
   -4.24282501e-05  1.73537867e-05 -1.90690067e-05 -7.46346808e-05
    6.17708752e-05 -9.18390788e-07 -2.05100177e-05  7.92565158e-05
    1.06924335e-05 -3.29267748e-05  1.66320167e-05 -9.61704650e-06
   -7.88402123e-06  5.24200448e-06  1.10844782e-05  4.32491343e-05
   -1.68186410e-06 -5.28160864e-06 -5.94935780e-05 -3.79151923e-06
   -1.40901406e-05  1.38900063e-05 -4.42968775e-05 -2.86972468e-05
    2.76343731e-06  8.41529318e-06 -4.74202268e-05  4.05948284e-06
    1.65689054e-05 -1.07197391e-05  1.21749292e-05 -4.90787883e-05
    6.35270157e-06 -3.69471293e-05  2.01662542e-06  1.29511883e-05
   -5.86981135e-06 -1.92566181e-05  9.20669094e-06 -9.51876153e-07
   -1.66199250e-06  2.53922330e-06 -2.88506796e-06  1.87052593e-06
   -5.46151773e-06 -2.39288755e-06  1.83839193e-06  1.03256555e-06
   -4.80770548e-05  2.18903650e-06 -7.57129946e-06  8.90108143e-07
    1.95339648e-06 -1.25044533e-06  6.17434120e-06 -9.27535258e-07
    7.33637788e-06 -8.32641988e-07 -5.89815839e-08 -6.63039373e-05]]

 [[ 1.33832800e-07  4.65162215e-08  3.42206543e-07  1.68536741e-07
    1.08764141e-07  6.77675736e-08  1.52331092e-07  5.88372153e-08
    7.65204198e-07  2.60562242e-07  2.04889767e-07  6.61128153e-08
    1.91311563e-07  8.54306282e-08  9.18268316e-08  3.13376394e-08
    1.25604464e-07  1.35468974e-07  2.10271895e-07  1.41746140e-07
    1.42683812e-07  1.59174243e-07  9.12995007e-08  1.41304067e-07
    1.36611281e-07  1.65569478e-07  9.10298803e-08  1.63977506e-07
    7.05004669e-07  6.25489977e-08  1.56042683e-07  1.37662252e-07
    1.29641116e-07  1.45261894e-07  6.16033319e-08  7.27546776e-08
    4.63134212e-08  1.03125230e-07  4.09512835e-08  1.96302755e-07
    9.74346401e-08  3.92391431e-07  3.03526962e-08  6.07694198e-08
    1.19957728e-07  1.36173790e-07  5.41071924e-08  1.71478950e-07
    1.01118815e-07  4.51393457e-07  1.08931548e-07  2.28515775e-07
    1.12522633e-07  2.12082050e-07  2.67592547e-07  9.54690569e-08
    1.13746170e-07  1.78888862e-07  3.05948454e-07  9.07655915e-08
    1.21081882e-07  1.24300272e-07  1.15802034e-07  2.57331666e-07
    4.64980472e-07  4.92246793e-08  4.28617555e-07  3.71157984e-07
    2.75756075e-08  1.57249936e-07  2.38039141e-07  8.99031006e-08
    1.29932050e-07  2.61479402e-07  1.17887340e-06  2.33488965e-07
    1.48937621e-07  1.04796886e-07  3.08341536e-07  2.51713070e-08
    3.12861078e-07  2.88041721e-07  1.31378914e-07  9.95230837e-08
    5.12952865e-08  2.94954300e-07  1.22051161e-07  1.78937556e-07
    5.11479957e-07  2.45280491e-07  7.98924688e-08  1.34889809e-07
    1.18987229e-07  4.50018522e-07  1.54251578e-07  3.17329127e-07
    6.41416497e-08  1.36742877e-07  1.70976993e-07  1.21666258e-07
    1.25229288e-07  1.22285715e-07  1.20966361e-07  1.17754012e-07
    1.48740686e-07  7.54960637e-08  1.14565093e-07  4.97259111e-08
    8.81659123e-08  4.00337539e-08  2.00134871e-07  1.93578356e-07
    2.11226805e-07  1.60231658e-07  1.75567534e-08  9.62501369e-08
    1.15524471e-07  1.25647216e-07  2.89330849e-08  3.67105621e-07]]]