[[[[ 3.39573935e-04]]

  [[-3.29970445e-04]]

  [[ 4.21500722e-04]]

  [[-1.65006747e-04]]

  [[ 2.71613284e-04]]

  [[ 4.40629215e-04]]

  [[ 2.88364420e-04]]

  [[-4.12857149e-04]]

  [[ 4.39753832e-04]]

  [[ 4.23714029e-04]]

  [[ 5.32877485e-04]]

  [[ 4.94657604e-04]]

  [[-3.67946392e-04]]

  [[-6.09182264e-04]]

  [[-5.74747496e-04]]

  [[ 3.24244643e-04]]]


 [[[ 2.77558403e-05]]

  [[ 4.62893381e-05]]

  [[ 2.08427873e-05]]

  [[ 4.57030222e-05]]

  [[ 3.04033641e-05]]

  [[ 2.72607800e-05]]

  [[ 1.79206729e-05]]

  [[ 4.74232738e-05]]

  [[ 2.65866024e-05]]

  [[ 1.75402674e-05]]

  [[ 3.20033373e-05]]

  [[ 2.77991224e-05]]

  [[ 4.94717948e-05]]

  [[ 4.39616748e-05]]

  [[ 4.39431759e-05]]

  [[ 1.73958996e-05]]]]