[[[ 1.79889893e-05 -3.75424376e-05 -9.84779954e-06 -6.54307274e-07
   -6.42551150e-05 -1.24635597e-05 -2.12881746e-05 -1.52592960e-06
    2.22471902e-05 -2.06766849e-05 -6.96784514e-06 -4.05304663e-06
    2.14646185e-05  1.04898743e-05  1.15236552e-05  1.24876729e-05
   -2.93294963e-05 -1.24332403e-05 -2.45635340e-06 -2.21788706e-05
   -2.15975932e-05 -3.53231555e-05 -7.10857762e-05 -2.11752318e-05
   -4.69940228e-05 -3.17227579e-05 -6.09170595e-05 -2.07593490e-05
   -6.89928554e-06  1.24986218e-05  1.89434424e-05 -1.62203248e-05
   -8.93831723e-06 -1.85266670e-05 -4.53527259e-06 -3.88015274e-05
    7.99117187e-06 -5.41379383e-06 -4.05545329e-07 -2.16379537e-05
   -1.54611004e-05 -4.00134711e-05 -1.14939607e-06 -6.07520747e-05
   -1.60293287e-05 -1.28867925e-05  6.55264405e-06 -2.78123947e-06
   -7.08031047e-06  1.72282323e-05 -2.30625852e-05 -2.43808121e-05
   -5.60829973e-06 -7.21491653e-06  1.13797551e-05 -4.19910357e-05
   -7.59710604e-05  3.69600461e-06 -7.05761947e-05 -3.21873092e-05
   -6.06014864e-05 -4.35379902e-06 -1.68099325e-05  9.72839677e-06
   -4.02009399e-06 -1.77290737e-06 -2.09387099e-05  3.74608662e-06
   -2.60976274e-05 -2.29329079e-05 -6.16193174e-05 -2.70843312e-05
   -1.10460905e-05 -2.62394018e-06 -7.10172549e-05  1.26747017e-05
   -7.84290402e-05 -1.31636729e-05 -4.88727702e-06 -1.28804760e-05
    1.36178385e-05 -1.67784627e-05 -1.04280938e-04 -4.52065254e-05]]

 [[ 7.66998531e-08  2.15927046e-07  1.05226936e-07  1.65529467e-07
    1.61121062e-07  1.14825002e-07  1.63238801e-07  8.40083953e-08
    7.16049618e-08  1.86772151e-07  1.02162167e-07  5.89165612e-08
    9.57739292e-08  1.48308192e-07  1.85114828e-07  1.29919583e-07
    2.14458784e-07  1.08416838e-07  1.43009168e-07  1.65570841e-07
    1.23405535e-07  1.78641187e-07  1.69951300e-08  8.49661350e-08
    6.35214172e-08  1.83420770e-07  1.29943747e-07  2.50891596e-07
    1.08137882e-07  2.59172931e-07  1.68208061e-07  9.01805836e-08
    9.73240525e-08  5.31166906e-08  4.37556413e-08  1.16610557e-07
    1.17806456e-07  1.38125892e-07  7.37285280e-08  1.64644268e-07
    1.29821786e-07  1.73260355e-07  1.34878478e-07  1.47622953e-07
    1.31682132e-07  5.17020676e-08  1.92547051e-07  1.14705848e-07
    2.71892012e-07  9.82113130e-08  1.56766493e-07  1.38343909e-07
    1.74764484e-07  2.18576496e-07  1.00067755e-07  1.62295303e-08
    1.66653553e-07  1.56753977e-07  7.31320703e-08  1.07415785e-07
    1.28058266e-07  8.16793119e-08  1.54991283e-07  1.38972067e-07
    9.31283366e-08  1.77583320e-07  1.84914440e-07  2.32460968e-07
    1.25367134e-07  2.02645993e-07  1.35082216e-07  1.31673108e-07
    1.02703679e-07  8.60047581e-08  1.86054860e-07  1.99185583e-07
    2.50734781e-07  1.94696745e-07  6.81784189e-08  2.38021828e-07
    1.03744907e-07  2.86813306e-07  1.63121515e-07  5.55510609e-08]]]