[[[[[-2.83780277e-01 -2.71705623e-01 -6.85351971e-02  8.63195199e-02
     -1.15508790e-01]
    [-1.38877207e-01 -2.02187922e-02  2.79233496e-01  5.12423775e-01
      4.40976389e-01]
    [-4.88432257e-01 -1.69846586e-01  2.13140362e-01  3.67041459e-01
      3.99051196e-01]
    [-5.87261095e-01 -2.28821088e-01  1.57673576e-01  2.06357166e-01
      1.36621573e-01]
    [-6.15431707e-02  7.75164905e-02  3.47840124e-01  2.65539277e-01
     -1.14483068e-02]]]


  [[[ 6.30455718e-01  6.22030994e-01  4.47737727e-01  1.69626344e-01
      1.08180900e-02]
    [ 3.02092734e-01  1.29765397e-01 -1.12300288e-01 -2.31759801e-01
     -1.28346999e-01]
    [ 3.87461229e-01  1.33200024e-02 -2.76367710e-01 -4.67051906e-01
     -4.77824903e-01]
    [ 5.46646391e-01  1.41202212e-01 -9.51589890e-03 -2.04853689e-01
     -4.33668573e-01]
    [ 6.32571286e-01  2.20809530e-01  1.06393998e-01  2.91505530e-02
     -1.47104632e-01]]]


  [[[-4.53186282e-01 -5.62487693e-01 -5.32587812e-01 -4.88045839e-01
     -4.95783441e-01]
    [-1.27276789e+00 -1.47773101e+00 -1.46558191e+00 -1.26306286e+00
     -9.35870543e-01]
    [-7.95941033e-01 -1.06489112e+00 -1.12041455e+00 -9.77030310e-01
     -7.54505894e-01]
    [-1.00444860e-01 -2.94064439e-01 -3.29147542e-01 -3.28843010e-01
     -4.20144570e-01]
    [ 5.24388072e-02  1.12843353e-02 -3.79829542e-02 -2.45673653e-01
     -4.23256332e-01]]]


  [[[-1.33191854e-01 -1.80942504e-01 -2.14022097e-01 -3.49314839e-01
     -5.08266240e-01]
    [ 2.72794561e-02 -2.63341407e-02 -1.21548857e-01 -2.01739008e-01
     -1.47994224e-01]
    [ 3.50053109e-02  7.22717961e-02  1.54373448e-01  1.42286179e-01
      1.57507064e-01]
    [-2.23932876e-01 -2.59282243e-02  2.54989636e-01  2.28246640e-01
      8.58246861e-02]
    [-2.98859681e-01 -7.03173400e-02  1.59224852e-01  1.09980487e-01
     -2.40735350e-02]]]


  [[[-1.07221523e-02 -4.58161040e-03  5.76142600e-03 -7.15397461e-02
     -2.10639744e-01]
    [-7.95618320e-01 -9.36238771e-01 -8.76940391e-01 -7.22769424e-01
     -5.07203396e-01]
    [-6.15295571e-01 -9.13473488e-01 -8.65176959e-01 -7.04645833e-01
     -4.41152366e-01]
    [-1.61320560e-01 -3.39792008e-01 -2.74556514e-01 -2.62525738e-01
     -2.71435282e-01]
    [ 8.50710868e-02  4.95983236e-02  1.88256088e-02 -9.60456977e-02
     -1.86103786e-01]]]


  [[[ 7.07470421e-01  7.73968473e-01  5.06327601e-01  1.01413043e-01
     -1.14480877e-01]
    [ 4.47223344e-01  2.67319332e-01 -1.72561488e-01 -3.92297634e-01
     -2.53543601e-01]
    [ 5.92745105e-01  1.46719412e-01 -3.21466429e-01 -6.19208431e-01
     -6.49658419e-01]
    [ 7.60254747e-01  2.33819951e-01 -1.22913351e-02 -3.10411588e-01
     -6.29927920e-01]
    [ 8.03537466e-01  2.41441212e-01  7.07067312e-02 -4.91171621e-02
     -2.71463804e-01]]]]



 [[[[ 1.59546147e+02  8.81722840e+01  7.97151541e+01  1.52454280e+02
      2.03452020e+02]
    [ 1.42382481e+02  3.64564991e+01  4.88666617e+01  1.45915318e+02
      1.96588509e+02]
    [ 1.68490420e+02  6.03594097e+01  8.42491470e+01  1.75066063e+02
      1.97819073e+02]
    [ 2.10124699e+02  1.35636308e+02  1.59967647e+02  2.07383648e+02
      1.88925626e+02]
    [ 2.17981339e+02  1.63675347e+02  1.75179246e+02  1.96193499e+02
      1.73512450e+02]]]


  [[[ 1.64231896e+02  1.94194618e+02  2.36873258e+02  2.62597054e+02
      2.54243391e+02]
    [ 2.23186211e+02  2.37512334e+02  2.78413800e+02  3.13316584e+02
      3.10208865e+02]
    [ 1.65281225e+02  1.78324539e+02  2.28588301e+02  2.76086855e+02
      2.99545701e+02]
    [ 7.46469987e+01  6.98382116e+01  1.10647195e+02  1.61015396e+02
      2.33789880e+02]
    [ 5.75715429e+01  4.12959015e+01  7.89083804e+01  1.56777508e+02
      2.66978098e+02]]]


  [[[ 1.29973153e+02  1.27873280e+02  1.39983929e+02  1.70200190e+02
      1.73040524e+02]
    [ 1.83855981e+02  1.91006905e+02  2.04137988e+02  2.28384892e+02
      2.02865555e+02]
    [ 1.43205007e+02  1.49602772e+02  1.73035990e+02  2.00193217e+02
      1.76238709e+02]
    [ 7.41217889e+01  5.90036157e+01  8.05679905e+01  1.04559036e+02
      1.02507249e+02]
    [ 4.20220189e+01  3.08509475e+01  5.61263145e+01  8.78596590e+01
      1.13381623e+02]]]


  [[[ 2.89388325e+01  4.65714258e+01  7.60039843e+01  9.57286827e+01
      7.43196403e+01]
    [ 2.90594466e+01  5.58630548e+01  9.92763580e+01  1.10442748e+02
      7.13273632e+01]
    [ 3.85953081e+01  7.20991745e+01  1.09261180e+02  9.95357423e+01
      5.55359734e+01]
    [ 4.45774445e+01  7.41094361e+01  9.72406252e+01  7.63542973e+01
      4.33867351e+01]
    [ 4.25135324e+01  6.75462908e+01  7.66725976e+01  5.55266544e+01
      3.94453008e+01]]]


  [[[ 1.56340318e+02  1.49765685e+02  1.49424273e+02  1.53867561e+02
      1.67879872e+02]
    [ 1.87811606e+02  2.07397008e+02  2.15830296e+02  2.12564737e+02
      2.13288119e+02]
    [ 1.49031561e+02  1.88082896e+02  2.00517489e+02  2.06982215e+02
      2.14037964e+02]
    [ 8.05913373e+01  8.44357335e+01  8.30939725e+01  9.33369202e+01
      1.24175767e+02]
    [ 5.26934344e+01  4.28858084e+01  4.45173453e+01  7.25546812e+01
      1.27533772e+02]]]


  [[[ 1.74105309e+02  2.09270801e+02  2.52259001e+02  2.58284272e+02
      2.40104899e+02]
    [ 2.49457456e+02  2.74459595e+02  3.08758892e+02  3.13776704e+02
      3.03498612e+02]
    [ 1.88282777e+02  2.09849093e+02  2.52332087e+02  2.75893333e+02
      2.91870352e+02]
    [ 8.23117085e+01  7.64543279e+01  1.10615020e+02  1.49590463e+02
      2.16854105e+02]
    [ 5.80610357e+01  3.82947984e+01  6.70813019e+01  1.31402385e+02
      2.39594888e+02]]]]]