[[[ 1.18468670e-04  3.44117045e-06  8.59812949e-05  1.82884232e-04
    4.56371909e-06  3.05171200e-05  3.58568102e-06  2.37171687e-08
   -1.34490674e-05  9.75262661e-08]
  [ 2.07702375e-05 -8.13075857e-05  1.46810976e-05  3.69207638e-05
    3.03300543e-05  1.28297235e-05  2.47346292e-06  2.70185262e-06
    2.33927586e-06 -1.33608581e-06]
  [ 4.78692951e-06 -2.81530202e-05  8.64143922e-06  1.31789030e-05
    1.85226862e-05  1.50740927e-05  5.16062397e-06  3.18886569e-06
   -8.48851326e-05  1.39614259e-06]
  [ 1.23036369e-04 -3.04650898e-05  9.33323240e-05  1.95705539e-04
    3.49261562e-05  4.34645239e-05  6.04978788e-06  4.36090449e-06
   -8.44140172e-05 -2.36362147e-06]
  [ 7.09930339e-05  5.00758859e-05  6.06814478e-05  1.09197308e-04
    6.55715808e-06  1.23646779e-05 -3.15953849e-07  1.90371116e-06
   -7.57397681e-05  8.12261657e-07]
  [ 1.08618585e-04  5.54201289e-05  8.44655753e-05  1.70093593e-04
    5.81622078e-06  1.86584705e-05  3.36357542e-06  1.87837075e-06
   -8.68205757e-05  1.14576726e-06]
  [ 1.63114464e-05 -7.82943691e-05  1.16438988e-05  3.02966774e-05
    2.26045328e-05  1.31376428e-05  7.24702620e-09  1.86507572e-06
    1.34063158e-06 -5.14801851e-07]
  [ 1.22693690e-04  1.23882136e-07  8.93114802e-05  1.91754541e-04
    1.76296644e-06  1.98786556e-06  5.16850664e-08  1.31953818e-07
   -2.94825515e-08 -2.45975138e-07]
  [ 6.10790814e-05  9.48201791e-07  4.50698028e-05  9.64065269e-05
    1.02563955e-06  9.28119741e-07  5.62774839e-08 -9.45720243e-09
   -1.51777115e-07  9.14536677e-07]
  [ 1.43032411e-05 -4.72468848e-05  1.10687851e-05  2.29018730e-05
    6.86700137e-06  2.82744813e-06  2.19797140e-06  5.48734388e-07
   -2.23642868e-07  1.40148646e-06]
  [ 3.30505865e-06 -2.94562150e-05  7.42541072e-06  1.07740015e-05
    1.66097107e-05  1.45790251e-05  3.20616128e-06  2.96617742e-06
   -8.17316312e-05  2.23013353e-06]
  [ 2.98130965e-05 -7.85838216e-05  1.97447117e-05  4.86675217e-05
    3.00914083e-05  1.58365704e-05  1.82451242e-06  2.59544489e-06
    8.86919745e-07 -1.76624287e-06]
  [ 1.13836739e-04 -5.60415679e-05  8.14830580e-05  1.77288215e-04
    7.05607248e-06  3.05947095e-05  5.55144712e-06  4.06120371e-07
   -6.30485733e-06  1.52865799e-06]
  [ 1.16583730e-04  2.77676117e-06  8.51871690e-05  1.79316675e-04
    6.06957165e-07  2.57369629e-05  3.94497385e-08  1.04685265e-07
   -3.03754989e-06  6.58947266e-07]
  [ 6.28508876e-05 -7.60395105e-05  4.28111487e-05  9.96554791e-05
    6.28410732e-06  3.06946185e-05  5.89805990e-06  3.48455412e-07
   -7.25585620e-06  2.82428811e-06]
  [ 6.29874714e-05  8.33425526e-07  4.32458565e-05  9.83674505e-05
    1.43214841e-05  2.18928459e-05  1.35742126e-07  1.10030291e-06
    1.21878745e-06 -1.83131927e-06]
  [ 1.09088461e-04  1.76341655e-05  8.28817753e-05  1.70118774e-04
    3.30017378e-05  1.44095954e-05  6.04060615e-06  3.79520682e-06
   -6.24160126e-05 -3.88515944e-06]
  [ 7.48693463e-06 -2.71880499e-05  9.40895385e-06  1.52703802e-05
    3.14588512e-05  4.24983092e-05  6.48344286e-06  4.46871647e-06
   -8.42969590e-05 -1.15373550e-06]
  [ 6.04946884e-05 -7.88787570e-05  4.35512417e-05  9.80874973e-05
    2.64897121e-06  2.65319593e-05  7.32633286e-08  6.70583080e-08
   -2.45049250e-06  2.28683941e-06]
  [ 5.70171638e-06 -2.74228292e-05  8.95765210e-06  1.56425016e-05
    3.47389476e-05  1.53307752e-05  5.99684012e-06  4.49013122e-06
   -8.32684351e-05 -1.15282270e-06]
  [ 1.03594128e-04  5.40193906e-05  8.17135662e-05  1.61477312e-04
    4.15832202e-06  1.38365961e-05 -2.58091033e-07  1.69061854e-06
   -8.41353067e-05  1.21995426e-06]
  [ 9.55485757e-06 -2.81284532e-05  1.13876526e-05  2.16022482e-05
    3.49704158e-05  1.52852688e-05  5.99616140e-06  4.49336831e-06
   -8.20689840e-05 -1.20341914e-06]
  [ 8.07897498e-05 -2.63849035e-05  6.27332731e-05  1.28614309e-04
    3.50310595e-05  4.31173263e-05  5.98266077e-06  4.52048513e-06
   -8.50684626e-05 -1.20206835e-06]
  [ 9.55857010e-05  4.92660735e-05  7.36872344e-05  1.49222732e-04
    4.57089266e-06  1.78502669e-05  3.61490367e-06  1.38916801e-06
   -8.39097148e-05  1.67614368e-07]
  [ 3.58995412e-05 -2.66387340e-05  2.92626307e-05  5.97086379e-05
    3.14240252e-05  4.26040847e-05  6.25558225e-06  4.51224026e-06
   -8.47315099e-05 -1.15730600e-06]
  [ 3.04902197e-05  8.11549051e-06  2.77370203e-05  4.74662416e-05
    2.92075290e-05  3.33882227e-06  2.33949306e-06  4.34306372e-06
   -9.04669137e-06 -3.39544803e-06]
  [ 6.90880200e-05  4.85802064e-05  5.93999082e-05  1.06197113e-04
    5.35719084e-06  1.18853032e-05 -3.11864053e-07  1.80995743e-06
   -7.25694986e-05  1.04320158e-06]
  [ 6.01578375e-06 -8.15142194e-05  4.14837489e-06  1.36723462e-05
    2.32017286e-05  1.45978071e-05  1.59915695e-08  1.70474989e-06
    2.22545525e-06 -6.56358962e-07]
  [ 3.60645252e-06 -2.68391201e-05  6.92880389e-06  9.06352141e-06
    3.14539706e-05  4.26276408e-05  6.49081015e-06  4.48482931e-06
   -8.47133269e-05 -1.15263687e-06]
  [ 9.28900112e-05 -2.21741313e-06  6.90096279e-05  1.44415771e-04
    4.61181566e-06  3.34079399e-06  8.41282960e-07  2.78184596e-07
   -3.10066774e-07  1.24050497e-06]
  [ 5.91760072e-05  1.28140905e-06  4.05574387e-05  9.24764834e-05
    1.64938166e-05  2.09880898e-05  1.24366411e-07  1.28947449e-06
    7.06222335e-07 -2.24097156e-06]
  [ 6.07810620e-06 -2.90015532e-05  1.00112253e-05  1.48621465e-05
    2.60663189e-05  1.46755428e-05  2.49506015e-06  3.79779343e-06
   -8.16203960e-05  3.89897672e-07]
  [ 1.06618031e-04 -8.12340639e-05  7.63720694e-05  1.68793741e-04
    3.38589056e-05  2.90042682e-05  5.14380406e-06  2.75656502e-06
    9.08012190e-07 -2.06975150e-06]
  [ 1.02834885e-04 -2.26579286e-07  7.30097167e-05  1.60743669e-04
    1.39850119e-05  1.05619120e-05  1.86553838e-06  1.00552157e-06
    1.19730355e-06 -7.78277955e-07]
  [ 2.70701199e-05 -7.15978785e-05  1.83719376e-05  4.34352379e-05
    2.59587615e-05  1.45786641e-05  1.08170030e-06  2.20124725e-06
    7.33149357e-07 -1.61175533e-06]
  [ 6.64308426e-05  3.14577285e-06  5.17871785e-05  1.01903011e-04
    3.57321067e-06  1.01341084e-06 -3.89404130e-07  1.73101732e-07
   -3.47572245e-06  8.84338232e-09]
  [ 9.52829870e-05  4.15824843e-05  7.38992845e-05  1.50696443e-04
    1.24374040e-06  4.08738193e-05  8.90596378e-07  1.87520660e-06
   -8.55927774e-05  1.01814194e-06]
  [ 1.05295382e-04 -8.91121046e-06  7.48769488e-05  1.63228603e-04
    5.07403107e-06  2.63980208e-05  5.88242070e-06  4.38979012e-07
   -1.87781939e-06  7.16685621e-07]
  [ 1.22216889e-04  3.38800358e-05  9.00372322e-05  1.88886612e-04
    4.22575951e-06  3.95566950e-05  3.57441865e-06  3.43619225e-07
   -7.21385956e-05 -1.23740468e-07]
  [ 9.30350090e-06 -7.99931683e-05  6.48398895e-06  1.92991925e-05
    2.43384912e-05  1.12552279e-05  8.61555621e-09  1.84119282e-06
    2.08543661e-06 -9.10457923e-07]
  [ 1.20961643e-04  1.70897853e-05  9.27576042e-05  1.91645070e-04
    5.74228839e-06  4.13659086e-05  4.48934617e-06  1.93676446e-06
   -8.58847520e-05  1.81496433e-06]
  [ 8.02786793e-05  2.82558076e-07  5.59782278e-05  1.25324292e-04
    4.16392792e-06  1.64314688e-05  5.80869384e-06  3.63392150e-07
    1.11999796e-06  6.67309465e-07]
  [ 1.21472867e-04  4.43807049e-07  8.86281455e-05  1.89909845e-04
    3.69361165e-06  7.81401852e-07 -4.28611433e-07  5.61150055e-08
   -2.42666420e-07 -1.74211448e-08]
  [ 3.92857168e-05  2.22105924e-05  3.64838186e-05  5.94697208e-05
    2.57622991e-05  5.22514791e-06  2.03225024e-06  3.84818572e-06
   -2.10354505e-05 -2.31808589e-06]
  [ 3.87301655e-05 -4.10575309e-05  3.16435041e-05  6.33406661e-05
    7.72342996e-06  3.58187856e-05  5.89397187e-06  1.46882986e-06
   -7.30316885e-05  3.01681770e-06]
  [ 5.31246074e-06 -2.67436826e-05  8.08862643e-06  1.17802462e-05
    3.14620761e-05  4.21254935e-05  6.48798140e-06  4.50140423e-06
   -8.45819273e-05 -1.15382738e-06]
  [ 2.10409738e-05  7.59641625e-07  1.51233973e-05  3.23740045e-05
    1.20725497e-07  1.35246908e-05  1.48691427e-08 -1.45014570e-07
   -3.81656786e-07  1.16423279e-06]
  [ 1.07960405e-04 -1.46141636e-05  7.89912208e-05  1.68566152e-04
    3.08315481e-05  4.28979877e-05  5.98081978e-06  2.96330341e-06
   -8.09711392e-05 -2.08648122e-06]
  [ 1.17924132e-04 -8.75103743e-06  9.02285954e-05  1.87826080e-04
    2.99111114e-05  4.07045788e-05  3.51638774e-06  4.03282655e-06
   -8.46376638e-05 -2.06492869e-06]
  [ 9.22717650e-05 -6.21479888e-05  6.67717141e-05  1.47345133e-04
    2.13995541e-06  2.99985726e-05  8.36220803e-08  9.23330585e-08
   -1.51510444e-05  2.24618715e-06]
  [ 2.11520630e-06  1.33709666e-05  5.95757676e-06  7.91317799e-06
    2.68305244e-05  8.29525898e-06  1.09690746e-07  3.96442907e-06
   -5.08261150e-05 -2.51239501e-06]
  [ 7.63072584e-06 -1.41818360e-05  7.24039819e-06  1.29076144e-05
    3.25459167e-05  6.62658833e-06  5.96445420e-06  3.17496801e-06
   -2.57002796e-05 -3.21768269e-06]
  [ 1.06532428e-04 -2.60848624e-05  8.12044315e-05  1.70568701e-04
    2.04038420e-05  4.18192531e-05  4.48392761e-06  3.26891992e-06
   -8.51816151e-05 -8.07017766e-07]
  [ 1.14765031e-04  4.34616332e-06  8.82419273e-05  1.82947831e-04
    2.93163538e-05  3.48013860e-05  2.71927213e-07  4.09154328e-06
   -8.43672839e-05 -2.30870911e-06]
  [ 1.21772439e-04  1.02631080e-05  8.86792954e-05  1.88025214e-04
    1.53071262e-06  3.16125511e-05  3.96236553e-06  4.67970193e-08
   -2.22728828e-05 -1.12118466e-08]
  [ 1.03529535e-04 -2.63854738e-05  7.91658722e-05  1.64390804e-04
    3.50280299e-05  4.31257571e-05  5.98746721e-06  4.55985265e-06
   -8.50769742e-05 -1.69208085e-06]
  [ 4.48777488e-05 -8.16675448e-05  3.29295477e-05  7.45219317e-05
    3.31864387e-05  5.61826138e-06  2.11152894e-06  2.65042797e-06
    2.24345951e-06 -1.26891556e-06]
  [ 1.15370708e-04  1.26260021e-06  8.44851595e-05  1.78609041e-04
    5.09030196e-07  1.48685971e-05 -1.24396904e-08 -8.66887412e-09
   -7.79755680e-07  8.63818682e-07]
  [ 5.37972979e-05 -2.72668512e-05  4.37214380e-05  8.75849347e-05
    3.47997694e-05  2.96728482e-05  6.01928942e-06  4.60169309e-06
   -8.47186260e-05 -2.16014277e-06]
  [ 2.48988703e-05 -6.52409754e-05  1.68617665e-05  3.95517699e-05
    3.11717310e-05  1.67456347e-05  5.90576227e-06  2.55420133e-06
    1.72551207e-06 -2.84183185e-06]
  [ 6.88114941e-05  4.78516623e-05  5.91803309e-05  1.05768120e-04
    5.35559430e-06  1.16472121e-05 -2.95011354e-07  1.81673639e-06
   -7.09382265e-05  1.04435091e-06]
  [ 1.22880161e-04 -2.03052076e-05  9.40944851e-05  1.95360059e-04
    7.64463612e-06  4.23381525e-05  4.04154245e-06  1.97183369e-06
   -8.58630953e-05  2.27572949e-06]
  [ 8.76538678e-05 -7.93975953e-05  5.90041693e-05  1.38912888e-04
    2.65279031e-05  2.99265571e-05  5.96259214e-06  2.15541549e-06
   -9.03934620e-07 -1.22034543e-06]
  [ 1.06587247e-04  2.73924365e-06  7.93460491e-05  1.66512864e-04
    7.59386362e-07  4.54144275e-07  6.46940852e-08  1.60861250e-07
   -5.44905791e-07  8.80648684e-07]
  [ 1.23024761e-04  1.96189831e-07  8.95325335e-05  1.89786618e-04
    5.29771864e-07  2.40259894e-05  1.05630591e-07  5.00009529e-08
   -2.72578883e-07 -7.09682590e-08]
  [ 9.49989310e-05 -2.70809754e-05  7.21706182e-05  1.51675704e-04
    3.98669462e-06  2.15765967e-05  6.68327519e-08  1.30706324e-06
   -2.46758024e-05  2.62354658e-06]
  [ 1.06795692e-05 -8.06670597e-05  7.29539660e-06  2.11828618e-05
    2.66489083e-05  1.46969094e-05  1.06019570e-08  2.01289527e-06
    2.10221556e-06 -1.33665625e-06]
  [ 7.90408574e-05 -5.62767849e-05  5.68261513e-05  1.26593779e-04
    6.40733893e-06  3.87337576e-05  5.88000076e-06  3.79303717e-07
   -5.88154224e-05  3.15401882e-06]
  [ 2.29415467e-06  1.63366937e-05  6.31729708e-06  8.43796916e-06
    1.89251758e-05  1.15175116e-05  3.44797145e-07  3.43037401e-06
   -7.10431243e-05 -5.50442773e-07]
  [ 3.70006092e-05 -3.03753410e-05  3.15624748e-05  6.25901090e-05
    4.55251359e-06  2.85976530e-06  7.42492228e-08  1.58833945e-06
   -1.32390507e-05  2.51468917e-06]
  [ 6.97487609e-05  4.61585159e-05  5.97583382e-05  1.07182870e-04
    5.99716503e-06  1.10828286e-05 -2.37594115e-07  1.88406613e-06
   -6.70376857e-05  9.24941966e-07]
  [ 8.36853877e-06  1.29780713e-05  9.12423825e-06  1.36944191e-05
    2.81188403e-05  2.19524587e-06  1.97683013e-06  3.89000337e-06
   -3.85627704e-06 -3.54540178e-06]
  [ 6.19595551e-06 -2.69690630e-05  8.55153749e-06  1.32108222e-05
    3.14516653e-05  4.26617593e-05  6.49117441e-06  4.47359538e-06
   -8.46703971e-05 -1.15528593e-06]
  [ 9.42404377e-05 -2.01911867e-05  7.16940402e-05  1.50347639e-04
    2.42786899e-06  4.08630510e-05  5.34786590e-07  1.47612634e-06
   -8.43453948e-05  2.25052086e-06]
  [ 4.75336121e-05 -3.58091130e-07  3.37860625e-05  7.44517990e-05
    3.68484141e-06  1.96036867e-06  2.66881249e-06  4.00585476e-07
    8.10494957e-08  8.22198719e-07]
  [ 9.63896976e-05 -5.36972983e-05  6.84372024e-05  1.54078269e-04
    6.80802271e-06  3.96216130e-05  5.57771806e-06  2.17771880e-07
   -6.47457449e-05  2.66117963e-06]
  [ 5.70174663e-05 -3.55481236e-07  4.08824540e-05  8.90765007e-05
    3.92190390e-06  1.96909023e-06  2.09761574e-06  3.79473754e-07
    4.65210320e-08  7.52985904e-07]
  [ 1.00146533e-04  2.78979275e-05  7.82040553e-05  1.60726363e-04
    2.54303886e-05  1.74625050e-05  1.22569598e-07  3.81030773e-06
   -8.00746056e-05 -2.28631862e-06]
  [ 5.50638445e-05 -8.14848934e-05  3.62725091e-05  8.87445754e-05
    3.07991277e-05  2.80836431e-05  3.87681186e-06  2.69693440e-06
    8.94501317e-07 -1.72604405e-06]
  [ 1.07401513e-04  6.43253871e-07  8.14880721e-05  1.71283506e-04
    2.46052056e-05  4.02159786e-05  3.41390177e-06  3.49705376e-06
   -8.32542062e-05 -2.15451088e-06]
  [ 1.22606368e-04  5.29465203e-06  8.93404662e-05  1.89115595e-04
    4.79941881e-06  3.04436323e-05  3.64760469e-06  3.84085315e-08
   -1.34396534e-05  2.52783519e-08]
  [ 2.69706874e-05  2.01057198e-06  2.25856341e-05  4.08871171e-05
    6.67514165e-06  1.60064113e-06  1.51542311e-06  7.88437563e-07
   -6.90752470e-07  1.14078276e-06]
  [ 5.22392198e-05 -2.76597279e-05  3.99227105e-05  8.70184813e-05
    3.49905599e-05  3.30710591e-05  6.00493940e-06  4.52852003e-06
   -8.46070252e-05 -1.98155997e-06]
  [ 3.30588140e-05 -2.65293856e-05  2.74195504e-05  5.52242814e-05
    3.14267770e-05  4.26853012e-05  6.27728796e-06  4.51398162e-06
   -8.49063792e-05 -1.15610027e-06]]

 [[ 1.64981687e-07  6.37118318e-08  2.23832931e-07  8.09590149e-07
    7.04233447e-08  5.64763022e-07  6.89236957e-07  3.12495469e-09
    9.14713954e-08  2.80912505e-08]
  [ 1.13094174e-09  6.15912421e-07  1.54353438e-07  1.50373285e-07
    1.14780651e-06  3.23294206e-07  7.58461216e-08  1.09769072e-06
    1.52814208e-07  1.45000049e-06]
  [ 2.91517460e-08  1.27890285e-06  3.82669504e-07  2.16772437e-07
    7.42427219e-07  2.74226889e-07  7.54200548e-07  7.31125153e-07
    1.10330196e-06  3.62015344e-07]
  [ 4.58641339e-07  1.43942604e-06  4.60940973e-07  9.95280493e-07
    1.25239508e-06  1.24128623e-06  1.18292903e-06  2.01268100e-07
    1.30987695e-06  1.22740540e-06]
  [ 3.46684414e-07  5.21640017e-07  4.54866070e-07  1.45073644e-07
    2.26647524e-07  2.30496078e-07  6.56128910e-07  7.64558967e-07
    1.28386483e-06  1.66501345e-07]
  [ 4.59839249e-07  6.35766579e-07  4.02492020e-07  5.86269777e-07
    4.49755334e-08  5.78160580e-07  9.64728547e-07  5.85127793e-07
    1.34358169e-06  1.19365860e-07]
  [ 1.42741134e-08  1.01707825e-06  2.08942550e-07  2.48262294e-07
    4.73456043e-07  1.36935079e-07  6.21966643e-11  7.53395183e-07
    4.79803939e-07  8.28573732e-07]
  [ 5.95961195e-08  1.13278839e-08  2.82531906e-07  1.94833704e-07
    1.17498192e-07  2.56383643e-08  9.26305009e-08  2.54070510e-08
    4.22320666e-08  4.47677176e-07]
  [ 5.45698030e-08  8.53406036e-10  1.20028121e-07  1.48580292e-07
    5.11604108e-09  2.94153873e-08  3.53152605e-09  1.85296484e-07
    1.79492198e-07  4.40631794e-07]
  [ 1.50949238e-09  2.05705684e-07  1.55685330e-07  1.12622090e-08
    4.42922723e-07  3.16542987e-08  2.60708841e-07  2.32061277e-07
    8.28808938e-08  2.77216682e-07]
  [ 2.07897270e-08  1.26741401e-06  3.82728039e-07  1.25145414e-07
    7.98546702e-07  2.13002607e-07  6.83991512e-07  9.38331279e-07
    1.17118711e-06  4.64815954e-07]
  [ 2.95715075e-08  4.27624328e-07  6.39082398e-08  1.46117526e-07
    8.32733469e-07  3.09696813e-07  2.70160071e-08  9.12248888e-07
    4.50820052e-08  1.45963113e-06]
  [ 2.98276536e-07  3.54872348e-07  1.61651815e-07  6.88922338e-07
    5.65690205e-07  9.98531751e-07  7.32725425e-07  1.53104907e-07
    9.50867506e-08  4.48703419e-07]
  [ 5.08722356e-08  2.43580986e-08  3.75993952e-07  4.35087486e-07
    1.40318265e-07  1.61639684e-07  1.02215319e-07  1.49686610e-07
    2.25287710e-07  4.51892168e-07]
  [ 6.67127451e-08  4.91381486e-07  1.80742758e-07  6.96555635e-07
    7.68751656e-07  7.05716179e-07  7.18191378e-07  8.37946107e-08
    6.45492989e-08  3.64063935e-07]
  [ 7.44407042e-08  1.46489233e-08  3.61678359e-08  4.71476200e-07
    1.86482698e-07  5.95908663e-07  3.25899677e-08  4.54370765e-07
    1.91854090e-07  7.29181421e-07]
  [ 4.45338622e-07  3.31566877e-07  2.59655217e-07  2.54274937e-07
    1.24864496e-06  1.07922485e-06  1.17693991e-06  5.69881522e-07
    8.50122928e-07  1.15648873e-06]
  [ 8.20753040e-08  1.37563150e-06  1.16891699e-07  7.38363331e-07
    1.11513717e-06  1.05674953e-06  2.61357882e-07  1.27270374e-06
    1.11888603e-06  1.57935798e-06]
  [ 1.78485963e-09  8.52939624e-07  3.22281069e-07  4.53435166e-07
    8.84978155e-08  1.50616109e-07  5.68009401e-08  2.75225312e-08
    4.44214087e-07  2.76360619e-08]
  [ 3.94874484e-07  1.35667069e-06  7.35429389e-08  1.94254940e-07
    1.20487635e-06  9.34569822e-07  1.01544702e-06  1.20928565e-06
    1.17153034e-06  9.64249849e-07]
  [ 3.79673763e-07  4.04645767e-07  4.36297522e-07  2.61060243e-07
    1.03238800e-07  3.18016401e-07  7.08136569e-07  3.46709314e-07
    1.11339824e-06  5.03355323e-08]
  [ 4.06910327e-07  1.33813223e-06  6.59038435e-08  2.06557677e-07
    1.22450116e-06  9.40741829e-07  1.04106195e-06  1.20570949e-06
    1.10731292e-06  1.08452012e-06]
  [ 3.82858788e-07  1.46671871e-06  5.22385667e-07  1.01811695e-06
    1.33168870e-06  1.21588281e-06  1.11739174e-06  1.25741708e-06
    1.75743623e-06  1.57787612e-06]
  [ 4.20152110e-07  5.13682026e-07  2.96144798e-07  4.83826436e-07
    9.38373129e-08  4.81011236e-07  1.04472490e-06  3.99154185e-09
    9.11732886e-07  2.48036933e-08]
  [ 1.13264837e-08  1.43129864e-06  3.38907959e-07  7.99281123e-07
    1.17722921e-06  1.01699500e-06  1.29449879e-07  1.28213064e-06
    1.61361312e-06  1.59863511e-06]
  [ 2.82650419e-07  3.58968132e-07  1.12538557e-07  6.64054463e-08
    9.59330598e-07  5.71627400e-07  3.15256676e-07  1.05239999e-06
    6.80295821e-07  1.53632380e-06]
  [ 3.43659855e-07  5.38814892e-07  4.52454030e-07  1.33359528e-07
    2.24940444e-07  2.19448374e-07  6.86579126e-07  7.17181135e-07
    1.27023953e-06  1.17821331e-07]
  [ 5.54039270e-09  7.45439052e-07  7.48173312e-08  1.98630009e-07
    5.28864221e-07  1.86813418e-07  9.83050164e-11  6.68766785e-07
    1.84915946e-07  9.33360476e-07]
  [ 9.09809373e-08  1.39106531e-06  9.51797011e-08  7.49106820e-07
    1.10636278e-06  1.06612275e-06  2.74766557e-07  1.26098307e-06
    1.13333981e-06  1.54071114e-06]
  [ 5.21532551e-08  9.78063993e-09  2.67917866e-07  1.17860767e-07
    3.29747801e-07  5.03164732e-08  2.64333971e-07  4.37911672e-07
    1.28412785e-07  2.63009628e-07]
  [ 7.17034339e-08  1.94349042e-08  4.65589542e-08  4.27988502e-07
    2.10425691e-07  5.96564710e-07  2.52301351e-08  5.25193943e-07
    2.18965301e-07  7.86918461e-07]
  [ 3.36001126e-08  1.31880587e-06  4.07967457e-07  1.20498086e-07
    9.32853551e-07  2.25129364e-07  7.06929830e-07  9.53101840e-07
    1.20610230e-06  6.44246831e-07]
  [ 2.33463833e-07  5.59244836e-07  2.34105972e-07  4.00690355e-07
    1.27773080e-06  6.65084830e-07  6.92795901e-07  6.82738641e-07
    1.36442613e-07  1.34460317e-06]
  [ 2.46666930e-07  2.43569740e-10  1.10372976e-07  3.31492177e-07
    3.39148775e-07  4.44250083e-07  4.55993080e-07  3.97435853e-07
    1.53810786e-07  7.79553987e-07]
  [ 2.27973258e-08  3.83418530e-07  4.25731861e-08  1.32763141e-07
    7.50716056e-07  1.69067430e-07  2.29905595e-08  6.59112453e-07
    6.75334833e-09  1.32776263e-06]
  [ 2.43051912e-08  1.63186738e-07  2.90423922e-07  1.22020838e-07
    1.30473042e-07  5.10736688e-08  3.93321018e-07  1.37770509e-09
    5.15036040e-07  1.55289507e-11]
  [ 1.49061319e-07  8.64617151e-07  3.60070261e-07  8.98330473e-07
    5.55274542e-09  6.09079743e-07  2.72347767e-07  1.80502578e-07
    1.31612039e-06  6.82246158e-08]
  [ 3.84242192e-07  2.94103468e-08  1.14609861e-07  4.48004919e-07
    4.47719036e-07  8.40584004e-07  9.17957144e-07  2.25185048e-07
    1.53174449e-07  2.79306445e-07]
  [ 1.28540249e-07  2.78964019e-07  3.26988121e-07  8.90316896e-07
    6.14185966e-08  7.85314806e-07  5.45967091e-07  3.75157500e-08
    4.91236284e-07  4.09296055e-07]
  [ 1.44567217e-08  8.60609909e-07  1.24034568e-07  1.72685635e-07
    4.66482032e-07  1.87178147e-07  1.62499855e-11  7.00668385e-07
    2.63139789e-07  8.27167604e-07]
  [ 4.22624839e-07  9.15436384e-07  4.40105980e-07  7.79499088e-07
    3.35626979e-07  5.54362479e-07  1.11301032e-06  6.62187536e-08
    1.38901758e-06  4.39442206e-08]
  [ 3.76941406e-07  6.83658744e-10  3.86806519e-08  3.56394562e-07
    2.43342363e-07  7.63924871e-07  9.09912810e-07  2.00439238e-07
    1.55242400e-07  1.74249766e-07]
  [ 1.65782217e-07  7.89866284e-09  2.93914712e-07  1.34727749e-07
    1.97672752e-07  9.36414738e-08  7.26753423e-07  4.75906426e-09
    1.53242353e-07  2.41921224e-08]
  [ 1.60204298e-07  1.74288209e-07  3.31894235e-07  2.38761713e-08
    6.68289751e-07  1.44487841e-07  6.42139404e-07  8.99897033e-07
    8.05203291e-07  7.86251120e-07]
  [ 1.99897299e-08  8.53036584e-07  3.00745646e-07  4.50398550e-07
    7.89325223e-07  3.71054906e-07  6.77220101e-07  2.92489739e-07
    7.58770473e-07  2.20752548e-07]
  [ 1.27115282e-08  1.29754637e-06  9.71231824e-08  6.60934400e-07
    1.13338358e-06  1.03480096e-06  2.73490416e-07  1.25878622e-06
    1.21461794e-06  1.53612270e-06]
  [ 4.62704847e-08  7.87354945e-09  7.09229716e-08  3.00370229e-07
    1.38853641e-08  1.75288188e-07  2.47964507e-10  3.75705567e-07
    1.19955465e-07  2.22943819e-07]
  [ 4.60831449e-07  7.09444045e-07  1.56935472e-07  8.37820062e-07
    1.21821737e-06  1.26691481e-06  1.06160140e-06  1.03701344e-06
    8.20870587e-07  1.39216759e-06]
  [ 3.97483096e-07  1.20332951e-06  3.62710719e-07  9.05631954e-07
    3.55618288e-07  9.16437712e-07  4.14931597e-07  6.72455668e-07
    1.57504467e-06  9.57725577e-07]
  [ 4.27958173e-09  7.19249208e-07  3.67148652e-07  4.90650970e-07
    4.18693222e-08  2.15864634e-07  6.59305127e-08  1.73343119e-08
    6.37051953e-07  1.19183750e-08]
  [ 5.94079536e-09  8.22206921e-07  1.93938158e-07  7.25165751e-08
    2.95774492e-07  4.30412160e-08  5.67475783e-09  8.36933567e-07
    1.05717220e-06  4.94083227e-07]
  [ 4.39156114e-07  3.33812799e-07  2.35458234e-08  2.39143496e-07
    1.21564431e-06  9.96180323e-07  1.02674593e-06  9.30796318e-07
    5.42008316e-07  1.05157097e-06]
  [ 4.25536373e-07  1.39898431e-06  3.11819522e-07  9.18288401e-07
    4.79684621e-07  9.96086743e-07  8.39628438e-07  1.55762287e-07
    1.36530202e-06  3.59728879e-07]
  [ 2.63468877e-07  1.07764627e-06  3.93142374e-07  8.42617614e-07
    2.40204517e-07  7.34123225e-07  2.16106140e-07  9.51967631e-07
    1.58179688e-06  9.79872801e-07]
  [ 1.19909118e-07  6.78157784e-08  2.15475706e-07  8.98881319e-07
    2.11187045e-08  6.72784945e-07  5.07285851e-07  2.16580589e-08
    2.22884412e-07  3.11730971e-07]
  [ 3.76064672e-07  1.46671075e-06  5.27390972e-07  1.00871745e-06
    1.32855239e-06  1.20548049e-06  1.14225307e-06  1.16547234e-06
    1.66048104e-06  1.51292312e-06]
  [ 7.48213313e-09  5.47526092e-07  2.44586137e-07  1.12328696e-07
    1.25690976e-06  1.03870122e-07  3.21297613e-07  1.04149455e-06
    1.04846269e-07  1.34741626e-06]
  [ 5.58956693e-08  2.08434632e-08  3.68073439e-07  3.47483876e-07
    1.25712996e-07  3.57942594e-08  7.69627319e-08  1.66388575e-07
    2.38005465e-07  3.03176670e-07]
  [ 3.67691713e-07  1.35553080e-06  3.15973425e-07  3.09893141e-07
    1.28172588e-06  9.73865864e-07  1.14489322e-06  7.61008824e-07
    1.37345238e-06  8.95133740e-07]
  [ 2.10619788e-07  3.93433505e-07  1.70474000e-08  2.84242855e-07
    1.14130337e-06  8.31491616e-07  6.39739992e-07  3.65647685e-07
    9.63737064e-08  7.96664830e-07]
  [ 3.39618814e-07  5.40822952e-07  4.50754345e-07  1.25492582e-07
    2.28006097e-07  2.10558668e-07  6.91536834e-07  7.03206868e-07
    1.25840276e-06  1.17267770e-07]
  [ 4.45922596e-07  1.27579114e-06  4.84384895e-07  9.39562113e-07
    3.50287462e-07  8.52882928e-07  1.12072613e-06  1.60709449e-07
    1.41294049e-06  7.47183676e-08]
  [ 1.78291840e-07  5.11686643e-07  5.53351339e-08  6.19277012e-07
    1.04716256e-06  9.67802548e-07  6.09024695e-07  4.02523401e-07
    8.28105234e-08  9.27646347e-07]
  [ 5.32407152e-08  9.57430728e-10  1.52456592e-07  1.09569116e-07
    2.11236969e-08  3.36695784e-09  1.10116860e-08  1.34473958e-07
    3.40235588e-07  1.89030949e-07]
  [ 8.38259403e-08  2.90833353e-08  3.35298502e-07  3.08186810e-07
    1.10946951e-07  1.16795212e-07  1.25154319e-07  2.55148158e-08
    4.87097129e-08  5.01206472e-07]
  [ 1.41977683e-08  4.71275486e-07  4.26746470e-07  4.33294732e-07
    1.44204700e-07  4.03656811e-08  7.79833385e-08  5.03908833e-07
    6.60240312e-07  3.99776506e-07]
  [ 1.05188386e-08  8.42175841e-07  1.02272665e-07  1.83250420e-07
    4.80430881e-07  2.47712549e-07  1.09604125e-11  6.56959789e-07
    2.28169143e-07  8.92180169e-07]
  [ 4.57005819e-08  7.93277892e-07  2.40079137e-07  6.83641224e-07
    7.83857543e-07  4.85186657e-07  7.77920951e-07  1.60718156e-07
    2.97098126e-07  1.98664236e-07]
  [ 1.49088788e-08  8.69410544e-07  2.10143565e-07  9.35006958e-08
    3.00363959e-07  7.63125823e-08  3.23938468e-08  1.00895952e-06
    1.19550430e-06  4.22694212e-07]
  [ 3.94872629e-09  4.36349001e-07  3.31858105e-07  1.96692683e-07
    1.38272693e-07  5.03929049e-09  7.76885457e-08  6.30504568e-07
    7.96822091e-07  2.84225779e-07]
  [ 3.34886159e-07  5.29334688e-07  4.55469383e-07  1.21413438e-07
    2.43013674e-07  1.95249892e-07  6.99554753e-07  6.92052547e-07
    1.22816780e-06  1.39514924e-07]
  [ 2.24685618e-07  1.75561545e-07  7.03226605e-08  8.19704768e-08
    7.61176531e-07  5.53849395e-07  2.33817471e-07  1.05987351e-06
    4.92770532e-07  1.51279852e-06]
  [ 1.18335854e-07  1.38753451e-06  1.04175543e-07  7.56415934e-07
    1.11294647e-06  1.08877372e-06  3.17309874e-07  1.25865265e-06
    1.13463232e-06  1.55397788e-06]
  [ 6.42817717e-09  9.95955959e-07  3.90179768e-07  5.79807559e-07
    9.97032373e-09  3.00068322e-07  7.95178465e-08  4.49338964e-08
    1.00378290e-06  1.54324128e-08]
  [ 3.31318156e-07  4.03400842e-11  9.10785265e-08  8.87651388e-09
    3.51514303e-07  2.25045892e-07  8.26675904e-07  2.89373135e-07
    5.80145546e-08  2.81089611e-07]
  [ 2.96114106e-08  8.66124631e-07  2.55570286e-07  8.34171722e-07
    7.43191901e-07  6.29663491e-07  7.38201692e-07  4.42001397e-08
    4.64916944e-07  2.15949395e-07]
  [ 2.32205402e-07  4.15840173e-11  1.15117085e-07  6.50162344e-09
    3.47536255e-07  1.60641864e-07  7.13780625e-07  2.94491680e-07
    4.06325603e-08  2.51647823e-07]
  [ 1.36919434e-07  9.21504185e-07  3.99479533e-07  5.37541011e-07
    1.32068407e-07  2.44631276e-07  1.52256142e-07  8.73218855e-07
    1.51830295e-06  7.61506807e-07]
  [ 3.48684138e-08  4.52428154e-07  5.34112048e-08  3.17591433e-07
    1.00340050e-06  7.08019107e-07  7.67099798e-08  6.64436558e-07
    8.57923340e-08  1.45644678e-06]
  [ 3.82917471e-07  1.04445145e-06  3.08376532e-07  7.89054387e-07
    1.77546298e-07  8.42533591e-07  4.75823332e-07  2.66868673e-07
    1.31092764e-06  5.43620028e-07]
  [ 3.50158398e-07  9.92984807e-08  2.91754902e-07  8.08084798e-07
    3.03348300e-07  5.53379494e-07  1.01553289e-06  2.71195985e-08
    1.89545756e-07  1.10552917e-07]
  [ 1.29690358e-08  1.23435124e-09  2.00584657e-07  2.65449011e-08
    3.30795407e-07  9.88747264e-09  1.75542080e-07  5.40711230e-07
    2.52342046e-07  3.31824953e-07]
  [ 4.00900379e-07  1.39506093e-06  1.25430784e-07  4.53635848e-07
    1.20384991e-06  1.04605017e-06  1.06711034e-06  8.31024528e-07
    1.04913458e-06  9.87121492e-07]
  [ 1.13330501e-08  1.44269294e-06  3.45044536e-07  8.09132481e-07
    1.16409087e-06  1.02476386e-06  1.27451915e-07  1.28219572e-06
    1.63298760e-06  1.59875369e-06]]]