[[[[[ 2.20516571e-04  1.58001764e-04  9.40749515e-05  4.66739883e-05
      9.70325400e-05]
    [ 1.20721607e-04  1.05457267e-04  7.52193631e-05  5.28509079e-05
      7.68721707e-05]
    [ 7.01257499e-05  1.64870590e-04  1.96794515e-04  1.62931224e-04
      1.45177074e-04]
    [ 5.35827851e-05  1.65191972e-04  2.19798429e-04  2.38196195e-04
      2.80240277e-04]
    [ 1.51696716e-04  2.39022435e-04  3.16144262e-04  4.04884478e-04
      4.28752217e-04]]

   [[-5.50729094e-06  9.04667415e-05  1.35189102e-04  1.17338989e-04
      1.35199385e-04]
    [ 1.22736614e-05  1.70808236e-04  3.05183968e-04  3.07660978e-04
      3.06275720e-04]
    [ 1.34125967e-05  9.63013724e-05  2.42082460e-04  3.05289807e-04
      3.74225093e-04]
    [ 7.52044157e-05  9.73744589e-05  2.00050856e-04  2.83038561e-04
      3.09802763e-04]
    [ 5.60078554e-05  8.49120809e-05  1.52018982e-04  1.68779410e-04
      1.24789953e-04]]

   [[-2.19265046e-05  5.24033121e-05  1.03023740e-04  8.49323393e-05
      1.27064922e-04]
    [-1.55866926e-05  1.39390054e-04  2.65676748e-04  2.83204662e-04
      2.93140791e-04]
    [ 5.06761910e-05  1.37407162e-04  2.60853555e-04  3.07152261e-04
      3.55067938e-04]
    [ 1.08500015e-04  1.40762375e-04  2.35762445e-04  3.08706404e-04
      3.56430422e-04]
    [ 6.31427465e-05  9.91397671e-05  1.72267182e-04  1.96452070e-04
      1.62016640e-04]]

   [[ 2.53608075e-04  1.84138474e-04  1.56419626e-04  7.16512044e-05
      1.05513348e-04]
    [ 1.25345668e-04 -2.81271359e-06  2.60430234e-05  4.02254088e-05
      1.45395862e-04]
    [-2.20452471e-05 -5.88846262e-05  7.19315369e-05  1.32989580e-04
      2.69613291e-04]
    [-8.88632931e-05 -5.58220654e-05  3.28277962e-05  1.17452531e-04
      2.81598714e-04]
    [ 7.75870196e-05  9.37524757e-05  1.47286447e-04  3.01898102e-04
      4.38170773e-04]]

   [[ 2.07779203e-05  1.05084993e-04  1.19112304e-04  1.11126414e-04
      1.43208278e-04]
    [ 5.82058880e-05  2.13524198e-04  2.90857343e-04  3.30734082e-04
      3.50539042e-04]
    [ 9.95847176e-05  1.89420807e-04  2.79711865e-04  3.52193974e-04
      3.98023278e-04]
    [ 1.19690278e-04  1.88580668e-04  2.82386727e-04  3.44720145e-04
      3.17981361e-04]
    [ 5.81961901e-05  1.23412160e-04  1.96643890e-04  1.87844302e-04
      9.90386133e-05]]

   [[-1.94301194e-06  8.05969373e-05  1.38375248e-04  1.16899101e-04
      1.32248453e-04]
    [ 1.99471662e-05  1.65160055e-04  2.93866681e-04  3.08963588e-04
      3.17059365e-04]
    [ 4.74074926e-05  1.31362189e-04  2.54620157e-04  3.33032574e-04
      3.95920186e-04]
    [ 9.29809330e-05  1.38043888e-04  2.27314043e-04  3.02898726e-04
      3.19321423e-04]
    [ 4.50844762e-05  9.77819683e-05  1.74439829e-04  1.81311121e-04
      1.10329459e-04]]]


  [[[-3.31042018e-04 -3.05129409e-04 -2.05962978e-04 -2.03791273e-04
     -1.77239685e-04]
    [-2.68595984e-04 -1.65181693e-04 -1.43822258e-04 -1.86451995e-04
     -1.37257546e-04]
    [-1.68218528e-04 -6.69195017e-05 -1.19156337e-04 -1.81939790e-04
     -9.91160535e-05]
    [-2.58980875e-04 -2.21733631e-04 -1.69878990e-04 -1.02007731e-04
     -2.64732840e-05]
    [-2.45685709e-04 -1.77187107e-04 -6.03169172e-05  6.17054775e-05
      9.29811885e-05]]

   [[-2.00080791e-04 -7.20466954e-05 -2.52609543e-05 -1.40096400e-04
     -1.47150068e-04]
    [-1.70977085e-04 -1.03668673e-04 -6.02747358e-05 -1.20347106e-04
     -7.88058112e-05]
    [-2.86750869e-04 -3.01194857e-04 -1.96070966e-04 -7.94964854e-05
     -8.75637830e-06]
    [-2.00488215e-04 -1.87602845e-04 -4.78836849e-05  4.00615749e-05
     -9.32962263e-07]
    [-6.50292431e-05 -4.61631772e-05 -1.38101091e-05 -4.17694018e-05
     -8.70601021e-05]]

   [[-3.04279064e-04 -1.69101924e-04 -8.85855710e-05 -1.57775242e-04
     -1.37548410e-04]
    [-2.34537543e-04 -1.68757301e-04 -1.07650877e-04 -1.19073410e-04
     -6.40561319e-05]
    [-2.94365406e-04 -2.96319615e-04 -2.02305259e-04 -1.11569392e-04
     -1.69413364e-05]
    [-2.27073985e-04 -1.94029384e-04 -7.68511073e-05  6.62874147e-06
      4.53416952e-05]
    [-9.10673180e-05 -7.73093824e-05 -6.33913555e-05 -4.52299736e-05
     -3.89795264e-05]]

   [[-2.80965359e-04 -3.17677335e-04 -2.51712171e-04 -2.75152852e-04
     -2.01128763e-04]
    [-3.15599553e-04 -3.45255835e-04 -2.19273964e-04 -1.89131049e-04
     -1.79846999e-04]
    [-3.26546401e-04 -2.82592037e-04 -1.15389034e-04 -1.23084377e-04
     -1.30866167e-04]
    [-3.63617057e-04 -3.37476041e-04 -2.31102206e-04 -2.12454676e-04
     -9.31991963e-05]
    [-2.84881943e-04 -3.19733215e-04 -2.34695471e-04 -8.70805500e-05
      5.42564945e-05]]

   [[-1.98067777e-04 -6.21132994e-05 -6.45440031e-05 -1.44444158e-04
     -1.39221733e-04]
    [-1.43292870e-04 -6.46531434e-05 -8.25974186e-05 -1.19967766e-04
     -5.82082416e-05]
    [-2.49062892e-04 -2.13777675e-04 -1.51028714e-04 -7.40661452e-05
     -7.14270809e-06]
    [-2.09883614e-04 -1.39255209e-04 -1.40165102e-05  4.90160397e-05
     -1.55550716e-06]
    [-9.40575992e-05 -4.94675514e-05 -1.89159182e-05 -4.30638630e-05
     -1.06438271e-04]]

   [[-1.54483732e-04 -3.63850187e-05 -1.61622316e-05 -1.30103328e-04
     -1.41221503e-04]
    [-1.55023177e-04 -8.61051242e-05 -6.51547727e-05 -1.13179135e-04
     -7.20069883e-05]
    [-2.53957390e-04 -2.51321317e-04 -1.54612003e-04 -4.16689375e-05
     -1.24059252e-05]
    [-1.80428558e-04 -1.51575912e-04 -1.10703577e-05  6.53964370e-05
     -7.69389338e-06]
    [-5.85489577e-05 -3.64572730e-05  1.42442104e-05 -1.90444706e-05
     -1.04819321e-04]]]


  [[[ 2.15401633e-04  1.94180734e-04  1.75706361e-04  1.64462198e-04
      2.18727273e-04]
    [ 1.47915676e-04  1.17679497e-04  7.34684220e-05  4.44886295e-05
      8.93316554e-05]
    [ 1.44651419e-04  1.62535062e-04  8.85988033e-05  5.41391653e-06
      8.16555820e-05]
    [ 8.27871070e-05  1.20746445e-04  1.13436217e-04  1.51216532e-04
      2.98249060e-04]
    [ 1.22654836e-04  2.24586947e-04  3.07384475e-04  4.40410399e-04
      5.23991124e-04]]

   [[ 3.70879444e-05  8.72682322e-05  8.00219271e-05  4.89948986e-05
      7.26410254e-05]
    [ 1.01666891e-04  1.92176832e-04  2.17778958e-04  1.54567796e-04
      2.01790653e-04]
    [ 2.56513381e-05  1.15247061e-04  2.22652667e-04  2.41872289e-04
      3.77656586e-04]
    [ 6.09979432e-05  2.01504406e-04  3.46470258e-04  4.07891900e-04
      4.47554814e-04]
    [ 1.22202995e-04  2.33254713e-04  2.91145790e-04  3.09298610e-04
      2.68093614e-04]]

   [[ 2.81493256e-05  5.62468973e-05  4.06017747e-05  9.14538806e-06
      5.82521846e-05]
    [ 9.73714974e-05  1.84635594e-04  1.79051180e-04  1.05029546e-04
      1.76183095e-04]
    [ 9.37000945e-05  1.68962012e-04  1.98790037e-04  2.28214679e-04
      3.89670866e-04]
    [ 1.15941911e-04  2.28297019e-04  3.23160549e-04  4.30018093e-04
      5.30361656e-04]
    [ 1.24949214e-04  2.23143459e-04  2.77652409e-04  3.36751917e-04
      3.30216847e-04]]

   [[ 2.91096524e-04  2.32305812e-04  1.62024454e-04  7.26342305e-05
      9.64095440e-05]
    [ 2.01584325e-04  1.21716220e-04  1.13706567e-04  3.88711467e-05
      8.76009684e-05]
    [ 1.38954785e-04  8.71433553e-05  1.24556427e-04  4.02225217e-05
      1.53866222e-04]
    [ 1.62057567e-05 -2.23180208e-05 -2.62375815e-05 -2.17686987e-05
      2.40089863e-04]
    [ 3.45751460e-05  5.28193114e-05  8.77988990e-05  2.25071826e-04
      5.19776599e-04]]

   [[ 6.44596630e-05  8.36996181e-05  5.86457552e-05  5.25456941e-05
      8.53231959e-05]
    [ 1.55158355e-04  2.39007014e-04  2.13660220e-04  1.87847994e-04
      2.57501291e-04]
    [ 1.03773383e-04  2.15946162e-04  2.61765067e-04  3.55140014e-04
      4.83199865e-04]
    [ 1.17336662e-04  2.74541887e-04  3.76408985e-04  5.15513944e-04
      5.25089827e-04]
    [ 1.46848251e-04  2.50652290e-04  2.83905322e-04  3.33240666e-04
      2.66759117e-04]]

   [[ 3.94495046e-05  6.36620912e-05  7.35827926e-05  6.69679944e-05
      8.44706194e-05]
    [ 9.18421152e-05  1.63239295e-04  1.99159305e-04  1.73778115e-04
      2.14532273e-04]
    [ 4.38002736e-05  1.44042850e-04  2.63500287e-04  2.97672458e-04
      3.87906309e-04]
    [ 9.06374582e-05  2.38147388e-04  3.84491281e-04  4.39354159e-04
      4.41369667e-04]
    [ 1.32810110e-04  2.32910311e-04  3.02153938e-04  3.04470836e-04
      2.29586858e-04]]]


  [[[-1.92390954e-04 -2.06433410e-04 -1.57536458e-04 -1.63112849e-04
     -1.52867311e-04]
    [-1.90180750e-04 -1.36670380e-04 -1.21763846e-04 -1.58263383e-04
     -1.28633627e-04]
    [-1.14731946e-04 -2.07800499e-05 -3.82012949e-05 -1.17860017e-04
     -9.52468120e-05]
    [-1.71825196e-04 -7.65993398e-05 -3.94737288e-05 -5.29586227e-05
     -7.99689917e-06]
    [-1.75881691e-04 -4.02865081e-05  6.77766053e-05  1.30511679e-04
      1.43628580e-04]]

   [[-1.22961785e-04 -3.44241626e-05  4.10835580e-06 -6.25918241e-05
     -8.47692432e-05]
    [-8.47127469e-05  9.39276107e-06  7.33377770e-05  1.10213282e-05
      5.13969754e-06]
    [-1.93370017e-04 -1.19502982e-04 -1.20954014e-05  1.05343148e-05
      5.58425061e-05]
    [-1.85200557e-04 -1.05228929e-04  2.74870570e-05  8.03841003e-05
      6.12330859e-05]
    [-1.41066216e-04 -7.09770760e-05  1.92650601e-05  2.06883374e-05
     -4.33547592e-05]]

   [[-2.04098770e-04 -1.00383950e-04 -3.65972782e-05 -9.92829912e-05
     -9.20653894e-05]
    [-1.56296560e-04 -3.16899450e-05  4.17489171e-05 -2.01533903e-05
     -1.37996490e-05]
    [-2.06447584e-04 -1.15835569e-04 -1.98511835e-05 -2.10445062e-05
      2.22792470e-05]
    [-2.20870813e-04 -1.27309760e-04  5.49254601e-06  6.45347539e-05
      8.33952467e-05]
    [-1.79228758e-04 -9.44332683e-05  5.42624101e-06  2.46606215e-05
     -1.83600693e-05]]

   [[-1.22655532e-04 -1.89010461e-04 -1.74345851e-04 -2.06851850e-04
     -1.57376655e-04]
    [-2.35507479e-04 -2.76618106e-04 -1.89287979e-04 -1.72076355e-04
     -1.27114859e-04]
    [-2.63330500e-04 -2.34161713e-04 -8.98426686e-05 -7.56500432e-05
     -5.13581386e-05]
    [-3.06322421e-04 -2.64518269e-04 -1.33816163e-04 -1.00896386e-04
     -2.59697098e-05]
    [-2.59293284e-04 -2.46906292e-04 -1.01239431e-04  2.52551581e-05
      1.39614887e-04]]

   [[-1.25776580e-04 -2.85765247e-05 -1.89279843e-05 -8.41808442e-05
     -8.72144709e-05]
    [-7.13743459e-05  5.00114672e-05  6.05911473e-05  1.56287889e-05
      2.79875606e-05]
    [-1.45227531e-04 -3.68857532e-05  2.03800049e-05  3.68796250e-05
      6.99800548e-05]
    [-1.71561269e-04 -5.26264208e-05  5.33246822e-05  8.76888722e-05
      5.22645047e-05]
    [-1.46506820e-04 -4.81687756e-05  2.36588794e-05 -3.36897914e-06
     -7.70910904e-05]]

   [[-1.03047364e-04 -1.89200174e-05  1.43685590e-05 -5.81338109e-05
     -7.85478812e-05]
    [-6.18868313e-05  2.63496261e-05  7.39528551e-05  2.04604754e-05
      1.91192029e-05]
    [-1.44193967e-04 -6.72490679e-05  1.66185646e-05  4.99347062e-05
      7.21691569e-05]
    [-1.55852677e-04 -6.48976994e-05  4.59501337e-05  1.02225024e-04
      7.00325949e-05]
    [-1.29848361e-04 -5.90264533e-05  2.52642306e-05  3.00735954e-05
     -5.02964168e-05]]]


  [[[ 1.40617473e-04  8.48174856e-05  3.77030990e-05  3.26172628e-06
      6.50627707e-05]
    [ 6.48599409e-05  7.16236139e-05  5.62944406e-05  4.36618362e-05
      7.72811604e-05]
    [ 5.26444965e-05  1.62806576e-04  1.92184398e-04  1.55220882e-04
      1.40064964e-04]
    [ 2.48585822e-05  1.41784562e-04  1.91324450e-04  2.00578182e-04
      2.37159761e-04]
    [ 1.04513814e-04  1.92453321e-04  2.65488428e-04  3.45659404e-04
      3.65740600e-04]]

   [[-1.94788413e-05  9.07048921e-05  1.47024290e-04  1.18944271e-04
      1.37565310e-04]
    [ 2.34745531e-06  1.60135896e-04  2.84095925e-04  2.72104338e-04
      2.69893181e-04]
    [-2.07358060e-05  5.21502468e-05  1.84249747e-04  2.37991373e-04
      2.97693844e-04]
    [ 4.96625102e-05  6.06021912e-05  1.54988733e-04  2.27004310e-04
      2.39789569e-04]
    [ 8.46167067e-05  9.41649983e-05  1.39537101e-04  1.46605791e-04
      9.52610911e-05]]

   [[-4.68657675e-05  4.38951651e-05  1.07277719e-04  9.21161225e-05
      1.38580035e-04]
    [-2.98347596e-05  1.25750206e-04  2.45125413e-04  2.56278607e-04
      2.65539865e-04]
    [ 1.28902312e-05  9.14992641e-05  2.02604732e-04  2.40171336e-04
      2.84876041e-04]
    [ 7.97663505e-05  9.94418711e-05  1.79574700e-04  2.46219354e-04
      2.87298125e-04]
    [ 8.52716677e-05  1.00911016e-04  1.48303347e-04  1.68649651e-04
      1.30119629e-04]]

   [[ 1.87787809e-04  1.16207254e-04  8.75746638e-05  7.97657387e-06
      6.71805379e-05]
    [ 5.24837014e-05 -5.61327239e-05 -1.37743731e-05  8.18291885e-06
      1.15823838e-04]
    [-7.00081284e-05 -7.87994825e-05  7.40077177e-05  1.37460698e-04
      2.51908928e-04]
    [-1.21478027e-04 -6.95922873e-05  4.19119303e-05  1.21345238e-04
      2.55563202e-04]
    [ 3.03926584e-05  5.23047234e-05  1.23984224e-04  2.68127838e-04
      3.78050864e-04]]

   [[ 1.15628247e-05  1.10995238e-04  1.31211475e-04  1.18494487e-04
      1.47723683e-04]
    [ 4.95701116e-05  2.09455195e-04  2.72622550e-04  2.95779230e-04
      3.10593234e-04]
    [ 6.02134108e-05  1.49616271e-04  2.28356362e-04  2.85832265e-04
      3.20674991e-04]
    [ 8.34923174e-05  1.43555999e-04  2.32468502e-04  2.85230856e-04
      2.49550481e-04]
    [ 7.26690724e-05  1.15159337e-04  1.77795916e-04  1.61771221e-04
      6.86577627e-05]]

   [[-6.12478872e-06  9.31452729e-05  1.57834233e-04  1.25000632e-04
      1.37044257e-04]
    [ 1.54842911e-05  1.62486019e-04  2.77298117e-04  2.74074234e-04
      2.79230435e-04]
    [ 1.34683954e-05  8.91694839e-05  2.00320246e-04  2.64356210e-04
      3.14677997e-04]
    [ 6.55185093e-05  9.60939366e-05  1.78759829e-04  2.46024813e-04
      2.47502694e-04]
    [ 7.04859199e-05  9.97970760e-05  1.57513023e-04  1.61549105e-04
      8.23622740e-05]]]


  [[[ 3.38620827e-04  2.35468980e-04  8.13868042e-05 -9.54597425e-06
      1.08707879e-04]
    [ 2.03268775e-04  1.00109025e-04 -4.80228235e-05 -6.10435033e-05
      6.22839203e-05]
    [ 1.50133600e-04  1.45945702e-04  1.03080351e-04  1.10042834e-04
      2.00719854e-04]
    [ 1.07540856e-04  1.05408709e-04  1.36637066e-04  2.42996970e-04
      4.01904005e-04]
    [ 1.74199326e-04  2.26943056e-04  2.34038003e-04  3.67310345e-04
      5.03418182e-04]]

   [[ 1.85071750e-05  6.39650307e-05  7.35694681e-05  8.79044687e-05
      1.14008470e-04]
    [ 6.95378048e-05  2.07506985e-04  3.16736319e-04  2.91455063e-04
      3.06441618e-04]
    [ 9.79474122e-05  1.57977350e-04  2.12215462e-04  2.43226345e-04
      4.30367908e-04]
    [ 1.20240942e-04  2.05476146e-04  2.19961777e-04  2.64504766e-04
      3.94455389e-04]
    [ 3.65293245e-05  1.70154992e-04  2.14629979e-04  2.11706888e-04
      2.15130837e-04]]

   [[ 5.89191826e-05  4.88861296e-05  1.49717645e-06  1.83450277e-05
      8.74131385e-05]
    [ 1.02712010e-04  1.75341495e-04  1.98413701e-04  2.28668289e-04
      3.11012684e-04]
    [ 1.56269216e-04  1.64891780e-04  1.55039665e-04  2.57969173e-04
      4.64963174e-04]
    [ 1.39295637e-04  2.15562533e-04  2.31492468e-04  3.13625430e-04
      4.64451614e-04]
    [ 3.54526311e-05  1.87173927e-04  2.11213583e-04  2.17668750e-04
      2.67180156e-04]]

   [[ 4.02301896e-04  3.19265930e-04  2.07442765e-04  2.42568221e-06
     -6.85476576e-05]
    [ 2.55939327e-04  8.25353098e-05  2.19143628e-05 -5.17320315e-05
      5.30438507e-05]
    [ 1.55507940e-04  7.02193784e-05  5.47009193e-05  4.68686572e-05
      2.34343877e-04]
    [ 9.29661717e-05  5.77230893e-05 -3.14788783e-05 -5.54634788e-08
      2.72296170e-04]
    [ 1.87227481e-04  1.90481218e-04  1.02880081e-04  1.77939731e-04
      4.56596126e-04]]

   [[ 3.54350255e-05  4.64653913e-05  3.38639926e-05  8.89401346e-05
      1.56799747e-04]
    [ 1.11207230e-04  2.21718272e-04  3.02209651e-04  3.72492230e-04
      4.14093762e-04]
    [ 1.68978063e-04  1.98462844e-04  2.29349503e-04  3.99067743e-04
      5.56766759e-04]
    [ 1.84008641e-04  2.69561793e-04  2.51899736e-04  3.88582299e-04
      4.73809022e-04]
    [ 8.45758170e-05  2.39145956e-04  2.21363448e-04  2.48680299e-04
      2.37724659e-04]]

   [[ 5.07660722e-06  2.27719401e-05  6.74386589e-05  1.05146641e-04
      1.21247433e-04]
    [ 4.98076267e-05  1.76035463e-04  3.10556977e-04  3.37218231e-04
      3.33822300e-04]
    [ 1.00395791e-04  1.68014048e-04  2.47213842e-04  3.19099591e-04
      4.50847533e-04]
    [ 1.53784600e-04  2.41168896e-04  2.55704710e-04  2.98122352e-04
      3.88214387e-04]
    [ 5.77823534e-05  1.95047828e-04  2.38775558e-04  2.06446830e-04
      1.77266311e-04]]]


  [[[ 1.78497410e-04  1.77937003e-04  1.27589315e-04  5.58448647e-05
      1.11581271e-04]
    [ 1.81529828e-04  2.08397656e-04  1.42392159e-04  6.64211535e-05
      8.43451739e-05]
    [ 1.68872689e-04  2.06300443e-04  1.34653304e-04  6.50986864e-05
      1.05586776e-04]
    [ 5.12029737e-05  4.50148458e-05  5.32025882e-05  1.20767150e-04
      2.24077642e-04]
    [ 9.09522707e-05  1.16032322e-04  1.96389734e-04  3.35582698e-04
      3.87609460e-04]]

   [[ 4.74387507e-05  1.43746740e-04  1.59707751e-04  8.23677529e-05
      5.46848752e-05]
    [ 3.20448760e-05  1.30225867e-04  1.99422643e-04  1.63238234e-04
      1.62226367e-04]
    [-5.94031750e-05 -3.37213844e-05  7.59286194e-05  1.62654980e-04
      2.80557439e-04]
    [ 2.76324031e-05  7.96941122e-05  1.83118563e-04  2.53156094e-04
      2.92280763e-04]
    [ 9.69356005e-05  1.56134911e-04  1.86936923e-04  1.67431971e-04
      1.25834385e-04]]

   [[ 2.28479192e-05  1.01073358e-04  1.26289168e-04  6.98779586e-05
      6.05203510e-05]
    [ 3.49231254e-05  1.07718521e-04  1.42205575e-04  1.34385541e-04
      1.67070172e-04]
    [ 6.42983848e-06 -5.71908879e-06  4.45392928e-05  1.52833863e-04
      2.90541108e-04]
    [ 6.94025273e-05  9.77800778e-05  1.82455018e-04  2.90399260e-04
      3.62443724e-04]
    [ 1.07569651e-04  1.64610497e-04  1.92533808e-04  2.18746783e-04
      2.02152442e-04]]

   [[ 1.73422161e-04  1.66374108e-04  1.81011686e-04  7.70954660e-05
      4.76902895e-05]
    [ 1.34971590e-04  8.71998682e-05  1.50175840e-04  1.06577051e-04
      1.09756799e-04]
    [ 7.16535787e-05  4.19595166e-05  1.29864519e-04  1.01593900e-04
      1.61587052e-04]
    [-1.85942619e-05 -6.02271479e-05 -5.81348663e-05 -1.57154651e-05
      1.93392692e-04]
    [ 5.72143465e-05  3.35351381e-05  3.05887656e-05  1.96634662e-04
      4.31142260e-04]]

   [[ 7.32510605e-05  1.40349976e-04  1.20298762e-04  8.92841096e-05
      8.17821861e-05]
    [ 8.28066283e-05  1.65614843e-04  1.73442882e-04  1.82947748e-04
      2.11958476e-04]
    [ 2.04305486e-05  5.00560576e-05  1.10727410e-04  2.33078784e-04
      3.41805342e-04]
    [ 7.73667374e-05  1.53141235e-04  2.49007915e-04  3.59378614e-04
      3.56450670e-04]
    [ 1.14355398e-04  1.85386205e-04  2.06550034e-04  2.19824734e-04
      1.45791364e-04]]

   [[ 6.46176055e-05  1.33052482e-04  1.44487916e-04  9.09981138e-05
      6.06367945e-05]
    [ 2.69926901e-05  1.06058029e-04  1.80809831e-04  1.77456258e-04
      1.73467561e-04]
    [-4.43505422e-05 -1.72805669e-05  1.03975081e-04  1.98757280e-04
      2.76922632e-04]
    [ 4.45823625e-05  1.08808743e-04  2.16082674e-04  2.76254440e-04
      2.81969306e-04]
    [ 9.96301110e-05  1.72246410e-04  2.09668334e-04  1.68433672e-04
      9.68573530e-05]]]


  [[[-3.29155439e-04 -2.80439669e-04 -1.89044978e-04 -1.75103906e-04
     -1.89759263e-04]
    [-2.35025664e-04 -1.95599193e-04 -2.16101839e-04 -2.70257588e-04
     -2.32538741e-04]
    [-2.23979697e-04 -2.32584593e-04 -2.84993496e-04 -2.35716399e-04
     -1.18959976e-04]
    [-2.28158744e-04 -2.63895991e-04 -2.34855908e-04 -5.89201310e-05
      2.18597010e-05]
    [-1.46446806e-04 -1.58729000e-04 -9.89094205e-05  3.33903327e-05
      6.72990272e-05]]

   [[-1.75959832e-04 -1.57805154e-04 -1.82196167e-04 -2.42384565e-04
     -2.31755604e-04]
    [-1.87796118e-04 -2.00683885e-04 -2.10666457e-04 -2.00186503e-04
     -1.05117123e-04]
    [-2.14425071e-04 -2.01348338e-04 -1.65939698e-04 -7.41243945e-05
      2.23631603e-05]
    [-1.35409101e-04 -1.46947372e-04 -1.10671724e-04 -7.81929413e-05
     -8.98191934e-05]
    [-1.54422574e-04 -2.46737397e-04 -2.34957801e-04 -2.38752058e-04
     -2.70564610e-04]]

   [[-2.40730643e-04 -2.03319076e-04 -2.02214275e-04 -2.61774307e-04
     -2.21563780e-04]
    [-2.00367535e-04 -2.17358356e-04 -2.50139331e-04 -2.03461654e-04
     -7.23598441e-05]
    [-2.17688693e-04 -2.34392307e-04 -2.01746103e-04 -8.05836519e-05
      1.33944162e-05]
    [-1.68838876e-04 -1.78611169e-04 -1.33607214e-04 -8.48183199e-05
     -5.33968870e-05]
    [-1.47195330e-04 -2.21782437e-04 -2.56618215e-04 -2.35337905e-04
     -2.17882196e-04]]

   [[-2.88920597e-04 -3.07907875e-04 -2.90021798e-04 -2.82467648e-04
     -1.35989414e-04]
    [-2.57364131e-04 -2.63854276e-04 -3.08370560e-04 -3.30271340e-04
     -1.85500621e-04]
    [-2.46378531e-04 -2.50450855e-04 -3.30050523e-04 -3.41402841e-04
     -1.90364821e-04]
    [-2.73048150e-04 -3.01874359e-04 -3.37604709e-04 -2.86904709e-04
     -1.82501858e-04]
    [-1.86477499e-04 -2.63255613e-04 -2.54575435e-04 -1.25527046e-04
     -8.97766571e-05]]

   [[-1.81586025e-04 -1.55235842e-04 -1.98232041e-04 -2.30433311e-04
     -2.17842289e-04]
    [-2.11671695e-04 -2.05335995e-04 -2.00851066e-04 -1.37770818e-04
     -7.09025402e-05]
    [-2.29021749e-04 -2.26006120e-04 -1.39643411e-04 -1.82537361e-05
     -7.28206702e-06]
    [-1.55062625e-04 -1.48059394e-04 -6.15779060e-05 -3.78484533e-05
     -1.31274407e-04]
    [-1.62592678e-04 -2.03152852e-04 -1.81608090e-04 -1.86307212e-04
     -2.97942266e-04]]

   [[-1.58192934e-04 -1.47182113e-04 -1.70362737e-04 -2.41590602e-04
     -2.41833379e-04]
    [-1.88641880e-04 -2.02609479e-04 -2.03336974e-04 -1.79291118e-04
     -9.95842204e-05]
    [-2.00045011e-04 -1.71900170e-04 -1.23275323e-04 -2.66309326e-05
      1.31042154e-05]
    [-1.36607442e-04 -1.09405538e-04 -6.37386884e-05 -3.17491332e-05
     -8.65900764e-05]
    [-1.64355789e-04 -2.03245222e-04 -1.79376086e-04 -2.15115601e-04
     -2.79807411e-04]]]


  [[[ 2.79574528e-04  2.34664748e-04  1.75380334e-04  1.23766083e-04
      1.73829238e-04]
    [ 1.95030059e-04  1.89348885e-04  1.51910020e-04  1.15020123e-04
      1.32849480e-04]
    [ 1.63356088e-04  2.36909438e-04  2.33192470e-04  1.78130848e-04
      1.70978372e-04]
    [ 1.17963696e-04  1.90870820e-04  2.22504151e-04  2.44740229e-04
      3.03097110e-04]
    [ 1.81470915e-04  2.62094070e-04  3.39228195e-04  4.37480479e-04
      4.72154092e-04]]

   [[ 5.23400580e-05  1.44650167e-04  1.84261808e-04  1.51065990e-04
      1.54390095e-04]
    [ 7.63313342e-05  2.17899579e-04  3.25683485e-04  3.05219357e-04
      3.00895503e-04]
    [ 4.33816408e-05  1.18493576e-04  2.49471738e-04  3.07909829e-04
      3.93215832e-04]
    [ 8.94352778e-05  1.47438898e-04  2.56554359e-04  3.30249381e-04
      3.68951505e-04]
    [ 9.98012389e-05  1.67643596e-04  2.26553247e-04  2.23272979e-04
      1.87575832e-04]]

   [[ 3.66625305e-05  1.11538425e-04  1.57365654e-04  1.27116907e-04
      1.51819804e-04]
    [ 5.98526350e-05  1.96083552e-04  2.89366134e-04  2.81832451e-04
      2.90488970e-04]
    [ 1.00324115e-04  1.67317041e-04  2.61329934e-04  3.09706155e-04
      3.83584815e-04]
    [ 1.31784164e-04  1.89445315e-04  2.84039419e-04  3.61630856e-04
      4.29084094e-04]
    [ 1.01897649e-04  1.79346211e-04  2.42346089e-04  2.62235067e-04
      2.42511423e-04]]

   [[ 2.90802728e-04  2.40741868e-04  2.28980537e-04  1.47280357e-04
      1.62585375e-04]
    [ 1.86361078e-04  8.55924831e-05  1.22906926e-04  1.28900659e-04
      2.18095073e-04]
    [ 7.51562295e-05  4.70715350e-05  1.53017492e-04  1.83550780e-04
      3.17513315e-04]
    [-7.06632254e-08  1.60817720e-05  6.68095304e-05  1.26555438e-04
      3.23595457e-04]
    [ 1.23614297e-04  1.36793527e-04  1.72083704e-04  3.18903560e-04
      5.01098282e-04]]

   [[ 8.18558661e-05  1.55248159e-04  1.64251788e-04  1.52481322e-04
      1.71247478e-04]
    [ 1.30974394e-04  2.61925859e-04  3.09790434e-04  3.32327026e-04
      3.52106577e-04]
    [ 1.39814257e-04  2.14210232e-04  2.85227108e-04  3.72157396e-04
      4.42343090e-04]
    [ 1.44854934e-04  2.36922592e-04  3.28098974e-04  4.11955147e-04
      4.04153997e-04]
    [ 1.12933433e-04  2.04890235e-04  2.56208285e-04  2.55930552e-04
      1.80882586e-04]]

   [[ 5.88027450e-05  1.30378864e-04  1.78962948e-04  1.54906491e-04
      1.55950260e-04]
    [ 7.89780012e-05  2.00809839e-04  3.07562220e-04  3.08255261e-04
      3.10779830e-04]
    [ 7.14211691e-05  1.45482564e-04  2.65206591e-04  3.36615246e-04
      4.04941601e-04]
    [ 1.11222512e-04  1.82951510e-04  2.81891407e-04  3.50158103e-04
      3.70330675e-04]
    [ 9.70437153e-05  1.78527509e-04  2.43654574e-04  2.30198154e-04
      1.66913422e-04]]]


  [[[ 2.10541243e-04  1.53570880e-04  6.90379570e-05  6.42895059e-05
      2.06324327e-04]
    [ 1.39349568e-04  3.83682106e-05 -6.55750002e-05 -1.22424106e-05
      1.42435471e-04]
    [ 1.49363725e-04  1.04424564e-04  4.25142579e-05  7.05044624e-05
      1.91697798e-04]
    [ 8.66141306e-05  7.77140173e-05  1.18720306e-04  2.28180347e-04
      3.58996297e-04]
    [ 1.20663464e-04  1.95826351e-04  2.68765243e-04  4.00828148e-04
      4.82893851e-04]]

   [[ 2.78798785e-05  4.44527718e-05  1.94396532e-05  5.18073360e-05
      1.33119891e-04]
    [ 1.03942455e-04  1.78739184e-04  2.29653310e-04  2.07815298e-04
      2.40571448e-04]
    [ 4.37137555e-05  1.09728604e-04  1.91888733e-04  2.03617943e-04
      3.40548967e-04]
    [ 8.09054991e-05  1.88163270e-04  2.60039687e-04  3.03803108e-04
      3.78669547e-04]
    [ 1.31520232e-04  2.18871307e-04  2.36760774e-04  2.46601494e-04
      2.22917409e-04]]

   [[ 5.40369959e-05  2.31421064e-05 -5.72573622e-05 -2.00326208e-05
      1.07864767e-04]
    [ 1.31545309e-04  1.57953506e-04  1.26138160e-04  1.37847386e-04
      2.36667630e-04]
    [ 1.15566377e-04  1.38749150e-04  1.36797223e-04  2.10817413e-04
      3.84888675e-04]
    [ 1.36732367e-04  2.16574163e-04  2.56762516e-04  3.47406821e-04
      4.46985500e-04]
    [ 1.41767225e-04  2.20890381e-04  2.20336032e-04  2.52594114e-04
      2.63022890e-04]]

   [[ 3.39624874e-04  2.54655141e-04  7.97990556e-05 -7.28823260e-05
     -5.86482393e-05]
    [ 2.38837707e-04  1.06494301e-04  1.95775643e-06 -8.86743249e-05
     -4.53340613e-06]
    [ 2.05682190e-04  9.60041142e-05  5.82868434e-05  5.23991541e-06
      1.37837396e-04]
    [ 8.69476929e-05  5.11565026e-06 -5.68415786e-05 -2.86356579e-05
      2.15903608e-04]
    [ 9.57954278e-05  9.38235468e-05  7.11697989e-05  1.67763822e-04
      4.43974698e-04]]

   [[ 5.76906707e-05  2.57527211e-05 -7.77402322e-06  6.20004375e-05
      1.51058973e-04]
    [ 1.55995417e-04  2.11265822e-04  2.46058778e-04  2.75798564e-04
      3.12647716e-04]
    [ 1.05687765e-04  1.93279736e-04  2.59915135e-04  3.69659979e-04
      4.68502586e-04]
    [ 1.36596071e-04  2.61355558e-04  3.07001381e-04  4.32503442e-04
      4.59920329e-04]
    [ 1.58362820e-04  2.44701596e-04  2.33520325e-04  2.61946619e-04
      2.25450484e-04]]

   [[ 2.43245627e-05  1.90531978e-05  2.58357216e-05  8.05840720e-05
      1.41178500e-04]
    [ 8.38225223e-05  1.57378553e-04  2.31781332e-04  2.44545041e-04
      2.59008699e-04]
    [ 4.11732725e-05  1.36443552e-04  2.49443774e-04  2.70955275e-04
      3.59220084e-04]
    [ 1.04136798e-04  2.27979808e-04  3.13056265e-04  3.35755413e-04
      3.70603513e-04]
    [ 1.40394488e-04  2.27657659e-04  2.54371468e-04  2.36983387e-04
      1.82838809e-04]]]


  [[[ 4.26922244e-04  3.08028906e-04  1.48419996e-04  6.66972160e-05
      1.80645055e-04]
    [ 2.46968899e-04  1.44882309e-04  1.35106783e-06 -2.41928835e-05
      8.92796729e-05]
    [ 1.62361370e-04  1.56749917e-04  9.99995507e-05  1.06538617e-04
      2.09498657e-04]
    [ 1.61568893e-04  1.44464021e-04  1.50155749e-04  2.69841663e-04
      4.42385154e-04]
    [ 2.53144705e-04  2.73605866e-04  2.70906738e-04  4.10894587e-04
      5.53623665e-04]]

   [[ 4.44590380e-05  8.69285559e-05  9.10550712e-05  9.89181180e-05
      1.28464475e-04]
    [ 1.18802466e-04  2.48747156e-04  3.35099170e-04  3.10496176e-04
      3.38366204e-04]
    [ 1.94043208e-04  2.40527278e-04  2.77642349e-04  3.17693006e-04
      5.20571801e-04]
    [ 2.00256069e-04  2.60803872e-04  2.68696783e-04  3.18753373e-04
      4.59153114e-04]
    [ 6.80196170e-05  1.91457638e-04  2.39942907e-04  2.33267903e-04
      2.34190011e-04]]

   [[ 8.10651684e-05  7.23004905e-05  2.80783507e-05  3.91133315e-05
      1.12715728e-04]
    [ 1.29318311e-04  2.07555800e-04  2.10324457e-04  2.36567526e-04
      3.38493301e-04]
    [ 2.39998548e-04  2.35986200e-04  2.07378404e-04  3.28059282e-04
      5.46790342e-04]
    [ 2.25437940e-04  2.74634159e-04  2.81183608e-04  3.71400640e-04
      5.24855999e-04]
    [ 7.68926418e-05  2.19035119e-04  2.49173802e-04  2.42012958e-04
      2.82711924e-04]]

   [[ 4.63771621e-04  3.83663861e-04  2.92489266e-04  9.86969421e-05
      2.57471255e-05]
    [ 3.23789509e-04  1.58022061e-04  1.19566641e-04  3.74747975e-05
      1.29143392e-04]
    [ 1.92485701e-04  1.19789142e-04  9.75945723e-05  5.82119258e-05
      2.52708565e-04]
    [ 1.48315240e-04  1.14115746e-04 -3.10930048e-06  9.43216914e-06
      3.01281722e-04]
    [ 2.70755016e-04  2.53879440e-04  1.45054815e-04  2.26504240e-04
      5.13564045e-04]]

   [[ 5.32283833e-05  7.66157084e-05  5.47737588e-05  9.83746133e-05
      1.79026449e-04]
    [ 1.46983545e-04  2.61554524e-04  3.09104838e-04  3.83231627e-04
      4.48951285e-04]
    [ 2.57967818e-04  2.71514877e-04  2.81846309e-04  4.76889896e-04
      6.46124063e-04]
    [ 2.59603961e-04  3.24321699e-04  3.08149933e-04  4.47825138e-04
      5.34960232e-04]
    [ 1.15417310e-04  2.66687008e-04  2.59921079e-04  2.70209232e-04
      2.51294230e-04]]

   [[ 2.56789112e-05  4.06189540e-05  8.16650104e-05  1.13963199e-04
      1.29919379e-04]
    [ 9.90620531e-05  2.12660338e-04  3.28109248e-04  3.58650202e-04
      3.66549732e-04]
    [ 1.96318743e-04  2.44645220e-04  3.09575742e-04  3.94078897e-04
      5.45170908e-04]
    [ 2.30489650e-04  2.92720514e-04  3.03045229e-04  3.50438637e-04
      4.52282731e-04]
    [ 8.53228457e-05  2.18802758e-04  2.62096188e-04  2.23424621e-04
      1.95537031e-04]]]


  [[[ 4.15245969e-04  3.14562905e-04  1.75468844e-04  1.01198745e-04
      1.94325030e-04]
    [ 2.62221362e-04  1.77400140e-04  5.77078146e-05  1.89988498e-05
      9.20016073e-05]
    [ 1.57315239e-04  1.54721033e-04  9.29116105e-05  8.18911315e-05
      1.69956153e-04]
    [ 1.44914831e-04  1.26258451e-04  1.14784560e-04  2.20218590e-04
      3.80058830e-04]
    [ 2.56764105e-04  2.65169761e-04  2.68482593e-04  4.03370142e-04
      5.19671818e-04]]

   [[ 5.74000726e-05  1.01269551e-04  9.88628381e-05  8.88340430e-05
      1.11810409e-04]
    [ 1.02792136e-04  2.20768441e-04  2.94584627e-04  2.78122681e-04
      3.09179174e-04]
    [ 1.69110062e-04  2.14015165e-04  2.62418580e-04  3.18041735e-04
      4.97608108e-04]
    [ 2.05273391e-04  2.51398486e-04  2.78414613e-04  3.35201134e-04
      4.43539535e-04]
    [ 9.66456440e-05  1.85636190e-04  2.28542344e-04  2.19069696e-04
      2.12711898e-04]]

   [[ 8.48788213e-05  8.16219920e-05  4.76962872e-05  5.26643400e-05
      1.08900904e-04]
    [ 1.06134401e-04  1.78354183e-04  1.86386969e-04  2.13459248e-04
      3.01084629e-04]
    [ 2.10592014e-04  2.04496381e-04  1.91645703e-04  3.12669603e-04
      5.02977374e-04]
    [ 2.30227922e-04  2.57816669e-04  2.77857291e-04  3.74447374e-04
      4.96354374e-04]
    [ 1.08564086e-04  2.07179805e-04  2.42287692e-04  2.45817391e-04
      2.63011696e-04]]

   [[ 4.16356874e-04  3.63601541e-04  3.08296650e-04  1.30373896e-04
      6.96668235e-05]
    [ 3.10712499e-04  1.72299432e-04  1.58423152e-04  7.74429593e-05
      1.43580327e-04]
    [ 1.61970815e-04  9.69704387e-05  1.05292565e-04  6.78461477e-05
      2.29044570e-04]
    [ 9.66090147e-05  6.55544960e-05 -9.18744099e-06  1.94840483e-05
      2.95628289e-04]
    [ 2.32384270e-04  2.22207459e-04  1.48787417e-04  2.59844301e-04
      5.34673822e-04]]

   [[ 6.57814424e-05  9.02497503e-05  5.85069358e-05  9.68132843e-05
      1.62314937e-04]
    [ 1.25918760e-04  2.24146085e-04  2.49163765e-04  3.32530009e-04
      4.03987838e-04]
    [ 2.32709955e-04  2.45364976e-04  2.58239266e-04  4.39186964e-04
      5.89507300e-04]
    [ 2.60808901e-04  3.16377678e-04  3.28955621e-04  4.55086593e-04
      5.04345759e-04]
    [ 1.33798654e-04  2.49004857e-04  2.60123819e-04  2.73023394e-04
      2.29041756e-04]]

   [[ 3.86194484e-05  5.96802816e-05  8.96438320e-05  1.03427748e-04
      1.13096962e-04]
    [ 8.12307424e-05  1.81807618e-04  2.82705458e-04  3.15629806e-04
      3.30216203e-04]
    [ 1.72673414e-04  2.17603029e-04  2.92427557e-04  3.82717379e-04
      5.13980430e-04]
    [ 2.27431639e-04  2.83680915e-04  3.18821193e-04  3.70719089e-04
      4.38424273e-04]
    [ 1.04383218e-04  2.14064013e-04  2.52806464e-04  2.16306638e-04
      1.81952500e-04]]]


  [[[-2.76706991e-04 -2.42227589e-04 -1.90568530e-04 -2.07204857e-04
     -2.15480170e-04]
    [-1.97747192e-04 -1.81557947e-04 -2.31030957e-04 -2.82460279e-04
     -2.28141373e-04]
    [-2.01845332e-04 -2.20344289e-04 -2.65225722e-04 -2.04002161e-04
     -9.77074666e-05]
    [-2.06501464e-04 -2.44732093e-04 -2.03388420e-04 -2.79834018e-05
      3.45427997e-05]
    [-1.16488140e-04 -1.41792360e-04 -9.21126968e-05  2.66709373e-05
      5.37761193e-05]]

   [[-1.65537771e-04 -1.54843456e-04 -1.84593479e-04 -2.26071643e-04
     -2.07514759e-04]
    [-1.84595836e-04 -1.97582122e-04 -1.89556176e-04 -1.68205465e-04
     -8.53898554e-05]
    [-1.89235425e-04 -1.87733485e-04 -1.53784483e-04 -6.87577873e-05
      1.82719196e-05]
    [-1.05704043e-04 -1.42643279e-04 -1.24671686e-04 -9.00466008e-05
     -9.26781205e-05]
    [-1.44207461e-04 -2.54548906e-04 -2.40526656e-04 -2.30153588e-04
     -2.55183372e-04]]

   [[-2.11156928e-04 -1.83313449e-04 -1.96310258e-04 -2.49022863e-04
     -1.98543607e-04]
    [-1.80668807e-04 -2.04825558e-04 -2.28930899e-04 -1.68932299e-04
     -4.44661989e-05]
    [-1.91930841e-04 -2.24019025e-04 -1.86249711e-04 -6.06339939e-05
      1.98728675e-05]
    [-1.41847423e-04 -1.76185218e-04 -1.35064251e-04 -8.25633411e-05
     -6.26308028e-05]
    [-1.29773061e-04 -2.19240160e-04 -2.49670013e-04 -2.28387795e-04
     -2.21483725e-04]]

   [[-2.37851167e-04 -2.50543559e-04 -2.47100273e-04 -2.77962218e-04
     -1.58602854e-04]
    [-2.24741673e-04 -2.36186070e-04 -2.87641766e-04 -3.26811602e-04
     -1.88285405e-04]
    [-2.19053468e-04 -2.32050755e-04 -3.09227728e-04 -3.01995243e-04
     -1.59038056e-04]
    [-2.35160964e-04 -2.69988630e-04 -3.01063137e-04 -2.33558000e-04
     -1.60045192e-04]
    [-1.45830723e-04 -2.26310247e-04 -2.21397616e-04 -1.03957087e-04
     -9.87465845e-05]]

   [[-1.66082169e-04 -1.50327179e-04 -1.95663156e-04 -2.18307110e-04
     -1.92580212e-04]
    [-2.11365731e-04 -2.03484044e-04 -1.70666943e-04 -9.48804071e-05
     -4.26618765e-05]
    [-2.15185047e-04 -2.21846047e-04 -1.26081943e-04 -2.14423091e-06
     -4.36980829e-06]
    [-1.33951014e-04 -1.48075680e-04 -7.30394670e-05 -4.91889560e-05
     -1.38738207e-04]
    [-1.53053844e-04 -2.05306907e-04 -1.82070107e-04 -1.86640450e-04
     -2.95268338e-04]]

   [[-1.48909174e-04 -1.46894283e-04 -1.71088736e-04 -2.26988349e-04
     -2.19665585e-04]
    [-1.91303361e-04 -2.01496952e-04 -1.80103409e-04 -1.44961494e-04
     -7.54408264e-05]
    [-1.82647994e-04 -1.63308119e-04 -1.15303039e-04 -2.34523339e-05
      1.78026805e-05]
    [-1.11363426e-04 -1.05724617e-04 -7.84401210e-05 -4.69734057e-05
     -8.45073266e-05]
    [-1.60085432e-04 -2.11547830e-04 -1.85927679e-04 -2.05116269e-04
     -2.59863074e-04]]]


  [[[-5.56291126e-04 -5.16206557e-04 -3.40021672e-04 -1.94625105e-04
     -1.52434528e-04]
    [-4.10402977e-04 -3.01207987e-04 -1.95718319e-04 -2.01005439e-04
     -1.80043335e-04]
    [-2.77923143e-04 -2.28258953e-04 -2.97005657e-04 -3.26198202e-04
     -2.03000711e-04]
    [-2.79644496e-04 -3.04509287e-04 -3.53669407e-04 -2.54351160e-04
     -1.31725749e-04]
    [-3.13321223e-04 -2.96967229e-04 -2.16268000e-04 -5.24312774e-05
      2.95421816e-05]]

   [[-2.01625711e-04 -1.50512543e-04 -1.29928711e-04 -2.16454262e-04
     -2.13676255e-04]
    [-1.80699047e-04 -1.84396487e-04 -2.52457261e-04 -2.81229722e-04
     -1.83140444e-04]
    [-3.60886311e-04 -3.43662891e-04 -3.03562582e-04 -1.88252332e-04
     -7.73697375e-05]
    [-3.88536492e-04 -3.49292051e-04 -1.99007001e-04 -1.01134576e-04
     -7.84494033e-05]
    [-3.21477302e-04 -3.18185428e-04 -2.47704701e-04 -2.36482564e-04
     -2.15559148e-04]]

   [[-3.41006021e-04 -2.70367441e-04 -1.96986482e-04 -2.41846639e-04
     -2.16879186e-04]
    [-2.84697988e-04 -2.47577527e-04 -2.84699267e-04 -3.07290162e-04
     -1.93290142e-04]
    [-3.69903243e-04 -3.50156713e-04 -3.37198724e-04 -2.56109600e-04
     -1.20779446e-04]
    [-3.79245781e-04 -3.53012947e-04 -2.63773667e-04 -1.63185219e-04
     -4.20964715e-05]
    [-3.19156153e-04 -3.45226092e-04 -3.25074543e-04 -2.43458221e-04
     -1.38746069e-04]]

   [[-4.90578460e-04 -5.37100914e-04 -5.02953104e-04 -3.81607043e-04
     -1.65467441e-04]
    [-4.23684706e-04 -3.97307881e-04 -3.62532540e-04 -3.13638165e-04
     -2.14270407e-04]
    [-3.61122200e-04 -3.25824648e-04 -3.35002920e-04 -4.10004336e-04
     -3.31501709e-04]
    [-3.93232999e-04 -4.23148155e-04 -4.49292672e-04 -4.80585339e-04
     -3.03072836e-04]
    [-3.72975250e-04 -4.55681968e-04 -4.23216043e-04 -2.97842177e-04
     -1.01856366e-04]]

   [[-2.38575997e-04 -1.71244849e-04 -1.71359459e-04 -2.01262115e-04
     -2.21336756e-04]
    [-1.94461199e-04 -1.78502178e-04 -2.74545955e-04 -2.83946566e-04
     -1.96751681e-04]
    [-3.19271631e-04 -2.94654942e-04 -2.69739304e-04 -1.83633192e-04
     -1.11754784e-04]
    [-3.53157626e-04 -3.01132157e-04 -1.53931882e-04 -7.17952301e-05
     -8.92132725e-05]
    [-3.17441483e-04 -2.99298949e-04 -2.20259474e-04 -1.76233182e-04
     -2.04950884e-04]]

   [[-1.74695291e-04 -1.23123876e-04 -1.20815243e-04 -2.04760420e-04
     -2.12969078e-04]
    [-1.52989972e-04 -1.75407822e-04 -2.47275248e-04 -2.68173754e-04
     -1.83520399e-04]
    [-3.21614717e-04 -3.09109587e-04 -2.53600449e-04 -1.36864755e-04
     -8.27986378e-05]
    [-3.80302554e-04 -3.19661588e-04 -1.57015035e-04 -5.70456326e-05
     -8.15151620e-05]
    [-3.13865816e-04 -2.74436663e-04 -1.93393681e-04 -2.08668320e-04
     -2.27484277e-04]]]


  [[[-5.33813016e-04 -4.97122436e-04 -3.29515738e-04 -1.98134748e-04
     -1.60305605e-04]
    [-3.99439761e-04 -2.93924639e-04 -1.97133113e-04 -2.06274619e-04
     -1.82036159e-04]
    [-2.71345495e-04 -2.16752248e-04 -2.77896672e-04 -2.98904037e-04
     -1.79291998e-04]
    [-2.65910994e-04 -2.85869608e-04 -3.24185546e-04 -2.18680907e-04
     -1.04328918e-04]
    [-2.88037882e-04 -2.79202809e-04 -2.03500271e-04 -4.37502286e-05
      3.45851159e-05]]

   [[-1.99032888e-04 -1.44628523e-04 -1.24088116e-04 -2.10349657e-04
     -2.07269559e-04]
    [-1.75321386e-04 -1.74223848e-04 -2.32850723e-04 -2.59965807e-04
     -1.63914190e-04]
    [-3.38352562e-04 -3.24114693e-04 -2.84537676e-04 -1.73204444e-04
     -6.53253602e-05]
    [-3.55822160e-04 -3.30288423e-04 -1.94306827e-04 -1.01307001e-04
     -8.21791003e-05]
    [-2.92406132e-04 -3.06064609e-04 -2.45112975e-04 -2.28827162e-04
     -2.12582829e-04]]

   [[-3.31264360e-04 -2.57387537e-04 -1.86322080e-04 -2.32824465e-04
     -2.07682863e-04]
    [-2.73594845e-04 -2.34054934e-04 -2.64989057e-04 -2.80009615e-04
     -1.65534987e-04]
    [-3.46598927e-04 -3.29840296e-04 -3.13999935e-04 -2.27958743e-04
     -9.90723989e-05]
    [-3.45859534e-04 -3.31748825e-04 -2.51596118e-04 -1.53164630e-04
     -4.15303106e-05]
    [-2.88210829e-04 -3.28931271e-04 -3.17340718e-04 -2.34964955e-04
     -1.37693289e-04]]

   [[-4.62464893e-04 -5.09362866e-04 -4.75731168e-04 -3.69053772e-04
     -1.66050759e-04]
    [-4.08225732e-04 -3.85893561e-04 -3.53834231e-04 -3.13552985e-04
     -2.15224680e-04]
    [-3.54210839e-04 -3.18051678e-04 -3.25552892e-04 -3.93325566e-04
     -3.10425831e-04]
    [-3.77310057e-04 -4.01649873e-04 -4.26566918e-04 -4.47912169e-04
     -2.79172096e-04]
    [-3.40965117e-04 -4.23877529e-04 -4.00748426e-04 -2.73921567e-04
     -9.52964177e-05]]

   [[-2.31230828e-04 -1.60008704e-04 -1.60245128e-04 -1.93399846e-04
     -2.09897709e-04]
    [-1.86763126e-04 -1.65128876e-04 -2.49020612e-04 -2.53905629e-04
     -1.70577070e-04]
    [-3.00491785e-04 -2.77629117e-04 -2.47311204e-04 -1.59448064e-04
     -9.58715009e-05]
    [-3.26730930e-04 -2.87273937e-04 -1.46970010e-04 -6.81241190e-05
     -9.31705073e-05]
    [-2.92806397e-04 -2.90679819e-04 -2.15734199e-04 -1.69657416e-04
     -2.06562154e-04]]

   [[-1.71663601e-04 -1.17620889e-04 -1.14907600e-04 -2.00300394e-04
     -2.07639276e-04]
    [-1.49064030e-04 -1.63656647e-04 -2.26415935e-04 -2.46330723e-04
     -1.63378638e-04]
    [-3.02792330e-04 -2.89789983e-04 -2.34441927e-04 -1.22839553e-04
     -7.22073219e-05]
    [-3.51295549e-04 -3.02615033e-04 -1.53109413e-04 -5.90958577e-05
     -8.68744093e-05]
    [-2.90134513e-04 -2.65106644e-04 -1.91747854e-04 -2.03237543e-04
     -2.25644505e-04]]]


  [[[ 1.56406063e-04  7.81657663e-05 -2.60805578e-05 -5.05137999e-05
      9.68879776e-05]
    [ 1.05316638e-04 -1.08472875e-06 -1.17564472e-04 -6.17401260e-05
      1.03966578e-04]
    [ 1.44084955e-04  1.04162070e-04  4.88817894e-05  8.30330229e-05
      1.90610631e-04]
    [ 6.05928431e-05  4.66793919e-05  8.86910393e-05  1.94093549e-04
      3.12411744e-04]
    [ 7.72126966e-05  1.37990625e-04  1.94855556e-04  3.14084983e-04
      3.95572882e-04]]

   [[ 1.14889717e-05  3.54911613e-05  1.66244079e-05  4.65863272e-05
      1.19785693e-04]
    [ 7.82701902e-05  1.61285290e-04  2.20842872e-04  1.94425278e-04
      2.07581900e-04]
    [-5.88316683e-06  3.99582225e-05  1.07594633e-04  1.12436655e-04
      2.38775336e-04]
    [ 3.49496583e-05  1.18257902e-04  1.66991450e-04  2.03442693e-04
      2.78607654e-04]
    [ 9.75964790e-05  1.72556296e-04  1.85023826e-04  2.00011324e-04
      1.74918448e-04]]

   [[ 3.73384959e-05  6.58344629e-06 -7.14730644e-05 -2.81062846e-05
      9.04317781e-05]
    [ 1.09895311e-04  1.37725125e-04  1.14746784e-04  1.37280475e-04
      2.15537141e-04]
    [ 6.53895342e-05  7.14455040e-05  6.21053045e-05  1.36048829e-04
      2.93800692e-04]
    [ 8.49813211e-05  1.45879423e-04  1.72633437e-04  2.57010185e-04
      3.45481287e-04]
    [ 1.01183527e-04  1.74657591e-04  1.66979052e-04  2.00923329e-04
      2.11876980e-04]]

   [[ 2.95021887e-04  2.05408619e-04  1.98229943e-05 -1.59687612e-04
     -1.65848976e-04]
    [ 1.77256497e-04  3.97125790e-05 -6.75244347e-05 -1.57245689e-04
     -8.12689326e-05]
    [ 1.53798379e-04  5.93518960e-05  3.10685872e-05  8.59466138e-07
      1.12882201e-04]
    [ 4.59358835e-05 -1.78111292e-05 -7.18306851e-05 -3.16769915e-05
      1.74218533e-04]
    [ 6.41725559e-05  6.43392262e-05  3.70358500e-05  1.26589634e-04
      3.63052666e-04]]

   [[ 3.81377722e-05  1.09379069e-05 -1.56475979e-05  5.55583647e-05
      1.37653791e-04]
    [ 1.30261443e-04  1.94737970e-04  2.44317242e-04  2.73237058e-04
      2.84879674e-04]
    [ 5.30172704e-05  1.23099744e-04  1.81969965e-04  2.86907156e-04
      3.70615829e-04]
    [ 8.39982844e-05  1.87177516e-04  2.15607318e-04  3.34095909e-04
      3.60863261e-04]
    [ 1.17877318e-04  1.94651817e-04  1.80039013e-04  2.11784763e-04
      1.80157472e-04]]

   [[ 1.13761989e-05  1.46617196e-05  2.60250306e-05  7.55189799e-05
      1.26669186e-04]
    [ 5.97167278e-05  1.46856884e-04  2.29306157e-04  2.35852021e-04
      2.30109150e-04]
    [-1.06903293e-05  6.87864740e-05  1.65693394e-04  1.78938552e-04
      2.59454453e-04]
    [ 5.67333969e-05  1.58965909e-04  2.17185211e-04  2.29926202e-04
      2.69527375e-04]
    [ 1.05495819e-04  1.83235843e-04  2.03025854e-04  1.89479630e-04
      1.35411601e-04]]]]



 [[[[ 1.82640794e-05  2.13400504e-05  1.93495245e-05  1.61981312e-05
      1.31352488e-05]
    [ 2.04472424e-05  1.97658830e-05  1.31470796e-05  9.58296448e-06
      7.50752646e-06]
    [ 1.95921057e-05  1.55274151e-05  7.52497840e-06  7.19534190e-06
      5.90057468e-06]
    [ 1.72427108e-05  1.27246178e-05  8.58834138e-06  9.42925597e-06
      8.23333101e-06]
    [ 1.20776529e-05  9.27062559e-06  8.62267049e-06  8.38880719e-06
      7.96702577e-06]]

   [[ 8.29877986e-06  6.23866565e-06  4.74417587e-06  4.89584615e-06
      3.75505811e-06]
    [ 7.43769028e-06  7.20987103e-06  7.86176636e-06  7.84649274e-06
      6.46329711e-06]
    [ 7.63755445e-06  6.98611588e-06  9.10005647e-06  1.06903560e-05
      9.62554069e-06]
    [ 7.53879116e-06  6.77537367e-06  5.51783075e-06  6.05029051e-06
      6.71952850e-06]
    [ 7.35842769e-06  7.35980222e-06  6.61820452e-06  5.84699257e-06
      5.91629735e-06]]

   [[ 1.08435579e-05  1.04381837e-05  6.14049261e-06  5.89282262e-06
      4.64919920e-06]
    [ 1.05378154e-05  1.08327291e-05  8.42366740e-06  8.84593799e-06
      6.98418185e-06]
    [ 1.09794281e-05  9.77570572e-06  9.08360875e-06  1.13790240e-05
      1.02266266e-05]
    [ 1.03442982e-05  7.89628559e-06  6.24475623e-06  7.04456781e-06
      6.89459575e-06]
    [ 9.57630686e-06  7.67296285e-06  7.12969481e-06  5.94685050e-06
      6.50128909e-06]]

   [[ 1.41085759e-05  2.06126637e-05  2.29091834e-05  1.69573951e-05
      1.08139283e-05]
    [ 1.88859811e-05  2.68965004e-05  2.15516225e-05  1.10037349e-05
      7.59088616e-06]
    [ 1.91895208e-05  2.47409499e-05  1.62605028e-05  8.49995706e-06
      6.22903397e-06]
    [ 1.95248404e-05  2.12933210e-05  1.17319623e-05  7.94948131e-06
      6.76666559e-06]
    [ 1.88274019e-05  1.66977049e-05  1.05362987e-05  9.72650595e-06
      7.50336321e-06]]

   [[ 8.92288621e-06  6.70468252e-06  4.94992785e-06  5.59352177e-06
      4.47054780e-06]
    [ 8.50039764e-06  7.90643194e-06  8.49451831e-06  8.61901914e-06
      8.24568608e-06]
    [ 8.11636724e-06  8.33172440e-06  1.01790498e-05  1.05318104e-05
      1.09176766e-05]
    [ 8.31217182e-06  7.30507320e-06  6.26111965e-06  6.15282264e-06
      8.46251707e-06]
    [ 7.59881811e-06  7.50454520e-06  6.73843846e-06  6.03528688e-06
      7.76560784e-06]]

   [[ 7.26978939e-06  5.12783893e-06  4.34299746e-06  4.59568945e-06
      3.73719578e-06]
    [ 6.74350953e-06  6.73498394e-06  7.72011513e-06  7.46771863e-06
      6.47138525e-06]
    [ 7.08776950e-06  6.86540482e-06  8.90999013e-06  9.78468117e-06
      9.62257101e-06]
    [ 7.30995747e-06  6.67149899e-06  5.39646855e-06  5.52092104e-06
      6.85934192e-06]
    [ 7.13290912e-06  7.47911201e-06  6.82229592e-06  5.83502441e-06
      6.05700640e-06]]]


  [[[ 2.03624550e-05  2.43426398e-05  2.41841907e-05  1.94587410e-05
      1.72728507e-05]
    [ 2.06167629e-05  2.24038583e-05  1.54796013e-05  1.05875082e-05
      1.09108736e-05]
    [ 2.19386363e-05  1.96509584e-05  9.90375224e-06  7.51213483e-06
      8.92812310e-06]
    [ 2.09265438e-05  1.44364487e-05  8.08072738e-06  8.12225971e-06
      1.07822795e-05]
    [ 1.37927697e-05  9.28353056e-06  8.46671895e-06  8.68585627e-06
      1.04679832e-05]]

   [[ 8.46506531e-06  7.03162763e-06  5.63478923e-06  4.40554161e-06
      3.64760743e-06]
    [ 1.01930186e-05  8.85628614e-06  7.78245860e-06  6.89891385e-06
      6.38267387e-06]
    [ 1.04070774e-05  9.15327768e-06  8.89705384e-06  1.05797290e-05
      1.17254620e-05]
    [ 8.24625188e-06  7.96179600e-06  6.24566189e-06  8.55467760e-06
      1.08972818e-05]
    [ 1.01645076e-05  1.02410735e-05  8.70836146e-06  8.91918770e-06
      9.59239692e-06]]

   [[ 1.04592461e-05  1.20682744e-05  8.73924006e-06  5.99718214e-06
      4.99490537e-06]
    [ 1.29492259e-05  1.39752516e-05  1.00061628e-05  8.68942270e-06
      7.86694561e-06]
    [ 1.49633729e-05  1.26426564e-05  1.00127358e-05  1.26687291e-05
      1.45231432e-05]
    [ 1.26368475e-05  8.66769020e-06  7.75884329e-06  1.05039412e-05
      1.22396420e-05]
    [ 1.24898020e-05  1.09536047e-05  1.00821404e-05  1.05680432e-05
      1.16779762e-05]]

   [[ 1.76432201e-05  2.48258903e-05  3.00955229e-05  2.44937678e-05
      1.52430037e-05]
    [ 2.17117379e-05  3.11818185e-05  2.82037121e-05  1.57869692e-05
      1.11711863e-05]
    [ 2.55287702e-05  3.11864383e-05  2.17234989e-05  1.13305149e-05
      8.64847631e-06]
    [ 2.79804821e-05  2.87766434e-05  1.75658917e-05  1.06947982e-05
      7.97779264e-06]
    [ 2.46032412e-05  2.07688528e-05  1.35020025e-05  9.40128015e-06
      6.94632330e-06]]

   [[ 9.67148114e-06  8.51735572e-06  6.04101300e-06  4.91548611e-06
      4.77076000e-06]
    [ 1.17531297e-05  9.46669365e-06  7.25007004e-06  6.74685083e-06
      9.06359359e-06]
    [ 1.18323207e-05  9.11415246e-06  8.71890910e-06  1.05115273e-05
      1.55466745e-05]
    [ 8.68335370e-06  7.44908439e-06  7.15527945e-06  1.03252006e-05
      1.40545801e-05]
    [ 9.80318591e-06  9.44453263e-06  8.61990163e-06  1.09864979e-05
      1.31245441e-05]]

   [[ 7.79623344e-06  6.27530798e-06  5.05497062e-06  3.91581219e-06
      3.61426190e-06]
    [ 9.72296337e-06  8.40158902e-06  7.47717303e-06  6.28334680e-06
      6.29834637e-06]
    [ 9.48824939e-06  8.86567332e-06  8.78876650e-06  9.61511756e-06
      1.17158627e-05]
    [ 7.35168380e-06  7.74904716e-06  6.28158820e-06  7.89128710e-06
      1.08879933e-05]
    [ 9.70224430e-06  1.00299966e-05  8.52032532e-06  8.44080949e-06
      9.66654636e-06]]]


  [[[ 9.72348279e-06  9.50058229e-06  7.94714789e-06  8.54962119e-06
      1.25422213e-05]
    [ 1.04072823e-05  7.56428724e-06  6.06070311e-06  7.72353350e-06
      1.17092117e-05]
    [ 5.38492195e-06  6.19085720e-06  7.44144373e-06  7.85615365e-06
      7.33057660e-06]
    [ 7.38351394e-06  9.69260202e-06  9.79412160e-06  8.05809804e-06
      6.78146954e-06]
    [ 8.77621498e-06  8.17452357e-06  6.97728184e-06  6.67930425e-06
      6.53876960e-06]]

   [[ 4.63303776e-06  3.40561576e-06  4.03183965e-06  4.20845167e-06
      4.16907154e-06]
    [ 6.26671052e-06  7.54811787e-06  8.20175241e-06  6.96585420e-06
      5.70605791e-06]
    [ 1.04330944e-05  8.95120800e-06  8.90134624e-06  8.42952485e-06
      7.18505579e-06]
    [ 1.17930242e-05  8.92839741e-06  7.81308280e-06  7.75445292e-06
      6.40475052e-06]
    [ 9.73184649e-06  9.89817133e-06  9.98652618e-06  9.20683605e-06
      7.06041736e-06]]

   [[ 6.52789853e-06  4.57686221e-06  4.41502780e-06  5.12260325e-06
      5.10780919e-06]
    [ 6.52213321e-06  7.51098252e-06  8.66184388e-06  7.98748450e-06
      5.99366260e-06]
    [ 9.67400930e-06  9.73825133e-06  9.77165845e-06  9.43244550e-06
      7.22579266e-06]
    [ 1.21387484e-05  1.05273411e-05  8.79216857e-06  8.53513433e-06
      7.30923286e-06]
    [ 1.06613264e-05  9.59965664e-06  9.64736186e-06  9.83249596e-06
      8.08446753e-06]]

   [[ 1.07509176e-05  1.13981180e-05  7.37008076e-06  6.41094635e-06
      6.26351750e-06]
    [ 1.51354592e-05  1.28363471e-05  6.26676518e-06  5.01269762e-06
      5.95748728e-06]
    [ 1.21646886e-05  8.44008960e-06  7.27632321e-06  6.43214124e-06
      5.68819236e-06]
    [ 9.10515239e-06  9.64144159e-06  9.39362857e-06  7.43700117e-06
      5.49467085e-06]
    [ 1.10219455e-05  1.02736958e-05  9.37303294e-06  7.49744010e-06
      6.22564169e-06]]

   [[ 5.04145676e-06  3.61148315e-06  4.43824292e-06  4.71545845e-06
      5.39698289e-06]
    [ 6.09868476e-06  7.78714726e-06  8.96959417e-06  7.78872903e-06
      6.65905959e-06]
    [ 1.01902485e-05  1.01640796e-05  1.04551207e-05  8.78463738e-06
      7.17892827e-06]
    [ 1.10977650e-05  8.91690835e-06  8.74163912e-06  8.61528567e-06
      7.44442254e-06]
    [ 8.92727892e-06  8.99453974e-06  1.01142401e-05  9.63898079e-06
      7.85257594e-06]]

   [[ 4.17550464e-06  3.16341438e-06  4.08434809e-06  3.84643735e-06
      4.07497188e-06]
    [ 6.27128687e-06  7.55736040e-06  8.01146597e-06  6.28171636e-06
      5.39489610e-06]
    [ 1.02371779e-05  8.91385032e-06  8.59889697e-06  7.62881243e-06
      6.52374416e-06]
    [ 1.10517758e-05  8.56290034e-06  7.75994392e-06  7.43873811e-06
      6.17753509e-06]
    [ 9.68034749e-06  9.77112831e-06  1.00405988e-05  8.94630999e-06
      6.98129213e-06]]]


  [[[ 2.22934232e-05  2.32777716e-05  2.12316622e-05  1.85753069e-05
      1.73786079e-05]
    [ 2.30422986e-05  2.27759203e-05  1.64269545e-05  1.26631161e-05
      1.18036220e-05]
    [ 2.27739304e-05  1.83024239e-05  1.00965781e-05  9.37201105e-06
      9.70024316e-06]
    [ 2.01877312e-05  1.18031705e-05  8.03778055e-06  9.80181909e-06
      1.09780910e-05]
    [ 1.36180735e-05  8.19033546e-06  8.88717040e-06  8.85227025e-06
      9.67159709e-06]]

   [[ 9.08729191e-06  7.01847093e-06  5.30299651e-06  4.98460326e-06
      4.98192157e-06]
    [ 8.98063049e-06  6.78987507e-06  5.73847659e-06  6.14438114e-06
      6.79957914e-06]
    [ 1.02736052e-05  7.16700646e-06  7.44954717e-06  9.27521356e-06
      1.13804419e-05]
    [ 7.62180882e-06  6.75698270e-06  5.86422519e-06  7.52422139e-06
      1.02485209e-05]
    [ 8.73774867e-06  7.89368686e-06  7.06266242e-06  7.76976272e-06
      8.40096497e-06]]

   [[ 1.25390022e-05  1.14964543e-05  7.54257994e-06  6.82394324e-06
      6.56358047e-06]
    [ 1.35820562e-05  1.11093228e-05  6.97777854e-06  7.97579963e-06
      8.22143379e-06]
    [ 1.57086079e-05  9.83720765e-06  8.09882865e-06  1.13031121e-05
      1.27214131e-05]
    [ 1.24049636e-05  8.14236522e-06  7.66610887e-06  9.49259556e-06
      1.05792126e-05]
    [ 1.14481035e-05  9.58191368e-06  8.75626304e-06  9.50454714e-06
      9.86131688e-06]]

   [[ 2.09390843e-05  2.69443477e-05  2.67573363e-05  1.88120768e-05
      1.23517701e-05]
    [ 2.53568128e-05  3.19034916e-05  2.65816666e-05  1.43656830e-05
      1.08574365e-05]
    [ 2.93819405e-05  3.09307183e-05  1.94757828e-05  1.09236132e-05
      9.82278402e-06]
    [ 3.04299434e-05  2.76792640e-05  1.37267501e-05  9.22613064e-06
      8.38719055e-06]
    [ 2.63984729e-05  2.09581729e-05  1.13378356e-05  8.91920854e-06
      7.06927834e-06]]

   [[ 1.04674029e-05  8.16717917e-06  5.62422339e-06  6.05607014e-06
      6.34833905e-06]
    [ 1.06124762e-05  7.48230234e-06  6.49809336e-06  7.29406142e-06
      9.65402897e-06]
    [ 1.15719568e-05  7.28817788e-06  8.15570486e-06  1.02380289e-05
      1.50692515e-05]
    [ 8.73632097e-06  7.55688576e-06  6.93473901e-06  9.08667350e-06
      1.29794202e-05]
    [ 9.06218853e-06  9.08015499e-06  8.25773780e-06  1.05162643e-05
      1.18562650e-05]]

   [[ 8.23562392e-06  6.05214666e-06  4.60669999e-06  4.67346187e-06
      5.02943724e-06]
    [ 8.24341721e-06  6.12292964e-06  5.66198413e-06  5.99042366e-06
      7.26339106e-06]
    [ 8.96106322e-06  6.24430002e-06  7.12852650e-06  8.56150719e-06
      1.18941430e-05]
    [ 6.88870584e-06  6.39627466e-06  5.84129346e-06  7.07864016e-06
      1.06463660e-05]
    [ 8.21438836e-06  8.00752328e-06  7.09333916e-06  7.71012193e-06
      8.68613421e-06]]]


  [[[ 1.88782034e-05  2.10772939e-05  1.81329090e-05  1.58700396e-05
      1.38078866e-05]
    [ 2.09983742e-05  1.93327643e-05  1.27902159e-05  1.04105978e-05
      8.28154354e-06]
    [ 1.96254968e-05  1.53965935e-05  8.25064043e-06  7.98547100e-06
      5.81902543e-06]
    [ 1.64669712e-05  1.22213082e-05  8.44090480e-06  8.88538885e-06
      7.14188453e-06]
    [ 1.16353383e-05  9.15447081e-06  8.96699271e-06  8.01335516e-06
      7.51565698e-06]]

   [[ 8.98964731e-06  6.71973083e-06  5.49668279e-06  5.81230299e-06
      4.27013273e-06]
    [ 7.70422685e-06  7.60714399e-06  8.61291907e-06  8.34458889e-06
      6.37932375e-06]
    [ 7.65388978e-06  7.57962570e-06  9.59591648e-06  1.10995417e-05
      9.84757800e-06]
    [ 8.05563205e-06  8.08754407e-06  6.29905590e-06  6.58072646e-06
      7.29677130e-06]
    [ 8.15483853e-06  8.41183668e-06  7.20379299e-06  6.01814977e-06
      6.16853148e-06]]

   [[ 1.20529050e-05  1.13226101e-05  6.88118798e-06  7.09083641e-06
      5.44444648e-06]
    [ 1.12609012e-05  1.14789056e-05  9.31787149e-06  9.93671317e-06
      7.16335090e-06]
    [ 1.11617664e-05  1.00587775e-05  9.73561640e-06  1.23086227e-05
      1.06554405e-05]
    [ 1.08751068e-05  8.62283237e-06  7.44737995e-06  7.80141527e-06
      7.37399391e-06]
    [ 1.00902816e-05  8.50274163e-06  8.37010433e-06  6.54162941e-06
      6.86703196e-06]]

   [[ 1.51177742e-05  2.21317675e-05  2.37649756e-05  1.74654293e-05
      1.18336040e-05]
    [ 2.00548997e-05  2.78211542e-05  2.18892175e-05  1.17583780e-05
      8.91824330e-06]
    [ 2.08750866e-05  2.53535885e-05  1.68117075e-05  9.63886093e-06
      7.05566521e-06]
    [ 2.06071097e-05  2.15623289e-05  1.23328062e-05  8.17271792e-06
      5.98620839e-06]
    [ 1.90497025e-05  1.64702149e-05  1.07683773e-05  9.05087911e-06
      6.11849900e-06]]

   [[ 9.71066827e-06  7.32766006e-06  5.89235791e-06  6.70257445e-06
      4.86809868e-06]
    [ 8.81712131e-06  8.47799170e-06  9.50740360e-06  9.14817183e-06
      7.98358191e-06]
    [ 8.15684484e-06  8.99006024e-06  1.08159917e-05  1.08387916e-05
      1.10139893e-05]
    [ 8.97022107e-06  8.57426111e-06  7.11140102e-06  6.57368926e-06
      8.69504003e-06]
    [ 8.61464590e-06  8.50422822e-06  7.23118057e-06  6.27949462e-06
      7.95394638e-06]]

   [[ 7.67954149e-06  5.44199088e-06  5.11392186e-06  5.49292117e-06
      4.20972034e-06]
    [ 6.88876931e-06  7.05141000e-06  8.46653683e-06  7.97520826e-06
      6.36840371e-06]
    [ 7.08909735e-06  7.56018428e-06  9.49756423e-06  1.02604732e-05
      9.96066709e-06]
    [ 7.57276992e-06  7.89180424e-06  6.17429224e-06  5.96857756e-06
      7.41823979e-06]
    [ 7.83185323e-06  8.39025454e-06  7.16380120e-06  5.83081500e-06
      6.25980141e-06]]]


  [[[ 1.92940006e-05  2.00210580e-05  1.58866771e-05  1.39711477e-05
      1.26669636e-05]
    [ 2.29503648e-05  1.88144748e-05  1.11049997e-05  9.65517727e-06
      1.12582928e-05]
    [ 1.68791946e-05  1.03148654e-05  5.89731777e-06  7.96540958e-06
      1.05958362e-05]
    [ 1.02265958e-05  8.86788588e-06  1.06842231e-05  1.21686948e-05
      1.17781945e-05]
    [ 7.56754955e-06  8.90879292e-06  1.06438009e-05  1.18011139e-05
      9.65080154e-06]]

   [[ 7.58465244e-06  6.04475633e-06  4.29441847e-06  4.06082158e-06
      5.32182056e-06]
    [ 5.59378381e-06  6.77749610e-06  8.58628762e-06  9.17263908e-06
      9.14202981e-06]
    [ 7.04476795e-06  7.71091823e-06  1.01267553e-05  1.13132398e-05
      1.03780734e-05]
    [ 8.49655417e-06  8.29490976e-06  8.57208319e-06  9.21000364e-06
      7.85819108e-06]
    [ 1.12561288e-05  1.11727100e-05  1.21137737e-05  9.84095221e-06
      6.87735028e-06]]

   [[ 1.07029336e-05  9.15649754e-06  5.72064277e-06  5.40776027e-06
      6.51031392e-06]
    [ 8.89757880e-06  8.17677932e-06  8.75539962e-06  9.47258272e-06
      1.03188826e-05]
    [ 6.99540101e-06  8.07214033e-06  1.05038450e-05  1.20736901e-05
      1.13148612e-05]
    [ 8.66115196e-06  8.88902751e-06  9.42451863e-06  1.02333725e-05
      8.25392028e-06]
    [ 1.20910665e-05  1.12591152e-05  1.12479777e-05  9.52247053e-06
      8.26424096e-06]]

   [[ 1.37835565e-05  1.78832297e-05  1.71102998e-05  1.49767838e-05
      1.30420152e-05]
    [ 1.89880099e-05  2.10406021e-05  1.47873933e-05  1.06160070e-05
      9.29044918e-06]
    [ 1.98653518e-05  1.57390756e-05  9.16503890e-06  8.96676923e-06
      9.81800414e-06]
    [ 1.44675624e-05  1.09501954e-05  9.39826576e-06  1.23153744e-05
      1.17361786e-05]
    [ 1.19802214e-05  1.04124793e-05  1.23081259e-05  1.38288074e-05
      1.13535231e-05]]

   [[ 8.96962780e-06  6.64297113e-06  4.59351279e-06  4.63854875e-06
      6.71362211e-06]
    [ 6.74244313e-06  7.36792626e-06  8.81742374e-06  9.53837833e-06
      1.10373832e-05]
    [ 6.34555998e-06  8.74068107e-06  1.07096733e-05  1.13071762e-05
      1.04608048e-05]
    [ 8.45995707e-06  8.80042252e-06  9.90072653e-06  1.00107622e-05
      7.61765416e-06]
    [ 1.06705710e-05  1.12260025e-05  1.17913898e-05  9.50329345e-06
      7.64326811e-06]]

   [[ 6.84806823e-06  5.28856524e-06  3.89417416e-06  3.49627442e-06
      5.17582198e-06]
    [ 5.26234168e-06  6.73677058e-06  8.64619972e-06  8.35661718e-06
      8.72970033e-06]
    [ 6.37854725e-06  7.69272215e-06  9.86534923e-06  1.04197590e-05
      9.42874466e-06]
    [ 8.52141076e-06  8.55850958e-06  8.88809812e-06  9.00012256e-06
      7.11602731e-06]
    [ 1.14988673e-05  1.16851038e-05  1.23079627e-05  9.12603685e-06
      6.66098800e-06]]]


  [[[ 1.30677669e-05  1.43049316e-05  1.16320760e-05  1.03613967e-05
      1.06128850e-05]
    [ 1.38216893e-05  1.22567427e-05  8.25043832e-06  7.05552650e-06
      8.62238675e-06]
    [ 1.10094980e-05  7.99712132e-06  4.03009060e-06  4.48385228e-06
      5.59511822e-06]
    [ 9.98540342e-06  8.31359597e-06  6.47305957e-06  6.58906240e-06
      6.31338185e-06]
    [ 7.10896130e-06  6.33919087e-06  6.25253035e-06  6.22977033e-06
      6.14067654e-06]]

   [[ 5.24837866e-06  4.11638327e-06  3.27278252e-06  3.15909728e-06
      3.45521919e-06]
    [ 5.96303609e-06  6.09428855e-06  6.39555017e-06  6.05243079e-06
      5.11614857e-06]
    [ 6.65885234e-06  6.10782753e-06  8.59901934e-06  9.98839674e-06
      8.16280263e-06]
    [ 6.16722886e-06  5.40518077e-06  5.17129738e-06  6.38793083e-06
      5.99307236e-06]
    [ 5.66099050e-06  6.45852916e-06  7.40527578e-06  7.31737844e-06
      5.74330965e-06]]

   [[ 6.76543698e-06  6.60534610e-06  4.19043852e-06  3.98111451e-06
      4.33359297e-06]
    [ 7.12222614e-06  7.60791122e-06  6.13220624e-06  6.20637061e-06
      5.63551575e-06]
    [ 8.31548707e-06  7.74988965e-06  7.95369239e-06  1.00064855e-05
      8.56423307e-06]
    [ 7.57528086e-06  6.01621808e-06  5.59301458e-06  7.07996139e-06
      6.57940564e-06]
    [ 6.92130814e-06  6.63075703e-06  7.11926813e-06  7.28154257e-06
      6.57316431e-06]]

   [[ 9.69356259e-06  1.45640818e-05  1.37687272e-05  1.03417618e-05
      6.59127588e-06]
    [ 1.32808179e-05  1.75983678e-05  1.26581971e-05  6.49704684e-06
      4.47833616e-06]
    [ 1.24907689e-05  1.35482885e-05  8.86888245e-06  4.68070836e-06
      4.00376918e-06]
    [ 1.15594148e-05  1.12119023e-05  6.81336057e-06  5.34091308e-06
      4.40231010e-06]
    [ 1.12817474e-05  9.20518320e-06  7.06033743e-06  5.99559433e-06
      5.04036275e-06]]

   [[ 5.80958554e-06  4.56144144e-06  3.77832669e-06  3.67902952e-06
      4.65793801e-06]
    [ 6.33217753e-06  6.22528355e-06  6.18128670e-06  6.04721514e-06
      6.57018939e-06]
    [ 6.91831472e-06  6.88462192e-06  8.77574448e-06  8.67971707e-06
      8.29505142e-06]
    [ 6.52237799e-06  5.43799340e-06  5.81915970e-06  6.64938270e-06
      6.93783421e-06]
    [ 5.84145551e-06  6.40366920e-06  7.84266104e-06  7.94204631e-06
      7.04796043e-06]]

   [[ 4.56462052e-06  3.48806638e-06  3.11536182e-06  2.91259515e-06
      3.53816454e-06]
    [ 5.60485605e-06  5.82921169e-06  6.34060554e-06  5.70763383e-06
      5.04813142e-06]
    [ 6.35676790e-06  6.18836269e-06  8.42799499e-06  8.98053069e-06
      7.62037105e-06]
    [ 5.85051707e-06  5.38472583e-06  5.27073582e-06  6.07488632e-06
      5.86243216e-06]
    [ 5.65773196e-06  6.60596031e-06  8.07944409e-06  7.59378012e-06
      5.92985563e-06]]]


  [[[ 2.18381709e-05  2.11695307e-05  1.93224446e-05  1.85175181e-05
      1.85819625e-05]
    [ 2.11316050e-05  2.14942198e-05  1.86189797e-05  1.63881376e-05
      1.41030684e-05]
    [ 2.03990620e-05  2.11825561e-05  1.77047040e-05  1.29439155e-05
      9.24869217e-06]
    [ 1.84405218e-05  1.52622335e-05  1.11939041e-05  1.09382943e-05
      1.24698361e-05]
    [ 1.43761762e-05  1.06001244e-05  9.40587256e-06  1.01956461e-05
      1.18839293e-05]]

   [[ 8.29735455e-06  8.46941846e-06  1.01920436e-05  9.44198156e-06
      7.60857894e-06]
    [ 1.11428570e-05  1.12950686e-05  1.26238407e-05  1.09245644e-05
      8.37959254e-06]
    [ 1.16530898e-05  1.00932296e-05  1.04483673e-05  1.29773807e-05
      1.33104166e-05]
    [ 1.08595667e-05  9.98805322e-06  9.91502672e-06  1.26074788e-05
      1.24303405e-05]
    [ 1.59297272e-05  1.66174002e-05  1.59667974e-05  1.55873532e-05
      1.44167198e-05]]

   [[ 1.08156828e-05  1.18163518e-05  1.28371349e-05  1.15859311e-05
      9.37936417e-06]
    [ 1.33777292e-05  1.40086081e-05  1.50575886e-05  1.29861536e-05
      9.72582137e-06]
    [ 1.42803368e-05  1.38703322e-05  1.32459734e-05  1.53076879e-05
      1.50392392e-05]
    [ 1.29609682e-05  1.15563857e-05  1.20486883e-05  1.34171472e-05
      1.23800036e-05]
    [ 1.69230140e-05  1.78752176e-05  1.77362046e-05  1.53723900e-05
      1.46920401e-05]]

   [[ 1.99729972e-05  2.20057469e-05  2.72921820e-05  2.59233694e-05
      2.31091421e-05]
    [ 1.91206213e-05  2.38211387e-05  2.59968521e-05  2.27099501e-05
      2.23328570e-05]
    [ 1.97690840e-05  2.34641964e-05  2.44430487e-05  2.10666136e-05
      1.77430388e-05]
    [ 2.03181914e-05  2.37487065e-05  2.28108792e-05  1.81466806e-05
      1.49877247e-05]
    [ 1.80509973e-05  2.12234096e-05  1.92035695e-05  1.60238635e-05
      1.40815066e-05]]

   [[ 9.18301293e-06  9.25049251e-06  1.13987287e-05  1.08980082e-05
      9.31923517e-06]
    [ 1.09810148e-05  1.14223193e-05  1.25195074e-05  1.09967651e-05
      1.11254402e-05]
    [ 1.10855902e-05  1.02607130e-05  1.07556721e-05  1.30964899e-05
      1.63036120e-05]
    [ 1.01259489e-05  9.40151235e-06  1.04884228e-05  1.17839024e-05
      1.31762140e-05]
    [ 1.54534867e-05  1.64177605e-05  1.57064578e-05  1.44150315e-05
      1.48738353e-05]]

   [[ 7.39127127e-06  7.83853837e-06  9.80714698e-06  8.99535812e-06
      7.35258478e-06]
    [ 1.07246476e-05  1.08419620e-05  1.18479983e-05  9.95592823e-06
      8.37928729e-06]
    [ 1.11133761e-05  9.99485576e-06  1.03337737e-05  1.20520443e-05
      1.34001250e-05]
    [ 9.76573397e-06  9.81185459e-06  9.94545818e-06  1.16328106e-05
      1.21449720e-05]
    [ 1.53105601e-05  1.65437648e-05  1.64075264e-05  1.53926658e-05
      1.42356836e-05]]]


  [[[ 1.62759881e-05  1.84654960e-05  1.60768483e-05  1.33420726e-05
      1.18079060e-05]
    [ 1.78186678e-05  1.65923454e-05  1.05733074e-05  8.26812923e-06
      8.00713207e-06]
    [ 1.65611713e-05  1.33578047e-05  7.13786574e-06  7.09846807e-06
      6.32394174e-06]
    [ 1.53668681e-05  1.24528351e-05  9.00962602e-06  8.76028828e-06
      7.34879814e-06]
    [ 1.16046450e-05  8.90990232e-06  7.82078011e-06  7.24381691e-06
      7.15901316e-06]]

   [[ 7.91083455e-06  5.65449338e-06  4.04211450e-06  4.29546353e-06
      3.82724613e-06]
    [ 7.54505980e-06  7.56329308e-06  8.35006688e-06  8.07701816e-06
      6.47382889e-06]
    [ 8.20987212e-06  7.39525852e-06  9.60464315e-06  1.04734045e-05
      8.59774781e-06]
    [ 8.11085734e-06  6.58288033e-06  5.29336150e-06  5.85247932e-06
      6.22152908e-06]
    [ 7.23325654e-06  6.92503969e-06  6.79546193e-06  6.28623624e-06
      5.76858228e-06]]

   [[ 1.01778503e-05  9.52730198e-06  5.47969503e-06  5.37764247e-06
      4.72915744e-06]
    [ 1.00695705e-05  1.07584333e-05  8.92026352e-06  9.10441785e-06
      6.94823249e-06]
    [ 1.09735732e-05  1.01887302e-05  9.70183204e-06  1.11194398e-05
      9.10151253e-06]
    [ 1.04639680e-05  7.95132181e-06  6.25682756e-06  6.75633905e-06
      6.47465791e-06]
    [ 9.17949619e-06  7.30034178e-06  7.25793907e-06  6.24853922e-06
      6.52597874e-06]]

   [[ 1.32261153e-05  1.88825520e-05  2.00962751e-05  1.41331157e-05
      8.16970436e-06]
    [ 1.79150207e-05  2.41794955e-05  1.83687041e-05  8.71533312e-06
      5.50092877e-06]
    [ 1.74104701e-05  2.15159969e-05  1.40328528e-05  7.37946275e-06
      5.08871408e-06]
    [ 1.70362563e-05  1.88576716e-05  1.09446659e-05  7.57333358e-06
      5.90359983e-06]
    [ 1.73189465e-05  1.52352211e-05  9.92332970e-06  8.47249234e-06
      6.40450925e-06]]

   [[ 8.39702409e-06  6.08767495e-06  4.48525536e-06  5.32028613e-06
      4.81628212e-06]
    [ 8.34012114e-06  8.05416530e-06  9.07296776e-06  8.82690660e-06
      8.09417540e-06]
    [ 8.57291925e-06  8.66280002e-06  1.05568175e-05  9.83528953e-06
      9.43650621e-06]
    [ 8.57488186e-06  6.92693369e-06  6.10215955e-06  5.86429973e-06
      7.83391695e-06]
    [ 7.22384891e-06  6.92667360e-06  7.12779169e-06  6.48286635e-06
      7.69378320e-06]]

   [[ 6.82212257e-06  4.57843457e-06  3.78956009e-06  4.07449132e-06
      3.84056500e-06]
    [ 6.91217910e-06  7.06165064e-06  8.15707852e-06  7.70735761e-06
      6.31948067e-06]
    [ 7.69144122e-06  7.28187268e-06  9.24651662e-06  9.48334387e-06
      8.46460474e-06]
    [ 7.65053697e-06  6.32067672e-06  5.13248968e-06  5.34919339e-06
      6.28324091e-06]
    [ 7.00694805e-06  7.04965005e-06  7.08002707e-06  6.20719275e-06
      5.91410515e-06]]]


  [[[ 9.42234450e-06  9.07962376e-06  6.89521410e-06  7.45024155e-06
      1.11526124e-05]
    [ 1.07737656e-05  7.10040736e-06  4.49834186e-06  6.41681886e-06
      1.01488984e-05]
    [ 5.67802583e-06  4.89585442e-06  5.24741252e-06  6.24271041e-06
      7.30760908e-06]
    [ 6.21800031e-06  7.98471402e-06  8.42781083e-06  7.78242347e-06
      7.10049574e-06]
    [ 6.86903099e-06  6.78972299e-06  6.41907948e-06  6.65451988e-06
      5.89069479e-06]]

   [[ 4.24224316e-06  2.80238792e-06  2.56597559e-06  2.88603892e-06
      3.66840638e-06]
    [ 5.15494820e-06  6.61304048e-06  6.96640949e-06  5.75288338e-06
      5.48514496e-06]
    [ 8.29268867e-06  8.01956619e-06  8.63673642e-06  8.00981548e-06
      6.76588428e-06]
    [ 9.43257421e-06  7.60581530e-06  7.22535489e-06  7.26288344e-06
      5.97367573e-06]
    [ 8.65176886e-06  8.72722624e-06  9.54665056e-06  8.78532325e-06
      6.61798275e-06]]

   [[ 5.96050069e-06  3.86547491e-06  2.78411691e-06  3.58028689e-06
      4.41021493e-06]
    [ 5.67840948e-06  6.70286556e-06  6.90933371e-06  6.14293569e-06
      5.95736770e-06]
    [ 7.40924299e-06  8.25379115e-06  8.82203143e-06  8.70553922e-06
      6.95643535e-06]
    [ 9.48072366e-06  8.62142425e-06  7.80331471e-06  7.87697554e-06
      6.59316068e-06]
    [ 9.40202261e-06  8.24419301e-06  8.64422378e-06  9.03113210e-06
      7.47291058e-06]]

   [[ 9.10435602e-06  1.01193667e-05  7.36331429e-06  5.91277518e-06
      6.22836793e-06]
    [ 1.30841214e-05  1.14218847e-05  5.31347959e-06  3.79049567e-06
      5.18253454e-06]
    [ 1.09893838e-05  7.02142995e-06  4.57470156e-06  4.42449890e-06
      4.97347669e-06]
    [ 7.01681572e-06  7.03818296e-06  6.98120873e-06  6.73576869e-06
      5.81702124e-06]
    [ 8.23808189e-06  7.48697423e-06  7.81212730e-06  7.69317558e-06
      7.19917379e-06]]

   [[ 4.75639160e-06  3.03409454e-06  2.87169122e-06  3.49757611e-06
      4.69416784e-06]
    [ 5.37460007e-06  6.85356071e-06  7.46323722e-06  6.67288744e-06
      6.71537968e-06]
    [ 8.24599688e-06  9.27155154e-06  1.00522312e-05  8.92513746e-06
      6.70452842e-06]
    [ 9.04463124e-06  7.81858099e-06  8.16242865e-06  8.03356898e-06
      6.13921336e-06]
    [ 7.88421830e-06  7.92120732e-06  9.35707863e-06  8.81031406e-06
      6.59541116e-06]]

   [[ 3.81154939e-06  2.38205849e-06  2.53368551e-06  2.71902737e-06
      3.57658150e-06]
    [ 5.19325465e-06  6.52692330e-06  6.88831725e-06  5.34498811e-06
      5.26859863e-06]
    [ 8.27442487e-06  8.23308249e-06  8.40679979e-06  7.47279683e-06
      6.24658208e-06]
    [ 9.14605375e-06  7.71563695e-06  7.29727206e-06  6.92460679e-06
      5.63109510e-06]
    [ 8.87385400e-06  8.99047914e-06  9.55625307e-06  8.20214957e-06
      6.31108425e-06]]]


  [[[ 2.34399728e-05  2.44312094e-05  1.97020225e-05  1.59566652e-05
      1.39987738e-05]
    [ 2.62181468e-05  2.22160191e-05  1.36884718e-05  1.10257418e-05
      1.32484803e-05]
    [ 1.97671617e-05  1.20084611e-05  6.79969948e-06  8.42491896e-06
      1.17834806e-05]
    [ 1.25172523e-05  1.02293757e-05  1.15030659e-05  1.21532678e-05
      1.24013285e-05]
    [ 7.79362551e-06  9.51744994e-06  1.06695221e-05  1.12630346e-05
      1.01019377e-05]]

   [[ 7.86988230e-06  6.34540008e-06  4.67432909e-06  4.40153833e-06
      6.56620665e-06]
    [ 6.10964922e-06  7.19663821e-06  9.40573240e-06  9.43875713e-06
      1.01583340e-05]
    [ 7.39765915e-06  7.78085912e-06  1.03342682e-05  1.05949594e-05
      1.01897078e-05]
    [ 8.20198701e-06  8.05786635e-06  8.11273704e-06  8.43945059e-06
      8.14204459e-06]
    [ 1.05515158e-05  1.03138360e-05  1.15063004e-05  9.89011518e-06
      7.47970133e-06]]

   [[ 1.13022146e-05  1.01781436e-05  6.36163039e-06  5.85164285e-06
      8.31286051e-06]
    [ 9.93736180e-06  9.04690891e-06  9.33694129e-06  9.37086030e-06
      1.17001508e-05]
    [ 8.45721441e-06  8.35176921e-06  1.05367524e-05  1.14039194e-05
      1.18234465e-05]
    [ 8.70509078e-06  8.58767676e-06  9.20500693e-06  9.65042849e-06
      8.62126160e-06]
    [ 1.18770192e-05  1.05822766e-05  1.08736523e-05  9.44533208e-06
      8.59765004e-06]]

   [[ 1.68576195e-05  2.21385255e-05  2.06517539e-05  1.69052021e-05
      1.41342210e-05]
    [ 2.23158873e-05  2.57364194e-05  1.82746917e-05  1.21929000e-05
      9.98732817e-06]
    [ 2.31680810e-05  1.99082765e-05  1.13834295e-05  9.71424803e-06
      1.02746086e-05]
    [ 1.83018616e-05  1.34444798e-05  1.04665815e-05  1.27422621e-05
      1.18116314e-05]
    [ 1.53666378e-05  1.16604684e-05  1.36041029e-05  1.37187246e-05
      1.03916629e-05]]

   [[ 9.30702604e-06  7.04862668e-06  4.91819841e-06  5.23963675e-06
      8.98457429e-06]
    [ 7.33266713e-06  7.84495414e-06  9.40189923e-06  9.73979699e-06
      1.26355107e-05]
    [ 6.63804615e-06  8.95367899e-06  1.06589194e-05  1.06149391e-05
      1.14436545e-05]
    [ 7.88297986e-06  8.82963476e-06  9.68608551e-06  9.69739047e-06
      8.81794001e-06]
    [ 9.96937820e-06  1.07461839e-05  1.16805520e-05  1.01447316e-05
      8.68600580e-06]]

   [[ 7.07043983e-06  5.58869628e-06  4.11510191e-06  3.78294626e-06
      6.59027072e-06]
    [ 5.74226256e-06  7.13667018e-06  9.40679562e-06  8.56310082e-06
      9.73564076e-06]
    [ 6.59738264e-06  7.82574026e-06  9.96594945e-06  9.60860967e-06
      9.55614303e-06]
    [ 8.07751124e-06  8.43733404e-06  8.39585183e-06  8.31758037e-06
      7.57398662e-06]
    [ 1.08521711e-05  1.09553918e-05  1.20209614e-05  9.61173558e-06
      7.32071561e-06]]]


  [[[ 1.97220548e-05  2.14301598e-05  1.72486751e-05  1.36706379e-05
      1.24704528e-05]
    [ 2.11527650e-05  1.88186960e-05  1.23986880e-05  1.03002529e-05
      1.22511694e-05]
    [ 1.70435356e-05  1.06858080e-05  5.98855288e-06  7.09924060e-06
      1.00453374e-05]
    [ 1.24522216e-05  9.52551509e-06  1.00216259e-05  1.02660606e-05
      1.07949865e-05]
    [ 7.09019092e-06  8.22660992e-06  9.36450378e-06  9.24774565e-06
      9.02984999e-06]]

   [[ 6.09237365e-06  5.14013589e-06  4.05062574e-06  4.21276643e-06
      6.42997553e-06]
    [ 6.06688581e-06  6.51765822e-06  8.37503594e-06  8.12931304e-06
      8.68525541e-06]
    [ 7.30417250e-06  6.47283448e-06  9.39063712e-06  9.72530828e-06
      8.71156064e-06]
    [ 6.97526006e-06  6.70687552e-06  6.97547235e-06  7.00866902e-06
      7.37566607e-06]
    [ 7.28779821e-06  7.77307018e-06  1.04268174e-05  9.98091792e-06
      7.95836926e-06]]

   [[ 8.75130026e-06  8.72296077e-06  5.55820857e-06  5.61342146e-06
      8.28114561e-06]
    [ 8.90117084e-06  8.36384834e-06  8.38489790e-06  8.03863641e-06
      9.98522336e-06]
    [ 8.95321096e-06  7.34133209e-06  9.28917569e-06  1.00844681e-05
      1.02840027e-05]
    [ 7.63006221e-06  7.01633624e-06  7.90992193e-06  8.25015361e-06
      8.04122592e-06]
    [ 8.33837648e-06  7.91236582e-06  9.76966149e-06  9.57114044e-06
      8.95143132e-06]]

   [[ 1.44126547e-05  1.93418731e-05  1.77917080e-05  1.32904862e-05
      1.06673375e-05]
    [ 1.84586081e-05  2.25745501e-05  1.62125591e-05  9.62457382e-06
      7.77749575e-06]
    [ 1.98814629e-05  1.83953592e-05  1.07807641e-05  7.78791761e-06
      7.84567619e-06]
    [ 1.75612661e-05  1.32018982e-05  8.85855364e-06  9.53278161e-06
      8.84685819e-06]
    [ 1.52295931e-05  1.06084769e-05  1.09493427e-05  1.05170149e-05
      8.10026437e-06]]

   [[ 7.02311219e-06  5.55207562e-06  4.40524682e-06  5.02881700e-06
      8.91494688e-06]
    [ 6.89249174e-06  7.07741117e-06  8.39917465e-06  8.21842745e-06
      1.11097253e-05]
    [ 6.64127647e-06  7.73029225e-06  9.65623290e-06  9.34300185e-06
      1.02808250e-05]
    [ 6.44551411e-06  7.33552454e-06  8.25421043e-06  8.20833270e-06
      8.91334582e-06]
    [ 6.99291547e-06  8.59905121e-06  1.10434590e-05  1.07638318e-05
      9.53391661e-06]]

   [[ 5.39350479e-06  4.47815060e-06  3.58188770e-06  3.61312150e-06
      6.46526469e-06]
    [ 5.66956006e-06  6.42376264e-06  8.41695960e-06  7.42049206e-06
      8.38663966e-06]
    [ 6.57132389e-06  6.67106885e-06  9.19894767e-06  8.90735265e-06
      8.47316506e-06]
    [ 6.87163229e-06  7.16969678e-06  7.19212847e-06  6.91618156e-06
      7.11300192e-06]
    [ 7.72893828e-06  8.57808916e-06  1.13907886e-05  1.02889882e-05
      8.02560335e-06]]]


  [[[ 2.32337705e-05  2.32989872e-05  2.09610582e-05  1.87947549e-05
      1.80980229e-05]
    [ 2.28487620e-05  2.31867635e-05  1.88434597e-05  1.54408530e-05
      1.40884481e-05]
    [ 2.23811331e-05  2.17108944e-05  1.68811261e-05  1.24935244e-05
      9.52915827e-06]
    [ 2.01611687e-05  1.54733452e-05  1.05643047e-05  1.10338231e-05
      1.33740064e-05]
    [ 1.50667695e-05  1.05204664e-05  9.21087906e-06  1.08584088e-05
      1.26713264e-05]]

   [[ 8.91050677e-06  8.59946304e-06  9.69981466e-06  9.30060041e-06
      8.03321278e-06]
    [ 1.20772197e-05  1.15380555e-05  1.22229506e-05  1.10331015e-05
      8.87031244e-06]
    [ 1.25325937e-05  1.03678209e-05  1.04658098e-05  1.35513040e-05
      1.42648920e-05]
    [ 1.06760334e-05  9.80397845e-06  9.84750391e-06  1.29818728e-05
      1.33820958e-05]
    [ 1.58565091e-05  1.70897799e-05  1.67883949e-05  1.66634179e-05
      1.64774263e-05]]

   [[ 1.14824744e-05  1.21462668e-05  1.23757593e-05  1.09266453e-05
      9.65420346e-06]
    [ 1.44200211e-05  1.44016300e-05  1.44752390e-05  1.28686135e-05
      1.03817320e-05]
    [ 1.55049888e-05  1.46629159e-05  1.32338591e-05  1.58123351e-05
      1.61144301e-05]
    [ 1.32921529e-05  1.17605293e-05  1.19495880e-05  1.37599019e-05
      1.33497944e-05]
    [ 1.70408776e-05  1.81543275e-05  1.83512297e-05  1.63885432e-05
      1.64306384e-05]]

   [[ 2.16569432e-05  2.47461868e-05  2.94182629e-05  2.61717725e-05
      2.14751244e-05]
    [ 2.12440684e-05  2.65574778e-05  2.65628415e-05  2.10151853e-05
      1.99714413e-05]
    [ 2.20458361e-05  2.54415101e-05  2.42532346e-05  1.96354873e-05
      1.62492139e-05]
    [ 2.27211951e-05  2.60075231e-05  2.28431489e-05  1.66801856e-05
      1.39825548e-05]
    [ 1.94657111e-05  2.21172069e-05  1.84263284e-05  1.50852735e-05
      1.36577561e-05]]

   [[ 9.71874343e-06  9.48402699e-06  1.07686870e-05  1.04246327e-05
      9.81385605e-06]
    [ 1.17972145e-05  1.16169188e-05  1.22390976e-05  1.14953777e-05
      1.21809934e-05]
    [ 1.20249635e-05  1.07193843e-05  1.10400556e-05  1.40143149e-05
      1.75985005e-05]
    [ 1.00861672e-05  9.35621224e-06  1.04024888e-05  1.23209887e-05
      1.42741516e-05]
    [ 1.52982344e-05  1.73069997e-05  1.68859708e-05  1.57552192e-05
      1.72279018e-05]]

   [[ 7.85868623e-06  7.93243175e-06  9.41832325e-06  8.93762954e-06
      7.81159970e-06]
    [ 1.15172768e-05  1.10326921e-05  1.14955040e-05  1.00745950e-05
      8.89227686e-06]
    [ 1.19261111e-05  1.02509697e-05  1.03911654e-05  1.25478773e-05
      1.43836710e-05]
    [ 9.56928716e-06  9.62321239e-06  9.92110627e-06  1.20175378e-05
      1.33489410e-05]
    [ 1.51884224e-05  1.69195901e-05  1.73120598e-05  1.69677333e-05
      1.66616609e-05]]]


  [[[ 2.11937380e-05  2.08409900e-05  2.03723300e-05  2.08390316e-05
      2.01164809e-05]
    [ 1.85108003e-05  2.14456437e-05  2.20256624e-05  2.01905010e-05
      1.41467206e-05]
    [ 1.84193089e-05  2.27861609e-05  2.19945745e-05  1.53719507e-05
      9.35384188e-06]
    [ 1.85899380e-05  1.82069632e-05  1.67003979e-05  1.14240859e-05
      1.10038198e-05]
    [ 1.52227923e-05  1.33239749e-05  1.20956531e-05  8.85002900e-06
      1.12153188e-05]]

   [[ 8.05873339e-06  1.10326389e-05  1.39847576e-05  1.04380140e-05
      6.67396953e-06]
    [ 1.13243869e-05  1.38149079e-05  1.58649165e-05  1.04557377e-05
      7.01119777e-06]
    [ 1.12191660e-05  1.17067063e-05  1.19805055e-05  1.05212051e-05
      1.00029861e-05]
    [ 9.95570979e-06  8.88656105e-06  7.83074200e-06  9.38450756e-06
      9.88955909e-06]
    [ 1.22070483e-05  1.20909542e-05  1.15452288e-05  1.12878330e-05
      1.01046173e-05]]

   [[ 1.05468350e-05  1.48625220e-05  1.76725545e-05  1.41396849e-05
      9.05734926e-06]
    [ 1.34728304e-05  1.74829502e-05  1.95454254e-05  1.40052644e-05
      8.57707545e-06]
    [ 1.38427857e-05  1.56497193e-05  1.56477311e-05  1.33904967e-05
      1.16096265e-05]
    [ 1.21425309e-05  1.14795753e-05  1.11941732e-05  1.03796500e-05
      1.02050663e-05]
    [ 1.40171075e-05  1.47323544e-05  1.41484241e-05  1.18175443e-05
      1.11315859e-05]]

   [[ 1.65197574e-05  1.89613668e-05  2.60318837e-05  2.81879077e-05
      2.75472468e-05]
    [ 1.54684003e-05  2.06655053e-05  2.79834608e-05  2.78970833e-05
      2.56628114e-05]
    [ 1.65519624e-05  2.37378502e-05  2.84757347e-05  2.51169984e-05
      1.82225058e-05]
    [ 1.79711226e-05  2.39647743e-05  2.73471545e-05  2.40799633e-05
      1.48761017e-05]
    [ 1.72747433e-05  2.21694079e-05  2.57844873e-05  2.03037790e-05
      1.24930219e-05]]

   [[ 9.24934991e-06  1.21055478e-05  1.48348854e-05  1.21848758e-05
      7.75948242e-06]
    [ 1.23700989e-05  1.44072623e-05  1.44790207e-05  9.47715432e-06
      9.11726217e-06]
    [ 1.18067362e-05  1.18582448e-05  1.10397180e-05  9.31793450e-06
      1.27871052e-05]
    [ 9.72188407e-06  8.73761917e-06  8.12068852e-06  9.15140876e-06
      1.09150769e-05]
    [ 1.23538322e-05  1.14968956e-05  1.05116349e-05  1.09759993e-05
      1.01463130e-05]]

   [[ 7.73113624e-06  1.06949893e-05  1.28703799e-05  9.36738584e-06
      6.17196555e-06]
    [ 1.11870165e-05  1.32678879e-05  1.44911598e-05  9.15781520e-06
      7.08626980e-06]
    [ 1.12287241e-05  1.15538169e-05  1.09731202e-05  9.16254114e-06
      1.02598134e-05]
    [ 9.32000961e-06  8.55779841e-06  7.36865303e-06  8.27133724e-06
      9.22767264e-06]
    [ 1.15428848e-05  1.17512851e-05  1.12341823e-05  1.03332064e-05
      9.17868840e-06]]]


  [[[ 2.11147300e-05  2.08092480e-05  2.00557096e-05  2.05380904e-05
      2.00280849e-05]
    [ 1.89982599e-05  2.15675514e-05  2.14635481e-05  1.98418673e-05
      1.41570612e-05]
    [ 1.85655603e-05  2.21780928e-05  2.10934057e-05  1.49840938e-05
      9.29747772e-06]
    [ 1.79593861e-05  1.73241169e-05  1.57971121e-05  1.13445544e-05
      1.09901138e-05]
    [ 1.47876652e-05  1.28216769e-05  1.18370629e-05  8.93142404e-06
      1.09678901e-05]]

   [[ 8.05261525e-06  1.08296836e-05  1.35965602e-05  1.03145981e-05
      6.72554972e-06]
    [ 1.07385867e-05  1.30927011e-05  1.51823815e-05  1.03520874e-05
      7.12306444e-06]
    [ 1.08035134e-05  1.12613310e-05  1.17210312e-05  1.09424060e-05
      1.04541155e-05]
    [ 9.98657114e-06  8.98665681e-06  7.95902492e-06  9.59955578e-06
      1.00374097e-05]
    [ 1.27582957e-05  1.25986433e-05  1.17732109e-05  1.12882115e-05
      1.01234370e-05]]

   [[ 1.05254774e-05  1.47520759e-05  1.72665978e-05  1.39738400e-05
      9.11003497e-06]
    [ 1.29079684e-05  1.67129316e-05  1.86353224e-05  1.37432414e-05
      8.71234629e-06]
    [ 1.33252122e-05  1.50414894e-05  1.50605427e-05  1.37125388e-05
      1.20047268e-05]
    [ 1.21034749e-05  1.14962573e-05  1.12885470e-05  1.06404696e-05
      1.02386272e-05]
    [ 1.45513720e-05  1.53765924e-05  1.46059873e-05  1.18653347e-05
      1.10709185e-05]]

   [[ 1.63259696e-05  1.89912039e-05  2.59912476e-05  2.75812900e-05
      2.69479055e-05]
    [ 1.53648348e-05  2.07186149e-05  2.74752082e-05  2.70084959e-05
      2.52777577e-05]
    [ 1.65663596e-05  2.30510457e-05  2.73909059e-05  2.42852983e-05
      1.81054009e-05]
    [ 1.77144682e-05  2.32258505e-05  2.61987541e-05  2.29592535e-05
      1.46405774e-05]
    [ 1.69447974e-05  2.16365003e-05  2.46798387e-05  1.95521373e-05
      1.23158314e-05]]

   [[ 9.32933211e-06  1.19210767e-05  1.43988890e-05  1.20942185e-05
      7.89519482e-06]
    [ 1.16721376e-05  1.36620606e-05  1.38758117e-05  9.53089654e-06
      9.24640887e-06]
    [ 1.12341068e-05  1.13697290e-05  1.08056099e-05  9.80607253e-06
      1.29991458e-05]
    [ 9.66657665e-06  8.68005263e-06  8.29645576e-06  9.19918575e-06
      1.07781618e-05]
    [ 1.28081838e-05  1.19415722e-05  1.08363592e-05  1.08732976e-05
      1.01307615e-05]]

   [[ 7.71541613e-06  1.04579799e-05  1.25474438e-05  9.33034319e-06
      6.22501418e-06]
    [ 1.05679389e-05  1.25588194e-05  1.38509055e-05  9.08292679e-06
      7.20065103e-06]
    [ 1.07205263e-05  1.11101551e-05  1.07846123e-05  9.56683681e-06
      1.06261076e-05]
    [ 9.29913131e-06  8.62877150e-06  7.49143884e-06  8.41071268e-06
      9.30636759e-06]
    [ 1.21022680e-05  1.22263654e-05  1.14587196e-05  1.03456805e-05
      9.23344144e-06]]]


  [[[ 1.00371379e-05  9.77497198e-06  7.72176234e-06  8.34609891e-06
      1.10486629e-05]
    [ 1.16807646e-05  7.85876656e-06  5.02949690e-06  6.51797983e-06
      9.26119238e-06]
    [ 6.45973737e-06  5.11215905e-06  4.39410405e-06  5.15615119e-06
      7.10295444e-06]
    [ 6.05243992e-06  7.44186631e-06  7.66959732e-06  7.51653448e-06
      7.39404879e-06]
    [ 6.12514814e-06  6.45071763e-06  6.42734357e-06  6.40745481e-06
      5.47116027e-06]]

   [[ 4.51956186e-06  2.99851565e-06  2.25096306e-06  2.31220018e-06
      3.18212572e-06]
    [ 4.84926146e-06  6.09958843e-06  6.26610032e-06  5.07740947e-06
      5.32112229e-06]
    [ 7.13553920e-06  7.21639409e-06  8.40849804e-06  8.44454880e-06
      7.33334634e-06]
    [ 7.85752988e-06  6.95463148e-06  7.06806962e-06  7.23526733e-06
      6.18588999e-06]
    [ 8.21759250e-06  8.22183102e-06  8.81057012e-06  7.93281871e-06
      6.22212794e-06]]

   [[ 6.32453003e-06  4.26479835e-06  2.70420887e-06  3.01055402e-06
      3.79493328e-06]
    [ 5.77234051e-06  6.55718844e-06  6.37120644e-06  5.38981729e-06
      5.78923522e-06]
    [ 6.47026073e-06  7.52439957e-06  8.40224875e-06  9.08495389e-06
      7.69936901e-06]
    [ 8.36152674e-06  8.15142369e-06  7.58447038e-06  7.85012880e-06
      6.81191774e-06]
    [ 9.33317006e-06  8.38986150e-06  8.03413485e-06  8.05247669e-06
      7.31529885e-06]]

   [[ 8.69948413e-06  1.04803227e-05  8.44827988e-06  7.06556501e-06
      7.54345990e-06]
    [ 1.30491579e-05  1.23096158e-05  6.59873453e-06  4.77910566e-06
      5.71221299e-06]
    [ 1.16118475e-05  7.61177744e-06  4.93621631e-06  4.71496420e-06
      5.17013283e-06]
    [ 7.21715218e-06  6.98013265e-06  6.71302532e-06  7.21983096e-06
      6.22443294e-06]
    [ 7.87939246e-06  7.44473923e-06  7.69551388e-06  8.05085870e-06
      7.37904270e-06]]

   [[ 5.21134275e-06  3.34013285e-06  2.61786913e-06  2.93505886e-06
      4.17329203e-06]
    [ 5.36195765e-06  6.44940409e-06  6.45382787e-06  5.81784839e-06
      6.85408151e-06]
    [ 7.06080527e-06  8.15095233e-06  9.46633377e-06  9.19387406e-06
      7.38436477e-06]
    [ 8.00021289e-06  7.23650837e-06  7.93332974e-06  7.99039971e-06
      6.28529483e-06]
    [ 7.75750653e-06  7.60770849e-06  8.52670758e-06  8.00289481e-06
      6.57150350e-06]]

   [[ 4.03156470e-06  2.51175769e-06  2.14327076e-06  2.19264130e-06
      3.19764070e-06]
    [ 4.81616066e-06  6.01149146e-06  6.29360081e-06  4.90369358e-06
      5.36862290e-06]
    [ 6.94392178e-06  7.24147793e-06  8.22141435e-06  8.00118051e-06
      6.90742332e-06]
    [ 7.64087323e-06  7.03818836e-06  7.14697773e-06  6.94847334e-06
      5.84016350e-06]
    [ 8.22409426e-06  8.29960482e-06  8.69665803e-06  7.37058133e-06
      5.98033734e-06]]]]]