[[[[ 2.03049279e-01 -5.82487984e-02 -3.06345364e-01 -1.83557887e-01
     1.00201159e-02]
   [-8.81094782e-02 -5.53233324e-01 -5.24145223e-01 -1.98665551e-01
    -4.88254741e-03]
   [-1.40533002e-01 -5.64541743e-01 -2.85204223e-01 -1.19345188e-01
     1.97793415e-02]
   [-1.54716149e-01 -3.38571892e-01 -4.14736358e-02  5.76412217e-02
     2.12699006e-01]
   [ 1.66028073e-01  1.76286027e-01  2.61190052e-01  2.53634178e-01
     4.38893854e-01]]]


 [[[ 2.95325752e-01  2.84904413e-01  3.70166126e-01  4.93655140e-01
     8.28471034e-01]
   [ 1.56157616e-01  1.17356050e-01  2.05720336e-01  2.17011763e-01
     4.19074806e-01]
   [-2.72482538e-01 -8.90201267e-02  5.79010151e-02 -2.96568706e-01
    -1.88497190e-01]
   [-1.02016516e+00 -6.45058783e-01 -5.93570187e-01 -6.54216673e-01
    -4.62735657e-01]
   [-9.98111937e-01 -7.15569259e-01 -4.27399163e-01 -1.27127852e-01
     1.45360728e-01]]]


 [[[ 5.34196672e-01  3.24179640e-01  2.99276273e-01  3.73995171e-01
     6.42563558e-01]
   [ 2.91153982e-01  2.03771319e-02 -1.68737682e-02  4.21930618e-02
     3.19527645e-01]
   [ 8.10522985e-04 -1.55379370e-01 -2.68861849e-01 -3.11309776e-01
    -9.01301663e-03]
   [-4.25870498e-01 -4.16758027e-01 -4.82884619e-01 -4.98394155e-01
    -3.60769306e-02]
   [-1.01692007e+00 -1.10785536e+00 -5.01929420e-01 -8.34282047e-02
     4.09837593e-01]]]


 [[[-1.45911700e-01 -3.13266680e-01 -4.41977924e-01 -6.85220507e-02
     3.53877981e-01]
   [-3.74579986e-01 -6.77800418e-01 -4.11610637e-01  1.11560225e-01
     6.20752902e-01]
   [-3.87146821e-01 -4.83989996e-01 -9.65555408e-02  3.07632165e-01
     7.62407533e-01]
   [-1.72657182e-01 -6.67459878e-02  2.79980641e-01  3.84414797e-01
     6.25804853e-01]
   [-1.51995797e-01  3.09907501e-02  2.46313909e-01  1.54922518e-01
     2.05676174e-01]]]


 [[[ 6.15490238e-01  3.17863641e-01  2.26312573e-01  2.34379603e-01
     5.80620960e-01]
   [ 4.26800776e-01  4.57951910e-02  5.57941106e-03 -5.49451788e-02
     2.14734886e-01]
   [ 1.55140723e-01 -1.41338236e-02 -8.14403662e-02 -3.50167262e-01
    -1.85946452e-01]
   [-2.12375606e-01 -2.58502051e-01 -4.59955514e-01 -4.65202177e-01
    -2.55688028e-01]
   [-7.57287842e-01 -1.12912931e+00 -6.54376974e-01 -9.12146795e-02
     2.30785003e-01]]]


 [[[ 3.57010925e-01  3.28289249e-01  3.70391931e-01  4.36555987e-01
     6.85379554e-01]
   [ 1.81043555e-01  1.47138671e-01  1.89396350e-01  1.64424260e-01
     3.02296942e-01]
   [-2.01247461e-01 -3.39672323e-02  2.91951418e-02 -3.03225237e-01
    -2.20940330e-01]
   [-9.31319582e-01 -5.32565068e-01 -5.02422547e-01 -6.53830696e-01
    -4.44292414e-01]
   [-1.15167591e+00 -8.62745997e-01 -4.29185107e-01 -1.62092657e-01
     7.67065930e-02]]]]