[[[[ 5.14740227e-02  1.80187924e-01  2.02822805e-01  1.00553154e-01
    -5.20808844e-01]
   [ 6.44870750e-02 -3.86944543e-02 -2.23382696e-01 -3.61277971e-01
    -8.35654017e-01]
   [ 1.01606877e-01 -7.89370315e-02 -2.71654358e-01 -5.09151922e-01
    -9.53893811e-01]
   [ 2.67086689e-02 -8.91151366e-02 -2.65426959e-02 -3.69312427e-01
    -8.94776198e-01]
   [-1.16467047e-02  8.45480069e-02  5.08206496e-01  1.67886289e-01
    -4.29752018e-01]]

  [[ 1.28270243e-01  1.62189386e-01 -4.11524853e-01 -5.89422466e-01
    -6.75849512e-01]
   [ 3.39337445e-01  2.26695948e-01 -2.34715740e-01 -2.85448706e-01
    -5.45579845e-01]
   [ 3.77104977e-01  2.13495414e-01  1.05699170e-01  1.06076431e-01
    -3.20981586e-01]
   [ 4.72966517e-01  6.69822464e-01  7.48780535e-01  6.39593476e-01
     1.68054259e-01]
   [ 4.25241230e-01  5.77841954e-01  6.11807791e-01  3.36584056e-01
     1.27469161e-01]]

  [[ 5.41432254e-02  3.54026316e-02 -4.73278526e-01 -6.17123149e-01
    -9.35986599e-01]
   [ 1.28385634e-02 -1.24461380e-01 -4.71472694e-01 -4.33584885e-01
    -8.15422730e-01]
   [ 4.53920464e-02 -2.06434074e-01 -1.51752728e-01 -4.06961002e-02
    -5.00252388e-01]
   [ 7.16103120e-02  1.70143326e-01  5.88536201e-01  5.06608365e-01
     4.40700918e-03]
   [ 1.28092045e-01  3.98695226e-01  6.69012928e-01  3.85863333e-01
     1.55155833e-01]]

  [[-4.99601480e-01  5.14205335e-02  4.26193479e-01  3.46734233e-01
    -1.89626541e-01]
   [-3.50646087e-01  1.05887713e-01  2.51098236e-01 -3.97297503e-02
    -6.40255086e-01]
   [-6.26824328e-02  2.16209331e-01  1.69992392e-01 -2.64029417e-02
    -2.99256109e-01]
   [ 5.06865627e-02  9.11621348e-02  1.07379738e-02  1.43155149e-01
    -5.39645883e-02]
   [-3.49162165e-02 -2.81732791e-02  1.46180590e-01  4.36294360e-01
     4.72337996e-02]]

  [[ 8.89695997e-02 -4.69033044e-02 -5.19598554e-01 -6.64114813e-01
    -9.12947698e-01]
   [-1.58975845e-02 -2.73048916e-01 -5.30415420e-01 -5.38868255e-01
    -8.48072652e-01]
   [ 3.83230290e-02 -2.67164310e-01 -1.70313092e-01 -9.21467133e-02
    -5.06707155e-01]
   [ 1.92192093e-01  2.77926581e-01  6.69341997e-01  5.13563603e-01
     1.66186324e-02]
   [ 2.29699906e-01  5.27879838e-01  7.54089574e-01  3.96940009e-01
     1.87453312e-01]]

  [[ 2.00078520e-01  2.47254632e-01 -4.36785864e-01 -6.90064509e-01
    -7.02345081e-01]
   [ 3.17140484e-01  2.50774707e-01 -2.84090788e-01 -4.16302047e-01
    -5.85465947e-01]
   [ 3.79225534e-01  2.25960396e-01  5.11864221e-02  3.19269262e-02
    -3.45350420e-01]
   [ 5.29149359e-01  7.35852580e-01  7.56598612e-01  6.75389680e-01
     2.31557054e-01]
   [ 4.03941774e-01  5.81609603e-01  6.15062332e-01  3.89526638e-01
     1.90410163e-01]]]


 [[[-6.62727652e-03  5.82608281e-02  2.17437212e-02 -1.62038681e-01
    -7.46660812e-01]
   [-9.09770529e-02  5.82439764e-03 -5.45201586e-02 -2.71845930e-01
    -7.93137182e-01]
   [ 6.55508801e-02  2.03948836e-01  1.21259178e-01 -3.01409624e-01
    -8.47189238e-01]
   [ 6.90940701e-02  7.00029111e-02 -1.14679727e-01 -6.88248403e-01
    -1.15463447e+00]
   [ 1.87140052e-01  1.75571732e-01  2.03908403e-01 -2.44556232e-01
    -6.87150516e-01]]

  [[-9.29007089e-02  2.07419897e-01 -6.36541637e-02 -2.88926792e-01
    -5.29148625e-01]
   [ 3.12317077e-01  3.98913099e-01 -2.63809131e-02 -2.06364701e-01
    -6.42666878e-01]
   [ 3.93496523e-01  1.45853771e-01 -2.06570437e-01 -3.88179623e-01
    -8.39942782e-01]
   [ 5.12165226e-01  6.09111227e-01  4.64159723e-01  1.84816597e-01
    -1.37562490e-01]
   [ 3.03114394e-01  5.58606793e-01  6.82080084e-01  4.07918409e-01
     2.20120099e-01]]

  [[-2.18341992e-01  2.71397260e-02 -1.71764895e-01 -3.24457557e-01
    -7.64680622e-01]
   [-2.77791478e-03  1.01255923e-01 -1.94563416e-01 -3.36442059e-01
    -8.48117228e-01]
   [ 1.35787229e-01 -1.05786190e-01 -3.64731653e-01 -4.84180435e-01
    -8.95275066e-01]
   [ 1.86456343e-01  2.30079150e-01  3.41201198e-01  1.52268742e-01
    -1.79125624e-01]
   [ 1.07073664e-01  4.12214026e-01  7.34677682e-01  5.17629309e-01
     2.58819751e-01]]

  [[-5.82883853e-01 -7.06805674e-02  4.89326127e-01  3.66840265e-01
    -3.83113247e-01]
   [-5.94864895e-01 -3.75020249e-02  3.77523819e-01  1.26051876e-01
    -6.19914945e-01]
   [-1.63480976e-01  3.39793704e-01  5.28871917e-01  2.49698207e-01
    -2.42822634e-01]
   [ 9.50891005e-02  2.73733284e-01  1.88281315e-01  2.68602936e-02
    -3.86213760e-01]
   [ 5.03759557e-02  9.44956569e-02  9.20664611e-02  1.21828065e-01
    -3.53787997e-01]]

  [[-1.50799230e-01  1.26984006e-02 -2.25890354e-01 -4.28964758e-01
    -7.59878502e-01]
   [-1.12256467e-02 -1.21770946e-04 -2.72664798e-01 -4.66347043e-01
    -9.29805589e-01]
   [ 1.46162031e-01 -1.95631590e-01 -4.39729875e-01 -5.74435141e-01
    -9.32143419e-01]
   [ 3.31595848e-01  2.85014749e-01  3.59442004e-01  1.17468594e-01
    -1.71138814e-01]
   [ 2.39478378e-01  5.46344843e-01  8.03563066e-01  5.02498466e-01
     2.70756786e-01]]

  [[-1.55376615e-02  3.34630144e-01 -8.17975563e-02 -3.99568809e-01
    -5.67280826e-01]
   [ 3.28525906e-01  4.61158216e-01 -6.20878933e-02 -3.36419898e-01
    -7.10830355e-01]
   [ 4.40713525e-01  1.73087793e-01 -2.64326985e-01 -4.81819697e-01
    -8.75912374e-01]
   [ 6.01556191e-01  6.57747298e-01  4.30618289e-01  2.09122146e-01
    -6.07753815e-02]
   [ 3.20783598e-01  5.68993896e-01  6.68816461e-01  4.58723309e-01
     2.70481647e-01]]]


 [[[ 2.04232009e-01  2.16992693e-01  1.11617495e-01 -5.35675156e-02
    -6.73351038e-01]
   [-6.56400961e-02 -2.10134949e-01 -3.30542741e-01 -4.06838502e-01
    -9.26918416e-01]
   [-1.58354137e-01 -1.64082795e-01 -1.40586307e-01 -2.94466025e-01
    -8.14603661e-01]
   [ 8.07981450e-03  5.62507238e-02  1.63416724e-01 -3.14892892e-01
    -8.64903238e-01]
   [ 3.16516568e-01  4.51049677e-01  6.60814939e-01  6.67465950e-02
    -5.07804992e-01]]

  [[-2.21417467e-01 -6.64263662e-02 -4.13461639e-01 -5.22479404e-01
    -6.83473533e-01]
   [ 1.70664623e-01  2.92660215e-01  6.26333177e-03 -4.29153178e-02
    -3.78198126e-01]
   [ 5.72196480e-01  5.86596032e-01  3.70815776e-01  1.25023002e-01
    -4.76261940e-01]
   [ 7.53283015e-01  9.71806202e-01  7.73411071e-01  3.09370475e-01
    -2.42497413e-01]
   [ 2.45137287e-01  3.79754442e-01  3.56074903e-01 -1.78917556e-03
    -2.22377149e-01]]

  [[-2.58135853e-01 -2.29911339e-01 -4.76312521e-01 -4.54760310e-01
    -8.42157811e-01]
   [-2.17897656e-01 -1.27991302e-01 -2.04144805e-01 -1.69599969e-01
    -6.42963420e-01]
   [ 1.52668941e-01  1.27080162e-01  1.26642828e-01 -7.50272942e-02
    -7.18456016e-01]
   [ 3.21904784e-01  4.19794788e-01  5.93317855e-01  1.86568195e-01
    -3.59654609e-01]
   [-5.58239190e-02  1.80975366e-01  4.20529838e-01  5.15545486e-02
    -1.57557793e-01]]

  [[-5.16605388e-01  2.26526426e-02  4.41569742e-01  3.90605768e-01
    -2.30599565e-01]
   [-5.45020838e-01 -1.33817748e-01  5.66126165e-02 -9.23112756e-02
    -6.75621094e-01]
   [-4.08979221e-01 -5.21045482e-02  9.32154614e-02  1.15560600e-01
    -2.30005915e-01]
   [-2.55690466e-01 -5.03533827e-02  1.09272875e-01  3.11542647e-01
    -3.98852929e-02]
   [-3.63335628e-02  1.43120393e-01  4.13565093e-01  5.54461520e-01
    -7.88777342e-02]]

  [[-1.94148149e-01 -2.48729198e-01 -4.96149717e-01 -5.30842816e-01
    -8.60317228e-01]
   [-2.18399285e-01 -2.08665012e-01 -2.44796393e-01 -2.80799345e-01
    -7.52815537e-01]
   [ 2.22151123e-01  1.09323568e-01  8.11638624e-02 -1.58110403e-01
    -7.73295727e-01]
   [ 5.05582720e-01  5.66311831e-01  6.10860715e-01  1.40986308e-01
    -3.57505445e-01]
   [ 8.22518906e-02  3.42978144e-01  4.87099346e-01  1.74390611e-02
    -1.44442236e-01]]

  [[-1.47123162e-01  1.38035046e-02 -4.29061516e-01 -5.97694570e-01
    -6.99787578e-01]
   [ 1.67207811e-01  3.47602992e-01  2.04557038e-03 -1.41515522e-01
    -4.25123922e-01]
   [ 5.92731974e-01  6.13711664e-01  3.19771321e-01  3.93589652e-02
    -5.32886147e-01]
   [ 8.25724162e-01  1.03502944e+00  7.44750252e-01  3.12054283e-01
    -2.02560140e-01]
   [ 2.48974276e-01  3.97524621e-01  3.60276983e-01  4.76724780e-02
    -1.69052867e-01]]]


 [[[ 1.02034315e-01  1.70073869e-01  8.37640989e-02 -1.25863726e-01
    -7.05381871e-01]
   [-3.41098043e-02  3.61171658e-03 -7.98130466e-02 -2.39545417e-01
    -7.42357084e-01]
   [ 3.42003061e-02  1.56205995e-01  1.51277221e-01 -2.05209169e-01
    -7.30771128e-01]
   [ 4.74627208e-02  1.27747610e-01  5.42451935e-02 -5.85279887e-01
    -1.08581589e+00]
   [ 2.27459438e-01  3.51157908e-01  3.60756267e-01 -2.58604440e-01
    -7.11935351e-01]]

  [[-5.50276867e-02  2.41060077e-01  1.15823302e-03 -1.92018730e-01
    -3.91988605e-01]
   [ 3.16148773e-01  4.64242087e-01  1.04795245e-01 -7.25820941e-02
    -4.83297779e-01]
   [ 4.81368391e-01  3.90408284e-01  2.75855109e-02 -2.89357735e-01
    -8.19002625e-01]
   [ 6.54316240e-01  8.65275471e-01  6.07280588e-01  1.37993161e-01
    -2.33691207e-01]
   [ 3.60625984e-01  6.60204255e-01  6.76773750e-01  2.93958191e-01
     1.16958680e-01]]

  [[-1.49605975e-01  1.78867028e-02 -1.58368625e-01 -2.48591972e-01
    -6.59254127e-01]
   [-3.04262899e-02  9.51494129e-02 -9.68365335e-02 -2.33858464e-01
    -7.56392143e-01]
   [ 1.53095215e-01  5.77853740e-02 -1.45302161e-01 -4.10854711e-01
    -9.34482445e-01]
   [ 2.55908162e-01  4.38300752e-01  4.89626873e-01  7.15925105e-02
    -3.11914383e-01]
   [ 1.04409731e-01  5.01977808e-01  7.14796383e-01  3.48177902e-01
     1.63176585e-01]]

  [[-5.32165567e-01 -1.30972836e-02  5.09246122e-01  3.75716644e-01
    -3.32545967e-01]
   [-5.24323367e-01 -2.12660584e-02  3.22852390e-01  7.32331810e-02
    -5.84774227e-01]
   [-1.90184666e-01  2.71478217e-01  4.90858401e-01  2.88002685e-01
    -1.66208765e-01]
   [ 4.40271313e-03  2.32841346e-01  3.12925799e-01  1.90426971e-01
    -2.78502510e-01]
   [ 1.94246211e-02  1.81209154e-01  3.18011653e-01  2.59370014e-01
    -3.25395883e-01]]

  [[-7.87805766e-02  2.59443984e-02 -1.99453213e-01 -3.46487718e-01
    -6.52188834e-01]
   [-2.70203002e-02  1.32699431e-02 -1.77686516e-01 -3.59057155e-01
    -8.27364648e-01]
   [ 1.84889956e-01 -2.93710527e-02 -2.35700725e-01 -4.95709909e-01
    -9.57270034e-01]
   [ 4.24248327e-01  4.86494900e-01  4.58405594e-01  3.60611175e-02
    -2.82976147e-01]
   [ 2.52082197e-01  6.20163656e-01  7.42606237e-01  3.29392199e-01
     1.90506414e-01]]

  [[ 1.83215658e-02  3.55097977e-01 -1.89494916e-02 -3.02814719e-01
    -4.29881324e-01]
   [ 3.31680318e-01  5.22191006e-01  6.21489490e-02 -2.09519232e-01
    -5.46773427e-01]
   [ 5.29289317e-01  4.20676313e-01 -2.84207786e-02 -3.78555040e-01
    -8.52953684e-01]
   [ 7.49163275e-01  9.15966668e-01  5.69850296e-01  1.51344516e-01
    -1.69840680e-01]
   [ 3.78502616e-01  6.63232441e-01  6.58288124e-01  3.33543483e-01
     1.55565190e-01]]]


 [[[ 1.11388897e-01  1.89836321e-01  1.82436419e-01  6.95362241e-02
    -5.35916420e-01]
   [ 1.48074955e-03 -7.16520092e-02 -1.90864517e-01 -2.72090876e-01
    -7.36159363e-01]
   [ 5.20751262e-02 -6.65274982e-02 -1.84191176e-01 -3.81634110e-01
    -8.38804062e-01]
   [ 6.95868930e-02 -3.48657101e-02 -3.83362461e-02 -4.17140478e-01
    -9.34540051e-01]
   [ 6.57257193e-02  1.23669626e-01  4.26079768e-01  4.95011111e-02
    -4.89986696e-01]]

  [[ 2.46809097e-02  7.07673314e-02 -4.30340762e-01 -5.30295562e-01
    -5.51285058e-01]
   [ 3.24407244e-01  2.37163509e-01 -2.35623113e-01 -2.96067327e-01
    -5.72783636e-01]
   [ 4.67929483e-01  2.70134979e-01  4.83929587e-02 -4.28042508e-02
    -5.15500677e-01]
   [ 5.24093869e-01  7.00530307e-01  6.77700186e-01  5.14644824e-01
     8.44935275e-02]
   [ 3.49647238e-01  5.75525890e-01  6.58924028e-01  4.32764497e-01
     2.45897247e-01]]

  [[-4.89962613e-02 -7.23637060e-02 -5.17594083e-01 -5.71378215e-01
    -8.24577972e-01]
   [-1.22140183e-02 -1.24076588e-01 -4.67000119e-01 -4.33085591e-01
    -8.32048145e-01]
   [ 1.23629968e-01 -1.36641256e-01 -2.00484421e-01 -1.69711771e-01
    -6.54218106e-01]
   [ 1.15527505e-01  2.10341935e-01  5.16632497e-01  4.08320810e-01
    -5.19232127e-02]
   [ 7.46764136e-02  3.92263633e-01  6.94993021e-01  4.81729535e-01
     2.75606545e-01]]

  [[-4.36276330e-01  5.02868476e-02  3.76845149e-01  2.70808446e-01
    -2.62174395e-01]
   [-3.65610713e-01  6.37183391e-02  2.08438521e-01 -6.64737606e-02
    -6.23116257e-01]
   [-6.56349151e-02  2.55295906e-01  2.40932460e-01  3.92757357e-02
    -2.33959154e-01]
   [ 1.32607036e-01  2.12592789e-01  1.17588209e-01  1.49379553e-01
    -1.25761864e-01]
   [ 5.53844529e-02  6.96798437e-02  1.58969928e-01  3.44332658e-01
    -8.61291135e-02]]

  [[-8.11315240e-03 -1.37052997e-01 -5.44948360e-01 -6.16489322e-01
    -8.13520091e-01]
   [-4.32430566e-02 -2.61423070e-01 -5.16767994e-01 -5.43613787e-01
    -8.84676253e-01]
   [ 1.07748431e-01 -2.11656953e-01 -2.23260105e-01 -2.27811479e-01
    -6.70699837e-01]
   [ 2.47517965e-01  3.12756698e-01  5.89954495e-01  4.08352836e-01
    -3.49308864e-02]
   [ 2.06666090e-01  5.51884358e-01  8.00003739e-01  5.01591515e-01
     3.05499976e-01]]

  [[ 9.05988349e-02  1.61144953e-01 -4.47909544e-01 -6.27698023e-01
    -5.71947565e-01]
   [ 3.01872050e-01  2.71671953e-01 -2.70386926e-01 -4.26276369e-01
    -6.22575992e-01]
   [ 4.75042721e-01  2.93418496e-01  3.69718267e-03 -1.19792737e-01
    -5.45634895e-01]
   [ 5.87766352e-01  7.74272624e-01  6.88822890e-01  5.54784263e-01
     1.55612831e-01]
   [ 3.48069786e-01  5.91727913e-01  6.69507753e-01  4.90378625e-01
     3.04793593e-01]]]


 [[[ 1.18548246e-01  2.88127974e-01  2.79241955e-01  8.91819889e-02
    -6.19624288e-01]
   [ 4.79505756e-02 -2.21582577e-01 -5.56844504e-01 -7.13391398e-01
    -1.13545091e+00]
   [-4.52642969e-02 -3.95261896e-01 -6.30786966e-01 -7.14308837e-01
    -9.61192277e-01]
   [-3.76183228e-02 -1.39875637e-01  1.70533220e-01  2.10901164e-02
    -4.66131031e-01]
   [-1.16585532e-02  1.46329762e-01  7.91031334e-01  5.02049631e-01
    -1.66693025e-01]]

  [[-3.59957483e-02 -9.15981826e-02 -7.10107530e-01 -8.49884336e-01
    -8.18926093e-01]
   [ 1.61954064e-01  8.35561909e-02 -2.69335573e-01 -1.22319863e-01
    -1.48364834e-01]
   [ 3.05422590e-01  2.97198135e-01  4.15991061e-01  6.30256153e-01
     2.70563319e-01]
   [ 4.40175547e-01  6.21714229e-01  7.96043437e-01  7.07799056e-01
     1.53843624e-01]
   [ 3.15721716e-01  2.66327235e-01  1.72997512e-01 -1.82549781e-01
    -4.46007671e-01]]

  [[-3.41138688e-02 -1.92445278e-01 -7.79925222e-01 -9.01720083e-01
    -1.13819841e+00]
   [-1.31983280e-01 -3.17678089e-01 -5.77446009e-01 -3.92786474e-01
    -5.20239241e-01]
   [-1.30004697e-02 -1.67286877e-01  1.04288749e-01  3.53265617e-01
    -6.33950760e-02]
   [ 7.07551926e-02  1.12495221e-01  6.19078212e-01  5.19510726e-01
    -5.82163677e-02]
   [ 3.66227299e-04  8.72355636e-02  2.60982210e-01 -1.59603994e-01
    -4.28394355e-01]]

  [[-5.13150835e-01  7.74523360e-02  4.48121916e-01  3.79736779e-01
    -2.26747157e-01]
   [-3.99634872e-01 -1.81419286e-02 -2.29932900e-02 -3.50521382e-01
    -9.34204921e-01]
   [-2.45529753e-01 -1.28587460e-01 -3.48369369e-01 -4.41146162e-01
    -4.88594516e-01]
   [-8.76622424e-02 -1.63995570e-01 -2.76013018e-01  9.51495926e-02
     2.17964623e-01]
   [ 1.49154926e-02 -1.23221729e-02  2.14626702e-01  6.61955461e-01
     3.88973610e-01]]

  [[ 6.23086194e-03 -2.68717151e-01 -8.13318867e-01 -9.30124636e-01
    -1.09350104e+00]
   [-1.80533794e-01 -4.60460213e-01 -6.14759468e-01 -4.33714390e-01
    -5.28002434e-01]
   [-2.81232076e-02 -2.38569732e-01  7.46506240e-02  3.38001507e-01
    -7.04155397e-02]
   [ 1.34895826e-01  1.92052235e-01  7.05772776e-01  5.55164716e-01
    -7.58719196e-02]
   [ 2.29984043e-02  1.63569807e-01  3.35716213e-01 -1.62605884e-01
    -4.28780592e-01]]

  [[ 3.71037958e-02 -1.88572422e-02 -7.61362188e-01 -9.62975528e-01
    -8.23564007e-01]
   [ 1.30172558e-01  1.10672941e-01 -3.13954576e-01 -2.09677145e-01
    -1.33055763e-01]
   [ 2.85967753e-01  2.89705778e-01  3.59474070e-01  5.90088103e-01
     2.65910422e-01]
   [ 4.65011335e-01  6.47390653e-01  7.89140872e-01  7.29891799e-01
     1.76933400e-01]
   [ 2.89945310e-01  2.67822688e-01  1.94212853e-01 -1.29090295e-01
    -4.03983055e-01]]]


 [[[ 6.85032555e-02  1.44912126e-01  1.67266811e-01  8.93504521e-02
    -5.44965007e-01]
   [-1.43066537e-01 -2.42369618e-01 -3.42429923e-01 -3.36304290e-01
    -7.77282531e-01]
   [-5.55689179e-02 -1.69043275e-01 -2.82911127e-01 -3.68790641e-01
    -7.84693706e-01]
   [ 1.58538465e-01  7.91228895e-02  7.97256258e-02 -2.36878919e-01
    -7.35043640e-01]
   [ 1.57865817e-01  1.88861584e-01  5.42783706e-01  2.50097327e-01
    -3.00802217e-01]]

  [[-1.72820611e-01 -1.37044744e-01 -6.16260160e-01 -6.41872882e-01
    -5.63184292e-01]
   [ 2.79360941e-01  2.03647441e-01 -2.92270627e-01 -3.18095650e-01
    -4.99023582e-01]
   [ 5.84307430e-01  3.66486705e-01  8.52794025e-02  1.17946783e-02
    -4.11754488e-01]
   [ 5.18511610e-01  6.17884240e-01  6.10629529e-01  5.13033471e-01
     1.04800016e-01]
   [ 1.78989521e-01  3.41818979e-01  4.57322297e-01  2.99039544e-01
     1.42464953e-01]]

  [[-2.22817526e-01 -2.66089727e-01 -6.76508587e-01 -6.51698539e-01
    -8.45768112e-01]
   [-9.29029782e-02 -1.72100972e-01 -5.23324660e-01 -4.39920080e-01
    -7.49165812e-01]
   [ 1.94364356e-01 -4.48287690e-02 -1.42721501e-01 -9.45111645e-02
    -5.41541164e-01]
   [ 1.02479584e-01  1.33230827e-01  4.69897765e-01  4.48104682e-01
     4.24724819e-03]
   [-9.02264246e-02  1.60125778e-01  5.48619983e-01  4.08461895e-01
     1.96501761e-01]]

  [[-4.98435452e-01 -4.79288109e-02  2.41891583e-01  1.67550474e-01
    -3.43974836e-01]
   [-5.08178971e-01 -8.71378827e-02  1.56338005e-03 -2.38964192e-01
    -7.12488629e-01]
   [-2.01905809e-01  1.37291298e-01  6.20946486e-02 -7.26832094e-02
    -1.95492401e-01]
   [ 1.17467708e-01  2.17729181e-01  5.98883607e-02  1.80197477e-01
     7.04967785e-02]
   [ 1.06143960e-01  9.56082567e-02  1.36036701e-01  3.96977979e-01
     7.39145870e-02]]

  [[-1.70565350e-01 -3.19049761e-01 -7.17362130e-01 -7.15037132e-01
    -8.30985455e-01]
   [-1.11629707e-01 -3.19937113e-01 -6.07452285e-01 -5.66336865e-01
    -8.15436738e-01]
   [ 2.22620265e-01 -1.24945843e-01 -2.04158750e-01 -1.65662531e-01
    -5.70054520e-01]
   [ 2.58954397e-01  2.38371309e-01  5.59512425e-01  4.52143936e-01
    -4.75237475e-03]
   [ 3.58451090e-02  3.11517514e-01  6.54008428e-01  4.11614940e-01
     1.97293916e-01]]

  [[-1.00720207e-01 -4.11473395e-02 -6.36625933e-01 -7.53556205e-01
    -5.89212784e-01]
   [ 2.72388078e-01  2.42844702e-01 -3.36304513e-01 -4.45162187e-01
    -5.40953961e-01]
   [ 5.93059121e-01  3.70091071e-01  2.11913324e-02 -6.87195226e-02
    -4.44127224e-01]
   [ 5.74301833e-01  6.82699028e-01  6.27208630e-01  5.51042556e-01
     1.60119654e-01]
   [ 1.76873650e-01  3.58604466e-01  4.85489487e-01  3.69825079e-01
     1.94831713e-01]]]


 [[[-7.61806214e-02  2.45630459e-02  1.01934872e-01 -6.82077603e-02
    -6.91865125e-01]
   [ 1.47553520e-01  3.68845879e-01  3.26743786e-01 -5.66738363e-02
    -6.94391872e-01]
   [ 4.18554528e-01  4.45182392e-01  2.05096965e-01 -4.04834297e-01
    -8.79508269e-01]
   [ 8.83983487e-02 -2.80760252e-01 -5.34181102e-01 -8.99338751e-01
    -1.04981001e+00]
   [-1.70546197e-01 -5.04239780e-01 -1.97996847e-01 -1.62414674e-01
    -3.63653967e-01]]

  [[ 1.42459273e-01  4.97355395e-01  1.98244162e-01 -8.81212881e-02
    -4.55519035e-01]
   [ 3.15807204e-01  1.90995947e-01 -3.32677085e-01 -4.51479320e-01
    -6.32024627e-01]
   [ 3.59326144e-02 -5.56105671e-01 -8.72147040e-01 -6.38403827e-01
    -5.56542624e-01]
   [ 5.12925462e-02 -4.47556359e-02  1.53082865e-01  4.51658571e-01
     4.58365932e-01]
   [ 3.89542450e-01  5.93180847e-01  8.84748510e-01  8.71897282e-01
     6.86114269e-01]]

  [[ 3.26802390e-02  3.15896577e-01  1.37174119e-01 -1.19924934e-01
    -7.02675430e-01]
   [ 2.09380074e-01  8.62445880e-02 -3.84320711e-01 -4.73049625e-01
    -7.97088281e-01]
   [ 5.39500312e-02 -5.86282044e-01 -9.27407835e-01 -6.77898808e-01
    -6.14778141e-01]
   [-4.20983196e-02 -2.48724377e-01  8.44833067e-02  3.75395445e-01
     3.58116853e-01]
   [ 3.22154940e-01  4.98883825e-01  9.25033449e-01  8.99641928e-01
     6.38468354e-01]]

  [[-4.61490646e-01 -4.53344941e-03  5.06708182e-01  3.85461819e-01
    -3.58005555e-01]
   [-3.45413393e-01  2.55882057e-01  6.64778853e-01  2.85456054e-01
    -6.23750724e-01]
   [ 2.59673022e-01  6.68725567e-01  5.82366013e-01  8.00419507e-02
    -4.68827243e-01]
   [ 4.19017069e-01  2.52545952e-01 -3.05627332e-01 -5.35283036e-01
    -6.45141062e-01]
   [ 5.06465981e-02 -2.73285585e-01 -5.54190905e-01 -2.71546087e-01
    -2.54304837e-01]]

  [[ 8.48785366e-02  3.33618483e-01  9.59583101e-02 -1.88801416e-01
    -6.59442439e-01]
   [ 1.25268784e-01 -3.30537561e-02 -4.20262402e-01 -5.54629291e-01
    -7.50901460e-01]
   [-8.53099235e-02 -7.64052649e-01 -9.51190291e-01 -6.80876085e-01
    -5.50520371e-01]
   [-1.22269435e-01 -3.35407014e-01  1.38778682e-01  3.75807838e-01
     3.77414899e-01]
   [ 2.51286967e-01  4.96977610e-01  9.80022094e-01  8.87950933e-01
     6.06869290e-01]]

  [[ 2.42571455e-01  6.34917730e-01  1.57810597e-01 -2.21580902e-01
    -4.80757806e-01]
   [ 3.08857609e-01  2.20316317e-01 -4.11810303e-01 -5.95210338e-01
    -6.72198542e-01]
   [ 2.81718104e-02 -5.54498510e-01 -9.23596254e-01 -6.84141587e-01
    -5.49605961e-01]
   [ 6.69805041e-02 -9.02150874e-03  1.58109370e-01  5.19785005e-01
     5.67267366e-01]
   [ 3.29768855e-01  5.57658659e-01  8.86378936e-01  9.34059419e-01
     7.43888142e-01]]]


 [[[ 7.56219955e-02  1.78785061e-01  1.98278051e-01  8.66836416e-02
    -5.52967485e-01]
   [-4.48068788e-02 -1.40228213e-01 -2.85142505e-01 -3.73496150e-01
    -8.36746150e-01]
   [ 1.52560480e-02 -9.79755373e-02 -2.52027911e-01 -4.47369034e-01
    -8.81333718e-01]
   [ 9.20199162e-02  2.18686932e-02  4.38458370e-02 -3.43913622e-01
    -8.59498573e-01]
   [ 1.03301328e-01  1.97357604e-01  5.44706042e-01  1.49333486e-01
    -4.21992986e-01]]

  [[-2.81873155e-02  2.72578721e-02 -4.92815494e-01 -6.34367960e-01
    -6.73659891e-01]
   [ 3.19969685e-01  2.66368238e-01 -2.02143140e-01 -2.84276035e-01
    -5.42335208e-01]
   [ 5.00255108e-01  3.70322182e-01  1.70312290e-01  6.24668097e-02
    -4.09415033e-01]
   [ 5.15794557e-01  7.24300080e-01  7.37519503e-01  5.46047958e-01
     8.43980422e-02]
   [ 3.07299676e-01  4.81644827e-01  5.49926325e-01  3.06013624e-01
     1.11120823e-01]]

  [[-9.77758298e-02 -1.02032070e-01 -5.46756635e-01 -6.37483716e-01
    -9.20924954e-01]
   [-5.30671173e-02 -1.08561251e-01 -4.34907923e-01 -4.18938883e-01
    -7.99787265e-01]
   [ 1.28133559e-01 -5.70089216e-02 -7.43480792e-02 -7.44448337e-02
    -5.67908238e-01]
   [ 1.08183490e-01  2.24158701e-01  5.75600968e-01  4.33346904e-01
    -5.51616898e-02]
   [ 9.67388777e-03  2.95686786e-01  6.07543914e-01  3.61262348e-01
     1.48082963e-01]]

  [[-4.94789701e-01  2.65528217e-02  3.93013467e-01  3.04527704e-01
    -2.60962039e-01]
   [-4.39230878e-01  1.19167993e-02  1.61093276e-01 -1.24864689e-01
    -7.03524258e-01]
   [-1.67556754e-01  1.66353002e-01  1.58809404e-01 -2.02007631e-02
    -2.86681812e-01]
   [ 3.38894658e-02  1.38618875e-01  9.29725949e-02  1.95886085e-01
    -3.80734188e-02]
   [ 7.49110941e-03  5.03451706e-02  2.15734596e-01  4.38679062e-01
    -1.20172028e-03]]

  [[-5.41166215e-02 -1.68208810e-01 -5.94178493e-01 -6.97438536e-01
    -9.02225082e-01]
   [-6.80161376e-02 -2.52770900e-01 -5.12250732e-01 -5.35739397e-01
    -8.47600772e-01]
   [ 1.44637094e-01 -1.25358356e-01 -1.23329174e-01 -1.36830558e-01
    -5.78536027e-01]
   [ 2.52655256e-01  3.38090727e-01  6.50619352e-01  4.35038287e-01
    -3.96205337e-02]
   [ 1.30427944e-01  4.47123841e-01  7.08115301e-01  3.69032343e-01
     1.75623858e-01]]

  [[ 3.92675977e-02  1.09725017e-01 -5.13356469e-01 -7.30721807e-01
    -6.96822128e-01]
   [ 3.02825016e-01  2.95986660e-01 -2.48050259e-01 -4.10573455e-01
    -5.82829403e-01]
   [ 5.07775482e-01  3.79187768e-01  1.06384853e-01 -1.90782631e-02
    -4.34729994e-01]
   [ 5.78445906e-01  7.90322680e-01  7.40778064e-01  5.79362450e-01
     1.43126582e-01]
   [ 2.98325949e-01  4.93349848e-01  5.61930556e-01  3.64106384e-01
     1.67043926e-01]]]


 [[[ 2.41341101e-01  2.37294391e-01  1.08338929e-01 -7.27121831e-02
    -7.12765847e-01]
   [-9.26015475e-02 -3.16054722e-01 -4.35973389e-01 -5.25422690e-01
    -1.06257939e+00]
   [-2.63487569e-01 -3.32911730e-01 -2.98986577e-01 -4.30522360e-01
    -9.01370409e-01]
   [-5.72105173e-02 -8.24632048e-03  1.70555281e-01 -2.24209644e-01
    -7.37059427e-01]
   [ 3.14872564e-01  4.38363901e-01  6.99445205e-01  1.62364794e-01
    -4.15244802e-01]]

  [[-2.79554688e-01 -1.85810912e-01 -5.19097135e-01 -6.00521939e-01
    -7.66195365e-01]
   [ 1.11701739e-01  2.19518287e-01 -3.39265495e-02 -1.79219837e-02
    -3.02458990e-01]
   [ 5.86820907e-01  6.54096957e-01  4.73896703e-01  2.89092078e-01
    -2.71208439e-01]
   [ 8.20597473e-01  1.02586786e+00  7.78348874e-01  3.25367715e-01
    -2.42062083e-01]
   [ 2.59968583e-01  2.96938600e-01  2.04858735e-01 -1.76848043e-01
    -4.26499577e-01]]

  [[-2.85473600e-01 -3.55768784e-01 -6.22976081e-01 -5.72931148e-01
    -9.62809167e-01]
   [-2.77149372e-01 -2.38156129e-01 -2.90569256e-01 -1.89531314e-01
    -6.06411864e-01]
   [ 1.55338131e-01  1.51472559e-01  1.86617865e-01  3.21794750e-02
    -5.60590110e-01]
   [ 3.66873293e-01  4.48081636e-01  5.75257231e-01  1.73633432e-01
    -3.66018434e-01]
   [-6.29644920e-02  8.66316417e-02  2.66737558e-01 -1.33485645e-01
    -3.52301503e-01]]

  [[-4.69166674e-01  5.23345367e-02  4.10879815e-01  4.16000294e-01
    -1.79937290e-01]
   [-5.06844878e-01 -1.56236545e-01 -4.91617720e-02 -1.52977387e-01
    -7.26111162e-01]
   [-4.74369715e-01 -1.70049576e-01 -7.55804184e-02 -1.41617278e-02
    -3.00945125e-01]
   [-3.12459938e-01 -1.14144830e-01  2.81666667e-02  2.91352400e-01
     5.01323278e-02]
   [ 1.96652761e-03  2.04565873e-01  4.56424784e-01  6.32144770e-01
     7.29989688e-02]]

  [[-2.31794702e-01 -3.75613678e-01 -6.28109529e-01 -6.33488095e-01
    -9.76694818e-01]
   [-2.84051811e-01 -3.09654272e-01 -3.14789126e-01 -2.95035575e-01
    -7.10003981e-01]
   [ 2.05499274e-01  1.23500660e-01  1.48079473e-01 -3.37496593e-02
    -6.17949439e-01]
   [ 5.39279160e-01  5.67246675e-01  5.96132880e-01  1.54361239e-01
    -3.56936247e-01]
   [ 5.31147746e-02  2.32445614e-01  3.12918986e-01 -1.74491676e-01
    -3.37296106e-01]]

  [[-2.09630449e-01 -1.14659334e-01 -5.43538391e-01 -6.78161516e-01
    -7.70465126e-01]
   [ 1.08206468e-01  2.80001966e-01 -2.45700595e-02 -9.49648570e-02
    -3.21869155e-01]
   [ 6.16912741e-01  6.90616340e-01  4.37675360e-01  2.23366661e-01
    -3.16001043e-01]
   [ 8.96252927e-01  1.08323956e+00  7.53837542e-01  3.24306718e-01
    -2.13722684e-01]
   [ 2.57144421e-01  3.12221741e-01  2.08813958e-01 -1.36690685e-01
    -3.78556081e-01]]]


 [[[ 1.79879853e-01  3.40643797e-01  2.96368165e-01  1.13539790e-01
    -5.72981459e-01]
   [ 6.82307363e-02 -2.23480344e-01 -5.64831189e-01 -6.61604760e-01
    -1.05509649e+00]
   [-1.33623887e-02 -4.15170874e-01 -6.49886950e-01 -6.54817903e-01
    -8.80238566e-01]
   [ 3.99642881e-03 -1.50298154e-01  1.73211232e-01  8.29942347e-02
    -3.99411863e-01]
   [-2.21173917e-02  1.02317351e-01  7.95336637e-01  5.66908409e-01
    -8.80666354e-02]]

  [[-3.00178372e-02 -1.30695030e-01 -7.59197706e-01 -8.26452006e-01
    -7.08945862e-01]
   [ 1.76119955e-01  4.79244053e-02 -3.18840740e-01 -1.11548077e-01
    -7.67708990e-02]
   [ 3.31119091e-01  2.89412681e-01  3.96886976e-01  6.54477403e-01
     3.22654129e-01]
   [ 4.35424524e-01  6.04997717e-01  8.01100609e-01  7.61683698e-01
     2.10873957e-01]
   [ 3.20978125e-01  2.88919778e-01  1.97565335e-01 -1.38397955e-01
    -3.85028595e-01]]

  [[-3.30049497e-03 -2.16219756e-01 -8.30145935e-01 -8.78450212e-01
    -1.04691478e+00]
   [-9.44906748e-02 -3.35089639e-01 -6.17637880e-01 -3.76627085e-01
    -4.63853506e-01]
   [ 2.61857033e-02 -1.75848762e-01  8.74519479e-02  3.85262619e-01
    -2.15095288e-02]
   [ 5.91965512e-02  8.64045979e-02  6.18751922e-01  5.72979153e-01
    -2.12136672e-03]
   [ 8.84034828e-03  1.12899152e-01  2.86944438e-01 -1.13474120e-01
    -3.61573780e-01]]

  [[-4.33611128e-01  1.27215712e-01  4.18879283e-01  3.13255976e-01
    -2.42180536e-01]
   [-3.35744224e-01  9.52901311e-03 -7.18448160e-02 -4.08698566e-01
    -9.14625160e-01]
   [-1.61330076e-01 -7.70605898e-02 -3.75134109e-01 -4.76852840e-01
    -4.44528381e-01]
   [ 2.66194484e-02 -8.76539105e-02 -2.74652279e-01  8.84315546e-02
     2.62374271e-01]
   [ 9.69056974e-02  2.52517929e-02  1.93096584e-01  6.50533554e-01
     4.27825320e-01]]

  [[ 2.62373121e-02 -3.06412528e-01 -8.64969288e-01 -8.93269174e-01
    -9.91132092e-01]
   [-1.57661844e-01 -4.99081413e-01 -6.57574909e-01 -4.07186144e-01
    -4.64442653e-01]
   [-9.78011991e-03 -2.60559615e-01  6.14869265e-02  3.83572824e-01
    -1.83161117e-02]
   [ 1.01397937e-01  1.52955365e-01  7.14269853e-01  6.23280465e-01
    -8.82333180e-03]
   [ 2.51113920e-02  1.87482900e-01  3.67313135e-01 -1.00434458e-01
    -3.49944606e-01]]

  [[ 4.10708098e-02 -6.12440169e-02 -8.12580033e-01 -9.32782738e-01
    -7.08276952e-01]
   [ 1.41840472e-01  7.62664656e-02 -3.55902239e-01 -1.92182679e-01
    -5.91368028e-02]
   [ 3.05725562e-01  2.81955176e-01  3.49277429e-01  6.25045917e-01
     3.18869224e-01]
   [ 4.48631592e-01  6.31255971e-01  8.09120712e-01  7.94936283e-01
     2.38826151e-01]
   [ 2.96106892e-01  2.97201929e-01  2.30659809e-01 -7.48641193e-02
    -3.34182947e-01]]]


 [[[ 1.27312845e-01  3.05160846e-01  2.96697392e-01  1.45815202e-01
    -5.29858408e-01]
   [ 3.27340018e-02 -1.79990281e-01 -4.91731670e-01 -5.69761755e-01
    -9.67491399e-01]
   [ 3.06288473e-02 -3.23730428e-01 -5.99708790e-01 -6.13854915e-01
    -8.76431632e-01]
   [ 9.73447765e-02 -9.84378804e-02  1.32378618e-01  4.60789383e-02
    -4.44379347e-01]
   [ 3.42519647e-02  7.72819700e-02  7.67015072e-01  6.24323976e-01
    -3.82384278e-02]]

  [[-5.60424271e-02 -1.20225527e-01 -7.41110843e-01 -7.96888701e-01
    -6.64424357e-01]
   [ 2.35705950e-01  6.22822622e-02 -3.81603217e-01 -2.19365017e-01
    -1.98298865e-01]
   [ 4.18335556e-01  2.59369888e-01  2.47351876e-01  4.92257085e-01
     2.19354478e-01]
   [ 4.41688939e-01  5.48807403e-01  7.41117494e-01  8.22400650e-01
     3.28117176e-01]
   [ 2.60466637e-01  2.81411693e-01  2.86210268e-01  4.67614251e-02
    -1.71928515e-01]]

  [[-5.09095522e-02 -1.98911024e-01 -7.87936667e-01 -8.24722589e-01
    -9.84219136e-01]
   [-5.00291845e-02 -2.91446045e-01 -6.45758134e-01 -4.17346795e-01
    -5.32505622e-01]
   [ 1.04234643e-01 -1.86848345e-01 -1.62750519e-02  3.07799652e-01
    -6.00117840e-02]
   [ 5.39729484e-02  3.24174194e-02  6.03957171e-01  6.80811794e-01
     1.41982966e-01]
   [-4.11749163e-02  1.10774811e-01  4.08267168e-01  1.04898747e-01
    -1.45766596e-01]]

  [[-4.86152469e-01  5.85014286e-02  3.48356831e-01  2.48108287e-01
    -2.78350253e-01]
   [-3.97473088e-01 -8.91369488e-03 -4.68771160e-02 -3.66837807e-01
    -8.56482369e-01]
   [-1.40615178e-01  6.26148748e-03 -2.87416926e-01 -4.30501513e-01
    -3.84287156e-01]
   [ 1.05098792e-01  6.35023495e-03 -2.72718146e-01  4.88936470e-02
     2.43354752e-01]
   [ 1.23835617e-01  1.18891257e-04  8.08364858e-02  5.74367618e-01
     4.11831701e-01]]

  [[-9.61605710e-03 -2.95105661e-01 -8.42701230e-01 -8.59720968e-01
    -9.38490715e-01]
   [-1.05690801e-01 -4.76935974e-01 -7.14677416e-01 -4.80229754e-01
    -5.43324259e-01]
   [ 8.46338451e-02 -2.74723013e-01 -5.82493321e-02  2.84179432e-01
    -5.85716860e-02]
   [ 1.31887282e-01  1.13394772e-01  7.11734737e-01  7.24953580e-01
     1.28658770e-01]
   [-1.79874829e-03  2.08540242e-01  4.98891374e-01  1.21847091e-01
    -1.30756538e-01]]

  [[ 3.08373019e-02 -4.19562682e-02 -7.89594886e-01 -9.11227511e-01
    -6.74887167e-01]
   [ 2.15519861e-01  9.16900081e-02 -4.30703639e-01 -3.17723342e-01
    -1.94036615e-01]
   [ 4.01354533e-01  2.47948667e-01  1.89229999e-01  4.52161483e-01
     2.12601469e-01]
   [ 4.55755346e-01  5.74692535e-01  7.56361685e-01  8.70364212e-01
     3.65839622e-01]
   [ 2.30507513e-01  2.88125484e-01  3.23667778e-01  1.16173759e-01
    -1.19947964e-01]]]


 [[[-6.26457621e-02  3.80440253e-02  1.09350285e-01 -5.07143686e-02
    -6.69845718e-01]
   [ 2.21799212e-01  3.67200516e-01  2.84229175e-01 -5.40081044e-02
    -6.57616167e-01]
   [ 4.37924925e-01  3.84935210e-01  1.36564873e-01 -3.94200973e-01
    -8.26767695e-01]
   [ 4.78589842e-02 -3.39464834e-01 -5.03004207e-01 -7.72527056e-01
    -9.90781483e-01]
   [-2.45660220e-01 -5.38034590e-01 -9.60954829e-02 -3.92998190e-02
    -3.49810838e-01]]

  [[ 1.95561927e-01  4.96090566e-01  1.53550672e-01 -8.01736252e-02
    -3.66862576e-01]
   [ 2.75700543e-01  1.12837620e-01 -3.70196041e-01 -4.06425873e-01
    -5.43854068e-01]
   [-3.61330123e-02 -6.09069019e-01 -8.23463540e-01 -5.12135678e-01
    -4.72088308e-01]
   [ 1.44960925e-02 -4.25556319e-02  2.32755408e-01  5.57751025e-01
     4.92930477e-01]
   [ 4.37693830e-01  6.33139759e-01  9.16686030e-01  8.86382139e-01
     6.57153016e-01]]

  [[ 8.31258914e-02  3.13225581e-01  9.57271939e-02 -1.26612072e-01
    -6.45497616e-01]
   [ 1.69179830e-01  2.94970594e-03 -4.35323769e-01 -4.34746050e-01
    -7.34317531e-01]
   [-3.03756342e-02 -6.62417648e-01 -8.87462315e-01 -5.50231558e-01
    -5.60010119e-01]
   [-1.01803543e-01 -2.81657202e-01  1.65988171e-01  4.78195364e-01
     3.62890061e-01]
   [ 3.13227155e-01  5.14830899e-01  9.61350935e-01  9.06416261e-01
     6.05382194e-01]]

  [[-4.77792327e-01 -1.26970057e-03  4.78535495e-01  3.67886206e-01
    -3.47541012e-01]
   [-2.92750687e-01  2.64811655e-01  6.11046658e-01  2.39577216e-01
    -6.43776250e-01]
   [ 2.73805857e-01  6.04007065e-01  4.88434522e-01  3.01647527e-02
    -4.39660787e-01]
   [ 3.56956352e-01  1.48616451e-01 -3.70894815e-01 -4.97407841e-01
    -5.03889490e-01]
   [-2.09500663e-02 -3.56105987e-01 -5.65309940e-01 -1.68088467e-01
    -1.40265605e-01]]

  [[ 1.40586595e-01  3.36291376e-01  6.93044890e-02 -1.80348951e-01
    -5.97019900e-01]
   [ 8.73113275e-02 -1.14912913e-01 -4.58718982e-01 -5.20242750e-01
    -6.95025342e-01]
   [-1.63375467e-01 -8.25151813e-01 -8.97109284e-01 -5.65066817e-01
    -5.05282849e-01]
   [-1.72704905e-01 -3.37739164e-01  2.37790661e-01  4.71374781e-01
     3.67908961e-01]
   [ 2.56507481e-01  5.28247206e-01  1.03338438e+00  9.01134930e-01
     5.77364596e-01]]

  [[ 2.97601531e-01  6.33356229e-01  1.17916761e-01 -2.10363726e-01
    -3.94517149e-01]
   [ 2.62791629e-01  1.36335829e-01 -4.50488117e-01 -5.56811757e-01
    -5.91025645e-01]
   [-5.79679699e-02 -6.11417410e-01 -8.66126208e-01 -5.57055193e-01
    -4.72143202e-01]
   [ 2.28252634e-02 -4.74970716e-04  2.51174346e-01  6.33184468e-01
     5.96668824e-01]
   [ 3.76755086e-01  6.03310087e-01  9.25700092e-01  9.51191952e-01
     7.15695064e-01]]]


 [[[ 1.61033287e-02  1.42499330e-01  1.69687109e-01 -7.70802086e-02
    -7.05689019e-01]
   [-7.10824460e-02  3.18844168e-01  3.85598265e-01 -1.36959278e-02
    -7.42916343e-01]
   [ 2.58519707e-01  5.01864537e-01  3.58588850e-01 -2.80671188e-01
    -9.35035959e-01]
   [ 2.72078361e-01  2.02835693e-02 -4.28983570e-01 -1.00530014e+00
    -1.14030877e+00]
   [ 2.68460594e-01 -1.71068801e-01 -2.99103765e-01 -4.29866801e-01
    -4.04687554e-01]]

  [[-8.34127871e-02  3.64200668e-01  2.43201714e-01 -1.12861722e-01
    -6.04625846e-01]
   [ 3.63529384e-01  3.44488588e-01 -2.16672622e-01 -4.93644778e-01
    -8.05314657e-01]
   [ 3.69106717e-01 -2.25334791e-01 -8.51958718e-01 -9.47092153e-01
    -8.15855894e-01]
   [ 3.49227713e-01  1.27626768e-01 -4.56187959e-02  6.77749437e-02
     2.46025340e-01]
   [ 2.82397911e-01  4.19845776e-01  6.06650355e-01  6.20854050e-01
     6.19402592e-01]]

  [[-1.88034319e-01  2.27171884e-01  1.52270070e-01 -1.41224797e-01
    -8.22136257e-01]
   [ 2.35957436e-01  2.61497760e-01 -2.50181007e-01 -5.21817544e-01
    -9.53184443e-01]
   [ 3.66952832e-01 -2.24089358e-01 -8.87150586e-01 -9.53330930e-01
    -8.10811521e-01]
   [ 2.52974206e-01 -5.58643168e-02 -8.90002304e-02  6.24674648e-02
     2.36349598e-01]
   [ 2.79583041e-01  3.35522072e-01  6.79061904e-01  7.26822483e-01
     5.84777026e-01]]

  [[-4.03459835e-01  4.87699330e-03  6.33200013e-01  4.49241329e-01
    -3.57599829e-01]
   [-5.43958236e-01  1.52845390e-01  7.46162827e-01  3.49735188e-01
    -5.45333632e-01]
   [ 7.06219172e-02  7.21702575e-01  7.60619745e-01  1.69432398e-01
    -4.78394858e-01]
   [ 5.29087898e-01  5.92672311e-01  1.04959688e-02 -4.97570717e-01
    -9.17778485e-01]
   [ 3.96832087e-01  1.62381324e-01 -3.21628220e-01 -4.38491731e-01
    -5.89681728e-01]]

  [[-1.25787188e-01  2.25689994e-01  7.28261176e-02 -2.53980984e-01
    -8.06460337e-01]
   [ 1.55081729e-01  1.22877228e-01 -3.42011548e-01 -6.27637088e-01
    -9.08817257e-01]
   [ 2.52210251e-01 -4.21759692e-01 -9.88403386e-01 -9.83909342e-01
    -7.36934299e-01]
   [ 2.18528235e-01 -1.76698431e-01 -1.04562170e-01  4.19101285e-02
     2.68670154e-01]
   [ 2.72975663e-01  3.44498267e-01  7.03343326e-01  6.89250628e-01
     5.63783662e-01]]

  [[ 1.42796577e-02  4.99903147e-01  1.94289710e-01 -2.47828660e-01
    -6.50730682e-01]
   [ 3.71481486e-01  3.98840872e-01 -2.77604319e-01 -6.39933246e-01
    -8.45793204e-01]
   [ 3.96867448e-01 -2.17750346e-01 -9.33039403e-01 -1.02524852e+00
    -8.07299115e-01]
   [ 3.83894604e-01  1.26452717e-01 -8.95600762e-02  1.10000896e-01
     3.48174311e-01]
   [ 2.48584118e-01  3.76417002e-01  5.95577076e-01  6.84137043e-01
     6.59446063e-01]]]


 [[[ 2.16917632e-02  1.40891572e-01  1.67091455e-01 -6.97622630e-02
    -6.97231582e-01]
   [-5.49921896e-02  3.11307155e-01  3.64022771e-01 -1.61687906e-02
    -7.24241929e-01]
   [ 2.74966583e-01  4.85838604e-01  3.32647809e-01 -2.81380103e-01
    -9.09728203e-01]
   [ 2.74630370e-01  3.60654522e-03 -4.28366160e-01 -9.71086126e-01
    -1.11440261e+00]
   [ 2.34731254e-01 -1.97135331e-01 -2.70207396e-01 -3.75921214e-01
    -3.89198528e-01]]

  [[-7.83464897e-02  3.53582874e-01  2.02209789e-01 -1.22087062e-01
    -5.48571347e-01]
   [ 3.68418071e-01  3.39163067e-01 -2.43262856e-01 -4.94712830e-01
    -7.61627180e-01]
   [ 3.63903212e-01 -2.42160878e-01 -8.53867262e-01 -9.03140932e-01
    -7.85673802e-01]
   [ 3.23636364e-01  1.06744197e-01 -1.95019785e-02  1.26309911e-01
     2.73060493e-01]
   [ 2.77819888e-01  4.32502061e-01  6.52531891e-01  6.72338676e-01
     6.34373736e-01]]

  [[-1.84739815e-01  2.10963296e-01  1.16830699e-01 -1.56443078e-01
    -7.91670014e-01]
   [ 2.31825056e-01  2.39721217e-01 -2.87598514e-01 -5.33046947e-01
    -9.30292203e-01]
   [ 3.49963306e-01 -2.61012146e-01 -9.06032183e-01 -9.28909809e-01
    -7.94765929e-01]
   [ 2.16089817e-01 -8.70101681e-02 -7.26932772e-02  1.07202031e-01
     2.47593914e-01]
   [ 2.65542949e-01  3.48316108e-01  7.23239413e-01  7.66827245e-01
     5.96075215e-01]]

  [[-3.97430509e-01  3.39028597e-03  5.88048954e-01  4.06808955e-01
    -3.74432398e-01]
   [-5.30779337e-01  1.50628918e-01  6.99498858e-01  3.10346630e-01
    -5.58382815e-01]
   [ 9.22399676e-02  7.22239714e-01  7.32339173e-01  1.59173394e-01
    -4.53933484e-01]
   [ 5.44521298e-01  5.85057226e-01 -8.56339917e-03 -4.86848264e-01
    -8.59239430e-01]
   [ 3.81511850e-01  1.37228376e-01 -3.39118312e-01 -4.16876014e-01
    -5.40955445e-01]]

  [[-1.18808917e-01  2.12934822e-01  4.04111940e-02 -2.62023229e-01
    -7.68331588e-01]
   [ 1.54048587e-01  1.00813930e-01 -3.76114550e-01 -6.36844290e-01
    -8.89339857e-01]
   [ 2.32511016e-01 -4.60356579e-01 -1.00076363e+00 -9.52592546e-01
    -7.24728497e-01]
   [ 1.78102638e-01 -2.04392672e-01 -7.77347268e-02  9.02917195e-02
     2.80117969e-01]
   [ 2.61214984e-01  3.61266503e-01  7.53621397e-01  7.35418336e-01
     5.76952084e-01]]

  [[ 2.06663562e-02  4.91941378e-01  1.53328714e-01 -2.58918415e-01
    -5.90414358e-01]
   [ 3.77830677e-01  3.90621590e-01 -3.04648842e-01 -6.39235862e-01
    -8.02273759e-01]
   [ 3.89085865e-01 -2.36061383e-01 -9.31597340e-01 -9.76836216e-01
    -7.76742491e-01]
   [ 3.55973633e-01  1.09283113e-01 -6.01464153e-02  1.72291727e-01
     3.78606709e-01]
   [ 2.43931417e-01  3.92019683e-01  6.45781844e-01  7.36179655e-01
     6.78693378e-01]]]


 [[[ 2.39386487e-01  2.46354222e-01  1.48314309e-01 -2.21924898e-02
    -6.88275063e-01]
   [-1.20762785e-01 -3.52973890e-01 -4.87768074e-01 -5.67999276e-01
    -1.08221940e+00]
   [-2.53342482e-01 -3.62189812e-01 -3.97308128e-01 -5.28592855e-01
    -9.18430646e-01]
   [ 8.74467518e-03  2.53031911e-02  1.55939395e-01 -1.93507906e-01
    -6.63952430e-01]
   [ 3.24643984e-01  4.06009001e-01  6.89689032e-01  2.41380100e-01
    -3.39017367e-01]]

  [[-2.77784526e-01 -2.19225528e-01 -6.05716621e-01 -6.93296217e-01
    -7.92808064e-01]
   [ 1.54243568e-01  2.22888658e-01 -1.10822722e-01 -9.85975341e-02
    -3.08753927e-01]
   [ 6.20973536e-01  6.58924756e-01  4.44827813e-01  3.08317270e-01
    -1.91846945e-01]
   [ 7.61203464e-01  9.40283727e-01  7.22318879e-01  3.50253147e-01
    -1.96938724e-01]
   [ 1.96872257e-01  2.16753393e-01  1.47304171e-01 -2.03699893e-01
    -4.53411964e-01]]

  [[-2.87192807e-01 -3.91607257e-01 -7.15055564e-01 -6.82053168e-01
    -1.02279232e+00]
   [-2.46823537e-01 -2.49759999e-01 -3.88959382e-01 -2.95882626e-01
    -6.29511500e-01]
   [ 1.83690938e-01  1.53287667e-01  1.48961684e-01  4.83515647e-02
    -4.75890199e-01]
   [ 3.28725637e-01  3.84592328e-01  5.25877300e-01  2.10307702e-01
    -3.12340965e-01]
   [-1.14852293e-01  1.72210066e-02  2.16175645e-01 -1.42065974e-01
    -3.65496817e-01]]

  [[-4.51036146e-01  6.35490823e-02  4.05356788e-01  3.83800536e-01
    -2.04569477e-01]
   [-5.07140500e-01 -1.40013445e-01 -6.55113920e-02 -2.28476723e-01
    -7.81301810e-01]
   [-4.44926156e-01 -1.26867691e-01 -1.08120368e-01 -1.22274312e-01
    -3.33849781e-01]
   [-2.07842328e-01 -2.05167195e-02  2.63274265e-02  2.44787153e-01
     1.13529803e-01]
   [ 8.83995452e-02  2.55959012e-01  4.32869991e-01  6.30699788e-01
     1.75847361e-01]]

  [[-2.36563342e-01 -4.19633435e-01 -7.26334166e-01 -7.44769196e-01
    -1.03177051e+00]
   [-2.56257130e-01 -3.40714260e-01 -4.25836470e-01 -3.94689357e-01
    -7.19568893e-01]
   [ 2.35124543e-01  1.08098848e-01  1.04228087e-01 -1.88964241e-03
    -5.26700749e-01]
   [ 4.92055744e-01  4.93199845e-01  5.65309427e-01  2.10949105e-01
    -3.09296865e-01]
   [-1.15982436e-02  1.56231740e-01  2.74055439e-01 -1.70849510e-01
    -3.54657755e-01]]

  [[-2.18542404e-01 -1.53890425e-01 -6.39955043e-01 -7.83282950e-01
    -8.00062957e-01]
   [ 1.44951085e-01  2.75682488e-01 -1.12939888e-01 -1.78603537e-01
    -3.26015861e-01]
   [ 6.45387943e-01  6.84908522e-01  4.02442091e-01  2.47498551e-01
    -2.31196101e-01]
   [ 8.30082831e-01  9.91484347e-01  7.04829449e-01  3.55005919e-01
    -1.75072410e-01]
   [ 1.91747097e-01  2.30768201e-01  1.55829022e-01 -1.57914373e-01
    -4.09486461e-01]]]]