[[ 9.60968546e-02 -1.27531508e+00 -1.18851618e-01  4.27396440e-01
  -6.05725222e-01  1.07665703e+00  4.52927345e-01 -1.02130247e+00
  -1.24894741e+00 -1.12430670e+00]
 [-8.67022614e-01  1.00679029e+00 -1.88404136e-01 -4.36757060e-01
   5.37942044e-01 -1.57961104e+00 -1.79260707e+00  2.58383987e-01
  -1.58740801e+00  4.94523600e-01]
 [-1.23661478e+00  4.19899046e-01  4.94441439e-01 -1.18318648e+00
   9.42704705e-02 -5.15215556e-01  6.33083027e-01  1.59258376e-02
   5.24974144e-01 -1.32287171e+00]
 [-1.93379781e-01  1.69922893e-01 -6.14123545e-01 -1.20593038e-01
   1.62613959e-01 -8.84705767e-02 -1.91460495e-01 -1.86816720e+00
  -1.84203306e-01  4.09147698e-01]
 [ 2.33243922e-01 -1.36229964e+00  3.32565215e-01 -1.19057781e+00
  -8.48964829e-01 -1.34292099e+00  3.39906367e-01  9.57610946e-01
   1.03597038e+00 -9.77577558e-01]
 [ 1.35771727e-01 -1.33479364e+00 -2.49120465e-01 -5.19151407e-01
  -1.81405347e+00  1.82143045e-01  6.90713112e-01  6.32713378e-01
   7.33380242e-01 -1.29244104e+00]
 [-5.70209850e-01  6.78652881e-01 -5.68087643e-01  3.93765777e-01
  -1.42431744e+00 -1.52438642e+00 -1.02329864e+00  3.04619232e-01
  -6.68443068e-01  4.00806144e-01]
 [ 9.05087472e-01 -1.26314316e+00  7.71525385e-01 -1.28023289e-01
  -2.00472165e-01 -1.22941942e+00 -1.14999803e+00 -1.42891670e+00
  -1.77870157e+00  1.89687967e-01]
 [ 7.62059942e-01 -1.25134076e+00 -2.85511342e-01  1.59394663e-01
  -1.62068445e+00 -5.72571896e-01 -1.44243903e+00  1.12061361e+00
  -1.22473313e+00 -4.76590400e-01]
 [-1.03717277e+00 -3.37340518e-01  3.81814424e-01 -1.00320904e+00
   1.14880212e+00 -1.80484068e+00  4.64392491e-01 -7.65176192e-02
  -9.27486225e-01 -1.04719278e+00]
 [-1.19514469e+00  3.08709558e-01  4.29509592e-01 -1.31702719e+00
   3.18916123e-01 -6.21137606e-01  5.85108705e-01  2.01329385e-01
   4.98176910e-01 -1.08327502e+00]
 [-2.36600015e-01 -9.51436472e-01 -6.31919676e-01  4.01417480e-01
   6.86698248e-01 -8.64330585e-01 -1.33476433e+00  3.03036524e-01
  -1.23378332e+00  5.26578003e-01]
 [ 1.39331879e-01 -1.14790292e+00 -1.18166617e+00  1.90522999e-01
   3.27852052e-01  1.01437250e+00  3.40478432e-01 -6.29133401e-01
  -1.47064738e+00 -4.43591149e-01]
 [-1.21478750e-01 -1.64645930e+00  8.50178410e-01  1.14243412e+00
  -3.83702475e-01 -5.84331410e-01 -1.66523308e+00  2.84129846e-01
  -5.03527734e-01 -1.40270222e+00]
 [-1.08930623e+00 -7.67144745e-01  5.52398692e-02  6.75685704e-01
   1.18009632e-01  1.20859018e+00  3.36873893e-01 -4.54011017e-01
  -1.18764175e+00 -1.71501819e+00]
 [ 4.82709456e-02 -1.55330109e+00 -9.15314639e-01  8.49163460e-01
  -1.51155152e+00  5.35833429e-01 -1.01238094e+00  6.49155484e-01
  -8.74619514e-01  3.79929114e-01]
 [ 7.49197941e-02 -1.37479448e+00 -2.05620019e-02 -1.43966168e+00
   2.03387057e-01  2.07717442e-01  3.85661726e-02 -8.12542834e-01
   1.43840784e-01  2.96303946e-01]
 [-8.51927365e-01 -3.74537040e-02 -1.47939873e+00  6.51084506e-02
   4.39193581e-01  5.08086456e-02 -1.58903433e+00  7.48925344e-02
   3.93152248e-01  2.64881068e-01]
 [-1.16781635e+00  9.88502410e-01  4.64788484e-01  4.81807873e-01
  -1.65709371e-01 -1.50698387e+00 -8.28545062e-01 -5.47928789e-01
  -9.41329038e-01 -1.63759307e+00]
 [ 1.74529184e-01  2.17776179e-01 -1.39027207e+00 -1.91547956e+00
  -2.60821431e-01  3.19387169e-01  2.21820031e-01 -1.63128246e-01
  -4.25152099e-02  2.34105272e-02]
 [ 2.24956754e-01 -1.60385640e+00  3.94772099e-01 -9.00381964e-01
  -8.73784066e-01 -2.96537594e-01  4.78443199e-01  3.01352969e-01
   7.52928140e-01 -1.56223876e+00]
 [ 1.55863744e-01  2.52419823e-01 -1.43792410e+00 -1.96604760e+00
  -6.03624948e-02  2.56301263e-01  1.52163224e-01 -1.67416244e-01
  -1.33467774e-01  5.54012707e-02]
 [-2.03939911e+00 -9.04596691e-02  1.91500068e-01 -4.04826567e-01
   1.40584971e-01  2.25156144e-01  9.04752365e-02 -5.03780240e-01
   2.17171165e-01  1.42709992e-01]
 [ 2.03539509e-01 -9.22684449e-01 -3.12944502e-01 -5.45227654e-01
  -1.94566271e+00  7.01899074e-01  7.68972966e-01 -1.63802159e+00
   3.27858986e-02 -1.45520175e+00]
 [-1.70018307e+00  3.30275794e-04  9.32755516e-02 -1.27237534e-01
   3.55229467e-01  1.34890342e-01 -1.54827912e+00 -7.61347694e-02
   1.15127464e-01  2.47773653e-01]
 [ 8.76499560e-01 -1.14330726e+00 -3.51572880e-01 -1.34314630e+00
   3.71854659e-01 -1.59528929e+00 -1.65020932e+00  1.83135425e-01
   4.60176604e-01  6.71399621e-01]
 [ 2.96226797e-01 -1.24779338e+00  4.13356147e-01 -1.20461404e+00
  -7.94775556e-01 -1.32684287e+00  4.64361773e-01  8.66822332e-01
   7.71860556e-01 -1.10322452e+00]
 [-5.30212306e-01  6.69633070e-01 -1.24424152e+00  1.16797139e-01
  -5.26304826e-01 -1.73375562e+00 -1.80991590e+00  3.17179020e-01
  -1.53806834e+00  9.69500808e-01]
 [-1.01782173e+00 -3.57545958e-02 -1.68034503e+00  1.12849906e-01
   4.15575256e-01  2.26423063e-01 -1.38792483e+00  9.49285091e-02
   4.51726348e-01  2.47085493e-01]
 [-7.00669449e-02 -7.73505267e-01  4.08089166e-01  1.92217034e-01
  -2.61999373e-01 -6.29862353e-01  2.69667016e-01  9.21260623e-01
  -1.36116112e+00 -1.58047685e+00]
 [-2.58952146e-01 -1.90677418e+00 -5.60090207e-01  1.00659320e+00
  -1.33294904e+00  3.88395886e-01 -1.86394271e+00  6.52377595e-01
  -9.45823831e-01  4.33148384e-01]
 [-1.29579350e+00  2.53642009e-01  3.18960279e-01 -1.41301718e+00
   5.24220250e-01 -7.17997703e-01  3.80090929e-01 -1.68080024e-01
   4.22360765e-01 -4.69336594e-01]
 [-4.19356524e-01 -5.16340886e-01 -7.49263956e-01  2.52548270e-01
   6.03872736e-01 -1.08792032e+00 -1.47325839e-01 -9.50043460e-02
  -1.27060263e+00  4.69539622e-01]
 [ 5.69080843e-01 -1.65704900e+00 -1.49349893e+00 -3.03103223e-01
  -1.55569328e-01  1.07809901e-01 -4.56444650e-01  6.12665199e-01
  -1.17577260e+00  5.85625531e-02]
 [-3.76293559e-01 -9.25137569e-01 -6.52202163e-01  3.03613168e-01
   6.14921256e-01 -1.02977864e+00 -4.09170101e-01  2.63871381e-02
  -1.18358930e+00  5.00876106e-01]
 [-1.01811095e+00 -2.37539335e-01  6.14537781e-01 -4.68939920e-01
  -1.32452080e+00 -9.60224447e-01  1.24985061e+00 -1.04632970e+00
  -8.42540512e-01 -1.23356091e+00]
 [ 2.43517547e-01  2.13527699e-01 -1.42231190e-01  3.06304353e-01
  -1.90632419e+00 -1.23596975e-01 -1.04976605e+00 -6.59730643e-01
   3.67028281e-01 -1.28517888e+00]
 [ 4.02627066e-01 -9.33957550e-01 -1.65054141e+00 -2.91385358e-01
  -2.29439747e-01  1.12183383e+00  5.93766595e-01 -3.80357866e-01
  -1.19038846e+00 -1.36524153e+00]
 [ 2.94671134e-02 -1.45745147e+00  6.04361928e-01  8.71681167e-01
  -3.45984332e-01  1.12588038e-01 -1.24251149e+00 -7.18985245e-01
  -6.42059668e-01 -7.89038782e-01]
 [-5.27847675e-01  5.74606685e-01 -1.06095380e+00  3.46433221e-01
  -1.36940646e+00 -1.33411601e+00 -8.14359211e-01  4.77182529e-01
  -9.13076311e-01  7.99444447e-01]
 [-4.95759241e-02  5.84232572e-01 -2.76232258e-01 -4.09795408e-01
  -2.27058692e+00  1.59761485e-01 -1.99307232e-02 -1.71727965e+00
   4.18954941e-01 -1.50106195e+00]
 [ 5.62402137e-01 -1.14188664e+00 -1.43181893e+00 -8.05588820e-01
  -4.67580894e-01  1.17001293e+00  4.29495698e-01 -4.40834071e-01
  -1.15164022e+00 -1.57431661e+00]
 [ 4.58289972e-01 -9.38111841e-01  9.00012518e-01 -9.62155014e-01
  -8.54823339e-01 -1.07729483e+00  7.03862667e-01 -1.70742542e+00
  -1.77473167e+00 -3.17939209e-01]
 [-2.84395717e-01 -1.00566977e+00  6.89687987e-01 -1.49420077e+00
   4.71624659e-01 -1.57583157e+00  2.65661287e-01  3.57924104e-01
   7.37986889e-02 -3.74376774e-01]
 [-1.39662930e+00  6.19456652e-01  4.36655601e-01 -4.22438479e-03
   2.19610369e-02 -2.93088515e-01  2.84192523e-01 -2.02426617e-01
  -7.45847607e-01 -1.64874645e+00]
 [-1.87666951e+00 -2.55903944e-02 -6.24396340e-01 -1.90395650e-01
   4.28197492e-01  4.68234027e-01 -1.14343736e+00  1.59068866e-01
   2.21752364e-01  2.33302563e-01]
 [-4.60844894e-02 -1.52695106e+00 -1.04248965e+00  8.17153878e-01
  -1.53317882e+00 -1.34313391e-01 -1.25363049e+00  1.42265879e+00
  -7.11790687e-01 -8.85937462e-01]
 [ 5.61419203e-02 -1.16354870e+00 -1.72707779e+00  3.15854003e-01
   1.82187754e-01 -1.29070958e-01 -7.75661917e-02 -4.00550376e-01
   3.17124532e-01  2.83176980e-01]
 [ 2.64009779e-01  2.00216594e-01 -2.19520253e-01  7.15679375e-02
  -2.02498878e+00  3.38067106e-01 -1.24570882e+00 -5.01557514e-01
   1.56535153e-01  4.74334527e-01]
 [-9.85529401e-01  7.54987306e-01  5.58460966e-01  7.08202446e-01
  -4.50853015e-01 -1.31480797e+00 -8.53691425e-01 -8.04835171e-01
  -8.10306215e-01 -1.41573479e+00]
 [-1.49468783e+00  8.19350807e-01 -4.43645587e-01 -9.88803700e-01
  -1.24409073e+00 -1.33818042e+00 -8.77387201e-01  4.60846562e-01
   3.25236805e-02  6.13705920e-01]
 [ 1.98913990e-01 -1.44349837e+00 -1.17484327e+00 -1.59764607e+00
   9.97939761e-02  2.83079245e-01  1.53864201e-01 -4.93938146e-01
   1.28152635e-01  2.87101844e-01]
 [ 1.86081334e-01  3.45236097e-01 -2.55234197e-01  3.30995523e-01
  -1.68255109e+00  3.59743873e-01 -3.96538368e-01 -1.27159350e+00
   2.38306409e-01 -5.15377900e-02]
 [ 2.37550371e-01  2.66640236e-01 -4.41010885e-02  6.03638129e-02
  -1.85734620e+00 -2.07160044e-01 -1.32374478e+00 -1.99567173e-01
   3.91267554e-01 -1.21183735e-01]
 [ 1.91330328e-01 -1.42085820e+00  4.06121016e-01  7.22341488e-01
  -6.57830074e-01  6.91777019e-01 -8.12035041e-01 -8.69304790e-01
  -1.01228502e+00 -7.01771479e-01]
 [-1.81436208e+00 -4.37567853e-02  1.88583355e-03 -4.18409462e-01
   1.59398506e-01  1.96453851e-01  1.96684854e-01 -8.13321419e-01
   2.32635365e-01  2.35266230e-01]
 [-1.39377079e+00  2.70918806e-01 -2.15336855e-01 -5.84469403e-01
   5.06765662e-01 -1.84075820e+00  2.44640358e-01  1.07934288e-01
  -1.77712803e+00  4.39410643e-01]
 [ 4.46148184e-01 -1.27408672e+00  6.56387924e-01  4.93994860e-01
  -1.12692796e+00 -1.20270285e+00 -1.24581388e+00  9.80800996e-01
  -1.21591828e+00 -1.12970094e+00]
 [-1.32126971e+00  1.51400182e-01  1.03862067e-01 -7.35444697e-01
   3.75705880e-01  1.85470299e-01  1.14955824e-01 -1.19546884e+00
   2.27714052e-01  3.42662685e-02]
 [-2.82912906e-01 -9.57994838e-01 -1.15156262e+00 -9.10359712e-01
   2.70012101e-01  8.58687926e-01  2.58009560e-01 -9.56965279e-01
  -8.88104677e-01  3.37734810e-01]
 [ 3.13816714e-01 -1.20317677e+00  4.51130896e-01 -1.22432954e+00
  -7.63766945e-01 -1.34087171e+00  4.77489898e-01  8.27675198e-01
   6.83024629e-01 -1.11186339e+00]
 [ 9.08359962e-02  3.86093655e-01 -1.31004962e-01  1.96159899e-01
  -1.91451295e+00  4.45356084e-01 -1.58600004e-01 -1.58881063e+00
   3.04413604e-01 -1.25182306e+00]
 [-2.54649218e-01 -9.14077918e-01 -1.09242853e+00  1.14639929e-01
   2.72911930e-01  1.05739858e+00  2.78311081e-01 -8.27193367e-01
  -1.64615852e+00  4.45134814e-01]
 [ 9.74005633e-01 -1.51806435e+00  7.98148115e-01 -4.01320441e-01
  -5.25172766e-01 -1.54450708e+00 -1.43204837e+00  3.58075291e-01
  -1.17227802e+00 -1.43555917e+00]
 [ 8.35826883e-01 -1.22289933e+00  9.02997725e-01  6.11901766e-01
  -1.88291381e-01 -1.27635391e+00 -1.34159449e+00 -1.34785124e+00
  -1.54969615e+00  4.17827907e-02]
 [-8.59270661e-01  5.34389348e-01  6.45679097e-01  1.35311394e-01
  -5.48410677e-01 -1.61242703e+00 -8.53139238e-01  7.37659787e-01
  -1.00553852e+00 -7.16877481e-01]
 [-5.67608043e-01  6.48827156e-01 -1.24787797e+00  4.12790109e-01
  -1.28955813e+00 -1.34558431e+00 -9.34917733e-01  3.25805213e-01
  -1.13414492e+00  9.31901416e-01]
 [-1.57070122e+00  2.46122218e-01  1.43622128e-01  3.05374251e-01
   1.15409099e+00 -4.44120477e-02  4.54192529e-01 -7.91891190e-01
  -1.72972409e+00 -9.80585388e-01]
 [-9.91389851e-01  8.46583776e-01 -2.64710376e-01 -6.28354172e-01
  -1.13981290e+00 -1.40715518e+00 -7.59683683e-01  5.78520200e-01
  -2.51517418e-03 -3.68259008e-03]
 [-1.00182413e+00  6.89415654e-01  6.79653924e-01 -2.81350715e-01
  -6.44802430e-01 -1.34850033e+00 -8.24589150e-01  8.27878007e-01
  -1.08897763e+00 -1.10904798e+00]
 [ 3.60061852e-01 -1.11524732e+00  5.28832470e-01 -1.27042446e+00
  -6.95740903e-01 -1.37795051e+00  4.01406557e-01  6.84951912e-01
   6.34040001e-01 -1.13306527e+00]
 [ 4.11793624e-01 -1.48526091e+00 -6.62844161e-01 -1.41384509e+00
   3.17820097e-01 -6.11636044e-01 -1.01909509e+00  3.56660335e-02
   6.32845741e-01  4.26986904e-01]
 [-8.38736340e-01 -2.04631852e-02 -1.73495146e+00  7.33757786e-02
   4.00842645e-01  2.08545387e-01 -1.42527291e+00 -7.32132557e-02
   4.34254794e-01  2.59510438e-01]
 [-7.73577381e-01  9.23957723e-01  1.99142726e-01  4.92488809e-01
  -9.21234604e-01 -8.50933569e-01 -8.92800752e-01 -1.03621983e+00
  -2.92486905e-01 -1.72164575e+00]
 [ 8.20964234e-01 -6.78190073e-01 -2.00751174e+00 -1.18719247e+00
   3.85399675e-01 -1.27478536e+00  6.61912309e-01 -3.06519729e-01
  -8.11714388e-01 -1.45055080e+00]
 [-1.45543534e+00  8.34914959e-01  3.17889099e-01  4.87450023e-01
  -8.79882095e-02  3.63588599e-01 -9.22517142e-02 -1.27475614e+00
  -1.17259666e+00 -1.50034327e+00]
 [ 7.81284262e-01 -6.97804385e-01 -1.59470007e+00 -1.42070668e+00
   4.49195716e-01 -1.54255459e+00  6.58974154e-01 -3.98062196e-01
  -1.07337003e+00 -1.47292310e+00]
 [ 9.53338274e-02  3.25437946e-01 -1.96761466e-02  1.71457401e-01
  -1.76425422e+00 -7.93140353e-01 -1.49438966e+00 -2.18009540e-01
   6.98549850e-01 -3.84889349e-01]
 [-3.13124717e-01 -1.03577583e+00 -7.93364634e-01  4.80369232e-01
   9.00774108e-01 -6.77554113e-01 -1.69231822e+00 -1.46624641e-01
  -1.36482478e+00  5.98216966e-01]
 [ 3.06697372e-01  2.54617910e-01 -1.61775826e-01  4.72678021e-02
  -1.86799167e+00  3.24398023e-01 -1.01186905e+00 -1.10887821e+00
   2.36409452e-01  3.54790210e-01]
 [ 4.19522691e-01 -1.18301965e+00  7.65254429e-02  1.97973144e-01
  -4.35451379e-01  4.03386406e-01  1.54528935e-01 -7.60924588e-01
  -1.36012282e+00 -9.96239750e-01]
 [-2.98714909e-01 -8.72912230e-01  4.22721531e-01 -5.92958376e-01
   2.67849703e-01 -1.18230012e+00 -2.73023809e-02  1.27281906e+00
  -1.23003612e+00 -1.39428397e+00]
 [ 1.29056789e-01 -2.21529204e-01 -1.41954623e+00 -1.68088690e+00
   1.23090385e-01  9.03267149e-02  2.10268338e-01 -1.31482451e+00
   1.51041654e-01  3.40559468e-01]
 [-1.71926658e+00 -2.70016391e-02  1.66250158e-01 -1.61995403e-01
   3.82870091e-01  1.89704244e-01 -1.49266723e+00 -1.00975385e-01
   1.82178037e-01  2.36385884e-01]]