[[ 6.42511057e-01  8.93865402e-01  8.41288120e-01  7.95234675e-01
   4.81173354e-01  2.71810857e-01  6.11553368e-01  5.58118128e-01
   8.39726564e-01 -2.26180949e-02  6.15680846e-02  4.57462006e-01
   6.09700790e-01  3.15163688e-01  7.94954867e-01  3.43971216e-01
   2.06896302e-01  2.13747465e-01  1.54178481e-01  3.14170701e-01
   8.01714675e-01  8.42806144e-01  1.17117567e-01  2.17709879e-01
   1.85886407e-01  1.64141158e-01  5.02377232e-02  3.26433724e-01
   7.20381720e-01  8.32139750e-01  3.11097169e-02  1.76576071e-02
   2.75805847e-01  5.14939023e-01  5.24364876e-02  3.86215900e-01
   1.82608903e-01  2.63693208e-02  7.48547766e-01  2.67005323e-01
   7.21521290e-01  8.01968307e-01  3.63542759e-01  1.27525173e-01
   8.89380518e-01  5.76495720e-01  7.80491838e-01  7.55887597e-01
   3.05263397e-01  8.05501400e-01  5.58904488e-02  8.30443311e-01
   8.27393780e-01  5.07217337e-01  8.54399406e-01  8.01504258e-01
   9.53161990e-01  3.40618063e-01  2.47711364e-01  6.12392313e-01
   5.54344245e-01  6.67938847e-01  7.10974868e-01 -3.39228742e-02
   2.95926045e-01  7.26364471e-01  3.89549379e-01  5.31665499e-02
   7.49882382e-01  4.68051344e-02  8.62860962e-01  4.86272423e-01
   1.43923579e-01  7.33588845e-01  7.69378111e-01  3.53281149e-01
  -6.11322156e-02  5.82249676e-01  8.22762501e-01  4.97595077e-02
   7.19014534e-01  7.42234474e-01  6.33026651e-01  1.77594514e-01
   6.36987756e-01  1.70741012e-01  8.12858615e-01  3.00966835e-01
   9.38563505e-01  3.61732299e-01  5.33806227e-01  7.29295695e-01
   5.90376297e-01  9.59795464e-01  7.56805852e-01  1.52656602e-01
   1.09402397e-01  7.35177636e-01  2.94289260e-01  6.90014709e-01
   5.94616592e-01  7.02579818e-01  7.68737297e-01 -7.35601406e-02
   2.60917654e-01 -9.66304886e-04  1.12931082e-01  5.12106971e-01
   6.25117934e-01  4.07601976e-01  7.55456705e-01  7.24686793e-02
   2.62676131e-01 -3.72533736e-02  6.09497056e-01  2.77996984e-01
   5.56121929e-02  2.88614768e-02  9.74275842e-01  9.74660411e-01]]