[[ 4.46256300e-01  6.83174333e-01  1.95046540e-02 -7.74775160e-03
   1.96050345e-01  1.83322810e-01  3.15396394e-02  5.37183497e-01
   4.94956117e-01  1.28742584e-01  4.06119779e-01  7.58628449e-01
   4.47617986e-01  2.68306198e-01  1.56390139e-01  1.14595323e-01
   1.76059149e-01  2.06505751e-01  7.72448298e-01  1.85687084e-01
   4.74112506e-01  3.38947581e-01  5.30555828e-01  7.89816740e-01
   6.43702989e-01  8.41882553e-01  7.01390422e-01  2.07111342e-01
   5.88791860e-01  6.78262965e-01 -8.41472128e-02  4.86534334e-01
   1.56371560e-01  8.05548255e-01  2.61999595e-01 -1.51503539e-02
   2.49230619e-01  1.40338166e-01  7.95834346e-01  1.61493576e-01
   7.57963859e-01 -1.47343315e-01  5.61307335e-01  2.05743864e-01
   6.37135115e-02 -5.14741164e-02  3.84054715e-01  6.45018223e-01
  -1.33791678e-01  1.00856090e-01  3.31750243e-01  9.87438456e-01
   2.22932373e-01  5.79106752e-01  7.41771515e-01  8.43905278e-02
  -1.46260734e-01  7.71408698e-01  5.84116015e-01  3.26484246e-01
   7.34177506e-01  1.34767552e-01  2.23770117e-01  2.66898467e-01
   8.14317041e-01  1.84473063e-01  2.29952203e-01  2.16483257e-01
   3.45906034e-01  5.96463705e-01  9.24256691e-04  8.85005398e-02
   3.70535365e-01  6.13460121e-01  1.25002022e+00  7.30643011e-01
   1.97287780e-01  6.93824930e-01  4.14544535e-01  8.50307446e-02
   3.35435800e-02 -1.19223063e-01  5.23782809e-01  8.00066111e-01]]