[[[ 6.46103604e-08  4.76040936e-08  8.28276299e-08  9.54027954e-08
   -4.03977966e-08 -3.39345683e-08 -3.13630291e-08  5.97066694e-06
   -1.70917152e-07 -3.57742339e-08  2.91897299e-06 -3.25971358e-07
   -1.88847136e-08 -7.57730575e-06  4.61339644e-07 -2.79942080e-06
    1.37327109e-06  2.93010450e-06  1.48541434e-07 -1.04371804e-07
    6.47903628e-08  4.27382212e-08 -4.44907525e-05 -8.17266293e-06
   -1.38076794e-07 -2.18115006e-06  8.15582330e-08 -1.28417097e-08
   -1.45840111e-06  8.36632996e-08  2.84538586e-07  1.61443519e-07
    2.99587458e-08 -1.43729745e-05  1.72271633e-07 -1.87064814e-07
   -4.78484127e-06 -5.01282710e-06  1.97338665e-07 -2.92421043e-05
    1.50898366e-07 -1.08244011e-07 -2.61801413e-07  2.05103708e-08
    9.35531804e-07 -1.47628842e-07  1.11128526e-07  3.59727247e-08
    2.23320905e-05  1.27016049e-08  1.53505692e-07  1.53736582e-07
   -3.11391180e-07 -9.32662479e-08 -8.67456980e-07  1.21705857e-08
    7.35576687e-08  5.90534386e-07 -6.07840613e-06  1.11875409e-08
    1.47936289e-05 -5.30124883e-08  2.21116796e-08  6.38690142e-08
   -1.08052823e-07  1.03185243e-07 -1.22570110e-07  2.09669183e-07
   -2.79749141e-06  1.68060640e-07  4.35653133e-07  5.93582687e-08
   -1.71221843e-07  2.71681872e-08  1.38837148e-07 -4.79206061e-08
   -4.66069077e-07  2.05278210e-06  2.38369038e-07  1.24999870e-07
    4.23173541e-08 -4.08667018e-06 -9.70165097e-07 -1.17580594e-07
   -2.05153044e-08 -1.54037670e-07  1.69475133e-07  1.64248589e-06
   -3.16928845e-06 -4.60429564e-07  2.65439798e-05 -2.90728382e-06
    7.72984227e-07 -1.10127251e-06  1.11844113e-07  9.08634439e-08
    1.37282743e-07  2.69449999e-07 -2.31183761e-07  2.15329353e-07
    5.25628174e-08  4.31146212e-06 -6.07805400e-07  2.29254550e-07
    8.14762909e-08  8.88087929e-07  1.86277141e-07 -7.84058555e-08
   -1.00690933e-05 -1.97595058e-05 -3.39138259e-10 -1.49144759e-05
    1.70951766e-08  3.34019206e-07 -8.56223121e-07 -1.09613592e-06
   -2.19540942e-06  2.26070686e-07 -9.44925703e-07  1.50506169e-06]]

 [[ 1.11355693e-08  6.98876736e-11  2.17818490e-08  6.55779076e-09
    4.65590054e-08  1.55483976e-07  1.38029690e-10  6.39420130e-07
    1.19833415e-08  3.85451946e-08  7.43746506e-07  1.80471417e-08
    6.77307694e-11  1.87758496e-07  3.14802494e-07  8.28795992e-08
    1.44829713e-08  1.41819222e-07  1.89982980e-07  2.00639187e-09
    2.72420747e-09  5.14993140e-11  7.92227422e-07  4.41231608e-07
    2.05562750e-08  8.69171157e-08  1.26935287e-07  5.74139751e-09
    2.69148296e-09  3.04652414e-09  2.24653052e-08  2.73070078e-09
    3.81050355e-08  5.31520421e-07  1.00396830e-08  5.88948024e-08
    5.27942248e-07  2.19404347e-07  1.26384106e-07  3.12362871e-07
    1.17344988e-08  3.43050383e-08  2.66960411e-08  8.90018079e-09
    1.34697246e-07  1.31754789e-08  1.49569731e-07  5.04491953e-09
    3.08512124e-07  1.13691804e-09  1.54806260e-07  1.52542762e-08
    8.27176830e-08  1.64547523e-08  3.53471299e-07  5.04997501e-08
    1.60164741e-08  9.13625032e-08  1.18923779e-07  1.03573578e-08
    1.90912923e-07  1.43587854e-08  1.33826259e-08  2.30277319e-08
    6.44658586e-08  3.83082908e-08  1.06483558e-07  1.53738518e-07
    5.48539146e-08  3.43329559e-08  6.58076492e-07  4.73429576e-07
    1.07295013e-07  4.82443724e-09  2.68384570e-09  7.14154706e-10
    1.95803960e-08  1.80862421e-07  1.97622244e-07  5.20842688e-10
    3.08413345e-10  1.74457276e-07  4.00000525e-07  1.05705976e-09
    1.37367662e-10  4.65128751e-08  3.19586844e-07  1.37501436e-07
    8.08407312e-07  4.49450588e-07  5.54316653e-07  5.92981572e-08
    3.01238362e-07  2.02150395e-07  4.17612569e-09  6.58631567e-09
    2.28939061e-09  2.54471054e-07  1.50829234e-07  1.73824315e-08
    2.24799581e-09  6.01035319e-07  3.70799988e-08  1.26126824e-07
    2.47833673e-08  4.53484954e-07  2.45062048e-10  4.10694310e-07
    9.80239857e-08  9.17958336e-08  7.21473045e-11  1.14471125e-06
    1.14095089e-07  8.45988692e-07  4.61583316e-07  7.27382369e-08
    3.54066765e-07  3.47000281e-08  6.98530309e-07  5.18888206e-08]]]