[[[[-1.92992671e-04]]

  [[-8.77962943e-05]]

  [[-6.35368011e-05]]

  [[-4.77376602e-05]]

  [[ 1.15287576e-05]]

  [[-1.15669060e-04]]

  [[-7.17890476e-06]]

  [[-1.19671120e-04]]

  [[-1.25528799e-04]]

  [[-1.50609770e-04]]

  [[ 1.09955889e-05]]

  [[-1.90838938e-05]]

  [[ 1.06254549e-06]]

  [[ 4.95567290e-05]]

  [[-3.71521602e-05]]

  [[-1.60608013e-04]]]


 [[[ 4.91761646e-05]]

  [[ 4.18096932e-05]]

  [[ 4.75453859e-05]]

  [[ 4.87704509e-05]]

  [[ 5.07858240e-05]]

  [[ 1.96773108e-05]]

  [[ 5.84589507e-05]]

  [[ 5.78696013e-05]]

  [[ 3.69079757e-06]]

  [[ 6.66418169e-05]]

  [[ 8.14990915e-06]]

  [[ 3.18626052e-05]]

  [[ 2.31722008e-05]]

  [[ 1.48739446e-04]]

  [[ 1.17690710e-05]]

  [[ 8.94687712e-05]]]]