[[[-2.30266594e-06  2.50404200e-06  8.67663658e-06  1.05377222e-05
    4.05319197e-07  1.15261542e-07 -2.22668842e-06 -1.20531136e-06
   -8.95184862e-07 -4.92415731e-07 -4.97507130e-06  3.30851697e-05
   -7.65847751e-08  1.44102228e-05  1.59377920e-07  5.66788865e-06
   -2.20234549e-05 -7.20187988e-06  1.79122544e-09  2.28624841e-09
   -6.15537457e-06 -3.39870856e-07  7.48742593e-06  5.29117286e-07
    2.97198844e-07  1.12007271e-07 -2.83778304e-07 -6.44953714e-07
    1.30836481e-06  1.89584708e-07  2.21874014e-07  1.04547679e-07
    2.22349176e-07  7.75142681e-06 -1.57700382e-06  2.31762165e-08
    9.29836490e-06 -1.14692984e-05 -3.47937054e-06  2.88354299e-07
    4.47936954e-07 -6.77863847e-07 -3.48550636e-07  3.56446505e-07
    7.64771647e-06  7.09275486e-07 -7.04533281e-06  1.11842785e-07
    2.58685368e-07  6.34514877e-07 -4.76790513e-06 -5.99847479e-05
    5.67077184e-06  1.35062955e-05 -4.58680877e-05  3.73222006e-08
    5.03442739e-07  3.24677458e-06 -2.65190276e-07 -3.05523661e-06
    1.83234849e-06  1.42338801e-07  1.08419926e-06 -3.06808286e-06
    2.12497169e-05  8.79072629e-07  8.72242229e-06  5.79837629e-07
   -3.21618869e-06 -6.83521485e-07 -2.30462210e-07  7.98268090e-06
    7.91407595e-07 -1.44809861e-05 -8.96718913e-05 -5.06882353e-05
   -7.86054955e-05 -7.92239127e-08  1.29552311e-05 -9.76923333e-07
    7.41396199e-06  1.44658948e-07  1.04356477e-06  6.20060217e-07]]

 [[ 3.64636476e-07  1.59640528e-07  2.94578253e-07  1.37732898e-06
    2.76732556e-07  7.61108627e-08  3.23337696e-07  1.43687805e-06
    7.47917161e-08  3.10963006e-07  3.99138510e-08  7.74329862e-07
    1.09451881e-07  7.98042320e-07  3.13682478e-07  2.78167197e-07
    1.04182299e-06  7.00637870e-07  1.08621608e-07  8.42038231e-08
    1.82000691e-07  9.74200370e-08  3.31414963e-07  1.31946245e-07
    8.05835710e-08  9.43337798e-07  5.50402323e-08  3.97916937e-07
    2.30668772e-07  3.21911728e-08  2.21443529e-08  2.27582696e-08
    6.60073204e-08  4.48704854e-07  9.38886021e-09  1.09889188e-07
    2.20506997e-07  1.60153061e-06  6.36672863e-07  1.99982681e-07
    1.59570633e-08  3.26652942e-07  1.31188778e-08  2.50677122e-07
    8.23008770e-07  4.83299765e-07  5.13550491e-07  1.58330313e-07
    1.43868552e-08  3.44883885e-08  3.08411837e-07  1.18062403e-06
    1.97301410e-07  7.06027393e-07  1.31961920e-06  9.58410374e-08
    2.19063487e-07  6.19802051e-07  2.36811007e-07  1.34771947e-07
    5.87738874e-07  1.51786795e-08  3.96194888e-07  2.76661661e-08
    8.72173000e-07  2.09022466e-07  6.53755719e-07  1.03090652e-07
    3.35868069e-07  4.92679806e-07  1.42445341e-06  4.35457117e-07
    1.76869522e-07  1.39575630e-06  1.95897763e-06  3.75388086e-07
    1.49572265e-06  5.45359744e-08  9.39207866e-07  2.09001904e-07
    1.38007773e-06  3.58257481e-08  7.01358268e-08  9.00495386e-08]]]