[[[ 2.21666009e-06  4.74248727e-06 -9.18709628e-07  2.84970792e-06
    2.79599196e-06 -1.90337941e-03  1.72271121e-06 -8.42197750e-06
   -1.21243678e-04  3.54984606e-05]
  [ 1.04382853e-07  2.28656519e-08 -2.87880917e-06  1.44575822e-07
    6.94482395e-07 -1.48061144e-04  8.40956963e-08 -6.38286427e-06
    1.88171331e-05  2.27972221e-05]
  [-1.26948585e-07  1.23248609e-07 -4.57159299e-06 -1.88651450e-08
   -9.38380308e-08  1.59694185e-05 -1.03936416e-07 -7.32103449e-06
   -1.61199775e-05  8.72772856e-05]
  [-1.21753646e-07 -1.87413570e-06 -5.42448642e-06 -2.80081648e-07
   -8.20135840e-09  9.36422043e-06 -9.05947285e-07 -8.98018401e-06
   -8.05547454e-06  8.89145405e-05]
  [ 1.55743401e-06  1.41196664e-06 -1.46739451e-05 -4.83513233e-06
    3.29905568e-06  4.95488917e-06  1.27009657e-06 -3.31314725e-06
    1.04182593e-05  2.44209651e-05]
  [ 1.70163569e-06  1.57662710e-06 -1.63970046e-05 -3.12687904e-06
    3.34774168e-06  1.27108901e-05  1.36150507e-06 -2.37855944e-06
    9.15967784e-06  4.10995842e-05]
  [ 1.00417891e-07  3.29506598e-06 -3.51503409e-06  1.80042108e-07
    1.38687299e-06  2.68759699e-06  1.04207482e-07 -6.31833660e-06
   -1.68198355e-04  6.93424979e-05]
  [ 6.87613322e-06  6.85965375e-06 -2.45993101e-05  8.30831660e-06
    3.37569292e-05 -7.73089983e-04  5.99183811e-06  3.17996870e-04
    2.58434343e-04 -2.85615096e-03]
  [ 1.80839613e-07  1.69858572e-07 -1.89520311e-06 -6.96700531e-06
    1.22111538e-06 -1.88371621e-04  1.38609661e-07 -4.04024751e-06
    1.02967532e-05  2.64946278e-05]
  [-8.58201034e-08 -5.03419525e-07 -4.35949218e-06 -1.50785771e-07
    1.20473230e-06 -3.97419834e-07 -9.11688058e-08 -5.60019977e-06
    1.37724573e-05  5.61943931e-05]
  [ 7.47590411e-07  4.31873421e-06 -1.10389210e-06  9.53289814e-07
    2.38806679e-06 -5.28781102e-04  6.28213370e-07 -1.53767217e-06
   -1.83697305e-04  3.33453619e-05]
  [ 4.06897664e-07  1.21205262e-07 -5.62116472e-07  4.38837604e-07
   -1.00104049e-04 -8.14204300e-05  3.66169042e-07  1.69927017e-05
   -3.84086388e-05 -1.83268194e-04]
  [-7.72280074e-08 -1.72064201e-07 -5.48645610e-06 -3.16440701e-06
    1.69687386e-06  7.10976829e-06 -6.89370325e-08 -2.34296862e-06
    2.93322831e-05  3.85931242e-05]
  [ 2.43419392e-06  1.18940991e-05  3.39745892e-04  2.57514462e-06
    2.51476867e-06  1.42547644e-05  2.36911979e-06  1.76629224e-06
   -2.22776337e-03 -1.55431051e-04]
  [ 1.41343238e-06  1.21682951e-06 -1.26488997e-05 -6.35605193e-06
    2.35439940e-06 -1.70010649e-04  1.12870305e-06  1.74351194e-06
    1.84770317e-05  1.16779437e-05]
  [ 1.05435687e-06  2.92616794e-06 -1.06697559e-05 -8.20961067e-06
    2.09410779e-06 -7.11941122e-05  8.53575184e-07 -1.29269729e-06
   -6.00140760e-05  3.37153000e-05]
  [ 1.43451363e-06  1.50261476e-05  1.54534749e-04  1.62749282e-06
    2.09884681e-06  1.36625527e-05  1.39273724e-06 -1.67146532e-06
   -1.42295711e-03  3.28515545e-05]
  [ 6.66130740e-07  7.53161542e-06  6.30081046e-05  6.82438656e-07
    1.00403416e-06  1.27134274e-05  3.89881304e-07 -1.23206844e-06
   -6.98102988e-04  3.44396039e-05]
  [-6.63444347e-08 -9.28443385e-07 -3.30072657e-06 -8.55648630e-08
    7.96449897e-07  2.44088794e-06 -5.80888878e-08 -3.60121563e-06
    1.66871149e-05  3.84709186e-05]
  [-5.97983285e-08 -1.30088309e-07 -2.51362538e-06 -4.23153562e-06
    1.25493147e-06  8.53977164e-06 -7.51290403e-08 -4.05344719e-06
    1.39483561e-05  3.63333174e-05]
  [ 3.10238276e-07  7.54642885e-06 -1.77944785e-06  3.15848595e-07
    1.38841851e-06  9.35453427e-07  3.01158982e-07  3.05771905e-07
   -3.09981610e-04  2.75473684e-05]
  [ 1.66393682e-07  1.00280951e-07 -4.14775054e-06 -5.46149221e-07
    6.95561507e-07 -2.19270298e-04  1.10636725e-07 -4.28640176e-06
    2.15041169e-05  4.71898161e-05]
  [ 2.81160086e-06  2.64824162e-06 -2.42631353e-05  7.33243212e-06
    6.57065134e-06 -1.19994518e-04  2.31167932e-06  9.58505201e-06
    1.65763609e-05 -5.42218871e-05]
  [ 2.87743068e-07  1.91985613e-07 -4.92572860e-06  9.13838854e-07
    1.42443186e-06  5.47215121e-06  2.34124688e-07 -1.18351218e-05
    1.63843062e-05  9.38434956e-06]
  [ 8.02835834e-07  7.12367561e-07 -9.56364318e-06  1.10175853e-06
    1.09800176e-06  3.19772173e-06  6.57009073e-07 -1.44024106e-05
    1.49656475e-05  2.66238957e-05]
  [ 7.78465148e-07  1.88467302e-06 -1.46543099e-06  9.87367487e-07
    6.71664124e-07 -6.78828829e-04  6.38107158e-07 -1.00113265e-06
   -9.93029218e-05  3.53091800e-05]
  [-1.01315745e-07 -2.23682749e-07 -4.26342338e-06 -1.47302737e-07
    2.39500589e-07  5.31626921e-06 -8.94452262e-08 -5.40784172e-06
    2.38420996e-05  4.70092326e-05]
  [ 2.80119471e-06  2.63499211e-06 -2.41735445e-05 -1.36316810e-06
    3.84336216e-06 -9.46995789e-05  2.28482390e-06 -1.36353062e-05
    1.22947147e-05  3.72575417e-05]
  [ 7.58179761e-07  6.43572135e-07 -1.03171061e-05 -4.74388246e-06
    3.79954822e-07 -7.53387571e-05  6.14151114e-07 -5.10454444e-06
    2.45394454e-05  2.48171697e-05]
  [-1.12023751e-07 -3.75868125e-07 -6.38931158e-06 -1.00956462e-07
    7.57227338e-07 -2.17944289e-06 -9.96816746e-08 -5.84699149e-06
    2.97767570e-05  6.52668823e-05]
  [-1.37556955e-07 -2.00871505e-07 -6.53962175e-06 -1.82081917e-07
    1.79695863e-06  5.05351884e-06 -1.26557154e-07 -8.28324036e-06
    3.10122423e-05  8.01412734e-05]
  [-1.14831095e-07 -1.85346913e-07 -5.11188367e-06 -1.98440579e-07
    7.92225951e-07  6.06351906e-06 -1.03901256e-07 -6.22453359e-06
    2.40585502e-05  6.28845236e-05]
  [ 8.27378191e-07  7.27839775e-07 -9.50931384e-06 -7.92172054e-06
    2.40815691e-06  1.55433962e-05  5.31802858e-07 -3.26852476e-06
    1.07939696e-05  4.18350664e-05]
  [ 4.62333421e-07  3.01659891e-06 -5.28221320e-06  5.11883603e-06
    1.27756047e-06  6.92153350e-06  3.86226590e-07 -2.16164754e-05
   -1.55895030e-05  2.14781999e-05]
  [ 3.50150550e-07  2.68349712e-07 -5.33652207e-06  4.82990882e-07
    2.17802867e-06 -4.13944272e-04  2.69894177e-07 -5.47816344e-06
    2.89172954e-05  6.18186872e-05]
  [ 1.63111823e-07  8.33946130e-08 -3.58776799e-06 -7.85508070e-06
    1.47786441e-06  1.37945998e-05  8.05292506e-08 -2.53770142e-06
    1.11527681e-05  2.47968284e-05]
  [ 6.71439954e-08  1.89110079e-06 -1.11305500e-06 -9.12600490e-07
    5.70001120e-07  5.64130926e-06  7.03435060e-08  7.02267354e-06
   -4.91932003e-05 -2.83412649e-05]
  [ 6.30652079e-06  5.52393908e-06  2.75499001e-05  9.40941698e-06
   -7.69638737e-05  1.20597087e-05  5.86048917e-06  5.57865605e-04
    1.26617986e-04 -4.62182641e-03]
  [ 1.57960057e-06  1.55297428e-06 -2.07909847e-06  2.95045491e-06
    2.19287978e-06 -1.30759265e-03  1.26567702e-06 -2.41675671e-06
    1.55095054e-05 -5.05538485e-06]
  [ 1.72311517e-06  1.57651585e-06 -1.69568220e-05 -7.05213144e-06
    2.83806789e-06  4.70585174e-06  1.40563487e-06  1.61170281e-06
    1.45796070e-05  2.26731983e-05]
  [-1.21480017e-07 -2.04631083e-07 -7.13668225e-06 -1.54473485e-07
    9.05862327e-07  9.64907684e-06 -1.07659600e-07 -5.58577680e-06
    3.57057353e-05  5.93183843e-05]
  [ 2.29580266e-06  2.20034598e-06 -3.59015211e-06  2.97251110e-06
    2.82038217e-06 -2.15948952e-03  1.75981127e-06 -3.19666581e-06
    3.01452485e-05  5.91580552e-05]
  [-5.17832596e-08 -8.93258510e-08 -2.41992890e-06 -9.09699538e-08
    8.53768728e-07  4.86632332e-06 -4.28374738e-08 -1.77779145e-06
    1.27440661e-05  2.05443628e-05]
  [ 1.99189986e-06  1.86742381e-06 -1.82158205e-05 -2.61784505e-06
    2.79069581e-06  6.82191299e-06  1.56680284e-06 -4.88729413e-06
    8.10209447e-06  3.28956968e-05]
  [ 2.91638520e-07 -2.38854519e-06 -3.10125545e-06  3.02049639e-07
   -2.74954081e-04  1.72548394e-05  1.40147696e-07  2.34318390e-07
   -3.42918668e-06 -4.18221169e-05]
  [-1.52731176e-07 -2.03871845e-06 -5.59261452e-06 -1.26304811e-07
    1.50726814e-06  3.80992908e-06 -1.34597504e-07 -9.86696105e-06
    2.30602727e-05  9.34984477e-05]
  [ 2.74204730e-07  4.88702664e-06 -2.19645811e-06  3.15740139e-07
    1.13119899e-06 -5.47977185e-05  2.58303546e-07 -8.46354777e-07
   -2.30334765e-04  3.22505234e-05]
  [ 7.98523564e-07  6.86712603e-07 -5.94817146e-06  1.45341522e-07
    9.77850989e-07 -3.46980020e-04  6.50657920e-07 -1.33179098e-05
    1.80711038e-05  1.90875163e-05]
  [-1.12568771e-07 -1.83492197e-07 -5.07714384e-06 -1.91317021e-07
    1.74107314e-06  7.92416779e-06 -1.01316684e-07 -6.40311494e-06
    2.58557399e-05  6.03797800e-05]
  [-7.79006962e-08 -1.45360901e-07 -5.22138260e-06 -1.35460764e-07
    1.19340137e-06 -3.36980063e-06 -6.92833433e-08 -3.84385925e-06
    2.71543182e-05  4.08117758e-05]
  [ 6.96016026e-07  1.02677819e-05 -2.06432815e-06 -2.64978222e-06
    1.81655111e-06 -1.73112533e-04  6.23198536e-07  2.91209575e-06
   -3.84902502e-04  1.86396922e-05]
  [ 5.50333727e-06  5.63696155e-06 -1.97260477e-07  9.52093566e-06
    4.15489316e-05 -6.81754888e-04  5.08381150e-06  4.99083135e-04
    4.31361012e-04 -4.44146781e-03]
  [ 1.95922165e-06  1.81345749e-06  8.73558205e-06 -4.68787152e-06
    2.86750598e-06  1.64149704e-05  1.53295263e-06  1.84598298e-06
   -1.12117003e-04 -4.72478869e-05]
  [ 1.62679621e-06  3.71191467e-06 -9.45202193e-06  1.96049625e-06
    1.06351567e-06 -4.73023201e-04  1.32575307e-06 -1.25600249e-05
   -3.83141438e-05  1.36705695e-05]
  [ 3.26946941e-06  2.44302908e-05  3.01616237e-04  8.16417093e-06
    2.92002714e-06  1.28124883e-05  3.07193168e-06 -1.64016182e-05
   -2.54491541e-03  1.97139922e-05]
  [-7.91296349e-08 -1.36332955e-06 -5.73553597e-06 -5.78397388e-06
    1.39115776e-06  3.82549448e-06 -7.47624968e-08 -5.18764888e-06
    2.66600190e-05  5.17486649e-05]
  [-1.26303073e-07 -2.74097751e-07 -6.68228237e-06 -1.80818059e-06
    1.91666411e-06  2.24189759e-06 -1.18305605e-07 -7.20580474e-06
    3.20784842e-05  7.28361194e-05]
  [ 7.11464090e-08 -3.70015845e-07 -3.10416367e-06  8.08579317e-08
   -9.08323295e-05  5.36724458e-06  7.93504798e-08 -1.00332124e-05
    1.63704208e-05  6.29205482e-06]
  [ 3.51207157e-07  3.25819598e-07 -3.34166589e-06 -5.87799815e-06
    7.73313805e-07 -1.97365907e-04  2.83072500e-07 -2.50398642e-06
    1.12029648e-05  1.89801049e-05]
  [ 1.81945863e-07  4.90285428e-06 -2.98213037e-06 -4.07085254e-06
    1.06236826e-06  1.99011699e-06  1.72076727e-07 -1.80537613e-06
   -1.96519333e-04  3.95618047e-05]
  [ 2.35088800e-07  1.40111364e-07 -4.75735866e-06 -6.14516775e-06
    1.67325835e-06 -1.89499563e-04  1.82539643e-07 -2.05684557e-06
    2.26965327e-05  3.87551718e-05]
  [-7.27826058e-08 -9.52197508e-08 -2.23079802e-06 -1.65445784e-07
    1.16926027e-06  2.77641068e-06 -6.46171138e-08 -4.88297441e-06
    1.01552759e-05  4.36100245e-05]
  [ 7.48631667e-07  4.85755066e-07 -8.62703146e-06  2.88366672e-06
    1.53496082e-06  5.90671565e-06  6.17485117e-07 -3.25630165e-07
    1.41038397e-05 -7.13602991e-06]
  [ 3.73261680e-07  3.42648356e-07 -4.38811699e-06  5.24392637e-07
    2.52545137e-06 -4.25365108e-04  2.91929703e-07 -5.48197692e-06
    2.23897718e-05  5.97770032e-05]
  [ 2.75005907e-06  5.63920734e-06 -2.20314437e-05  8.88290029e-06
    2.64656452e-06 -1.17255059e-04  2.26683780e-06 -1.53730099e-05
   -4.10422568e-05 -1.96398984e-06]
  [ 1.16923637e-06  3.81650748e-06 -1.22919691e-05 -2.08724953e-06
    1.94480352e-06  2.83821212e-06  9.73114852e-07 -1.78255291e-06
   -1.21849806e-04  3.82765813e-05]
  [ 2.80455239e-06  4.07271360e-06 -2.17963167e-05  2.71026277e-06
    3.11260480e-06  1.11789990e-05  2.30017684e-06 -1.53532743e-05
   -1.41082646e-05  2.96856442e-05]
  [-2.09982540e-08 -4.36846812e-08 -4.02856262e-06  9.23239079e-08
    1.20080302e-06 -3.26798547e-05 -2.18643126e-08 -1.35338194e-06
    2.00952941e-05  2.96063076e-05]
  [ 3.07026477e-07  4.77311628e-06 -2.78103061e-06  2.79021249e-07
    1.06978287e-06 -8.87379115e-05  2.78443664e-07 -5.92231965e-07
   -2.24103068e-04  3.48979129e-05]
  [ 3.17120165e-06  9.03619820e-06 -1.63624894e-05  5.39089258e-07
    2.17522731e-06 -1.03203823e-03  2.61164988e-06  9.28361580e-07
   -2.62380682e-04  1.68477206e-05]
  [ 2.82052562e-06  2.59179820e-06 -1.24920320e-05 -9.71034379e-06
    3.17076938e-07 -1.32465022e-03  1.64681931e-06  1.27927199e-06
    1.82744738e-05  1.95603102e-05]
  [ 1.33328315e-06  1.82964373e-06 -8.66820708e-06  3.22866214e-06
    1.65806450e-06  9.71000324e-06  1.09532650e-06 -1.44458442e-05
   -1.24726625e-05  2.53802311e-05]
  [ 7.73791925e-07  7.20127245e-07 -9.83627137e-06 -5.67964547e-06
    1.90044397e-06  1.80365147e-06  6.25884292e-07 -5.52803139e-06
    1.34769392e-05  4.82881516e-05]
  [ 4.18596544e-06  8.18925642e-06  2.09055329e-04  4.60279660e-06
   -2.60172597e-05 -5.89106108e-04  3.27084578e-06  2.43696769e-04
   -1.22097604e-03 -2.14994881e-03]
  [ 1.13766675e-05  2.25170680e-05  5.74763532e-04  1.55874390e-05
    4.58605093e-06 -3.19932070e-04  1.08556883e-05  7.17121964e-04
   -2.71803551e-03 -7.41478734e-03]
  [ 2.18059605e-06  2.18328361e-06 -2.29605520e-06  5.90692007e-06
    1.29183457e-05  5.44806179e-06  2.04390259e-06  2.43026691e-04
    1.88054770e-04 -1.98264220e-03]
  [ 3.13707725e-06  3.02981428e-06 -6.22024011e-06  7.90576953e-06
    3.76093415e-06 -1.50364081e-03  2.61582000e-06  7.27978206e-05
    1.28969580e-04 -7.32222265e-04]
  [-9.44025713e-08 -1.19943217e-07 -4.97903026e-06 -1.07352914e-07
    1.09813710e-06  1.66755816e-06 -8.41991615e-08 -4.76786919e-06
    2.20334945e-05  5.84496682e-05]
  [ 2.97906461e-06  6.88597301e-06 -1.93133418e-05  1.63038551e-06
    2.68378481e-06 -7.71216727e-04  2.44173363e-06 -5.15584179e-06
   -1.31987654e-04  3.40762655e-05]
  [ 1.32681550e-06  1.24435978e-06 -9.61859446e-06 -5.88213443e-06
    2.07879258e-06 -6.15923726e-04  1.05433659e-06 -1.28788857e-06
    2.34905251e-05  3.33880443e-05]
  [ 2.53653905e-06  6.84295852e-06 -1.05584020e-05  6.98467586e-06
    2.42096314e-06 -9.16078105e-04  2.06917098e-06 -9.93790704e-06
   -1.62668944e-04  3.90494151e-05]
  [-9.98035095e-08 -1.59823553e-07 -3.93175911e-06 -4.20481909e-06
    1.46238284e-06  8.70366147e-06 -9.29358398e-08 -6.36861315e-06
    1.92410759e-05  5.89118616e-05]
  [-6.68074063e-08 -9.45146750e-08 -2.05152606e-06 -8.65461443e-08
   -1.30775734e-06  7.85824318e-06 -5.77292974e-08 -3.38007928e-06
    8.84318510e-06  3.29970119e-05]
  [-3.86833446e-08 -2.10902248e-07 -1.37428007e-06 -3.20865126e-08
    4.45466999e-07  6.92800979e-06 -3.45573424e-08 -1.89591618e-05
    8.41356989e-06  3.78840371e-05]]

 [[ 2.64696417e-04  2.47578474e-05  8.18003956e-05  6.17742719e-03
    3.15666869e-07  1.75179704e-02  5.23265080e-03  2.29658143e-03
    2.86160741e-03  2.65253837e-03]
  [ 1.14535615e-06  2.98926415e-04  1.23937983e-06  3.74786343e-04
    3.80437088e-05  2.02793915e-05  1.02152461e-06  4.02618226e-04
    6.39475948e-07  5.72976823e-05]
  [ 3.43004077e-06  5.63312557e-04  4.87227511e-06  3.21440108e-06
    1.06599926e-04  5.43750199e-06  4.98822344e-06  1.16851414e-06
    5.28349365e-06  2.14992262e-06]
  [ 2.09668460e-03  1.14250771e-03  4.49840847e-04  3.76595651e-04
    1.71805864e-03  6.70542891e-03  1.66484423e-02  5.39574052e-06
    1.06299412e-04  1.14409185e-06]
  [ 6.08037707e-04  7.45980945e-06  7.55217930e-04  7.29651221e-04
    3.70171651e-07  1.05793087e-04  2.40132580e-04  8.11601222e-05
    4.13069887e-05  1.02625354e-06]
  [ 1.76310505e-03  1.51016383e-05  9.37198509e-04  3.82302060e-04
    3.04256118e-07  6.52192020e-05  8.33621616e-04  8.03599694e-05
    4.61526091e-05  6.93141305e-07]
  [ 9.61438849e-07  5.01092001e-04  1.34772488e-05  3.57539558e-06
    1.31348110e-05  4.75468805e-06  1.65680034e-06  1.87182213e-05
    2.48840770e-05  1.91044269e-05]
  [ 4.31412490e-06  2.16831125e-04  4.06749048e-04  5.59341387e-03
    8.92923290e-05  1.94652702e-03  1.34332762e-06  1.48547594e-03
    2.76336211e-04  2.47340814e-03]
  [ 6.89993218e-06  2.12399708e-05  2.85921406e-06  1.41984472e-03
    1.15449143e-05  1.06502861e-03  8.40234398e-06  2.07047939e-04
    9.05118977e-04  5.13049090e-05]
  [ 8.76181505e-05  4.44491191e-04  1.09352658e-04  3.67931926e-04
    3.23439938e-05  3.46751812e-04  3.65100555e-04  2.39747735e-04
    3.96313330e-04  3.65652398e-06]
  [ 2.21102112e-06  4.33342900e-06  2.00317659e-06  3.16592912e-04
    1.25277318e-06  5.84487068e-04  7.61562672e-06  4.41773602e-06
    6.59237655e-04  4.85451030e-05]
  [ 1.34402495e-04  4.29642905e-03  1.37389963e-04  2.85084158e-03
    2.05260910e-03  6.38442823e-03  1.67660877e-03  1.10565111e-03
    1.29178472e-03  5.21553472e-04]
  [ 2.67679234e-05  2.40709464e-06  7.71508639e-06  4.30507972e-04
    8.47811020e-06  2.97738515e-05  1.43965022e-06  2.65673279e-04
    8.14198735e-06  1.24958971e-04]
  [ 1.39826463e-03  1.51718650e-04  8.50852544e-03  4.28057339e-03
    1.24379360e-05  2.79758988e-06  6.17612272e-04  3.64123663e-04
    1.24784986e-03  4.01355096e-05]
  [ 1.04229560e-03  4.90229840e-07  8.29528829e-05  1.50878813e-03
    1.97889599e-05  1.53049650e-03  1.05069624e-03  8.30108476e-04
    2.40548198e-04  6.02090855e-04]
  [ 3.69172519e-04  2.80782452e-04  5.87913957e-04  5.32635483e-04
    8.89433773e-07  4.90183809e-05  5.54763062e-04  8.25060164e-05
    1.85925789e-04  3.31219649e-05]
  [ 1.57432851e-05  2.23801609e-04  3.83373378e-04  5.79678620e-05
    1.40555206e-06  3.14248691e-06  3.19313075e-06  8.96922365e-05
    3.84093846e-04  5.94911246e-05]
  [ 3.21184439e-03  1.54112461e-04  4.97152620e-03  2.76300366e-03
    5.20786123e-06  3.70507318e-05  4.99462831e-03  1.17048260e-04
    1.18215737e-03  6.60514589e-06]
  [ 5.66580584e-07  1.42050659e-04  6.69369141e-07  7.32169041e-07
    1.24461748e-05  6.69731724e-06  5.50654618e-07  8.71808260e-07
    1.81296814e-06  2.60248380e-07]
  [ 1.00513647e-03  2.73529845e-06  1.15502130e-04  3.73628336e-04
    1.16244743e-07  8.02313326e-05  8.07500510e-04  3.07827607e-04
    1.51196623e-05  1.15312344e-06]
  [ 1.58841123e-04  8.41616230e-04  8.22589566e-06  3.46436312e-04
    5.36578131e-05  1.05572383e-04  1.10672301e-04  6.55551968e-05
    3.60497093e-04  8.44047500e-06]
  [ 1.33989986e-04  9.58844400e-06  8.08373396e-05  6.73009037e-04
    2.30708864e-07  8.65860711e-04  4.13013711e-04  7.23571893e-06
    6.18458819e-05  1.64376085e-05]
  [ 3.91432165e-06  3.18041484e-06  7.71900217e-05  2.07678602e-03
    1.31945761e-06  4.81791326e-05  1.04086812e-06  1.95782949e-03
    3.79304322e-06  1.30791518e-04]
  [ 7.53231192e-06  1.50340408e-06  6.14934850e-06  1.21686268e-03
    1.53522676e-07  5.48664640e-06  1.27832979e-06  1.81463182e-03
    3.63479829e-06  1.30610754e-04]
  [ 1.96318493e-05  1.92779665e-06  2.60905427e-06  1.25797474e-03
    2.64826915e-07  2.14053329e-05  9.12776296e-07  1.60378957e-03
    2.95362598e-06  4.52417897e-05]
  [ 7.13646611e-06  3.29104463e-03  2.49633636e-04  3.18446826e-03
    4.64002578e-04  4.64432095e-03  3.26037665e-04  1.09954498e-04
    1.46632892e-03  2.09136686e-03]
  [ 2.25675140e-06  8.31756683e-05  8.86175318e-07  4.48474081e-04
    1.70829796e-06  9.83272754e-07  7.78958730e-07  4.20253071e-04
    4.38166869e-07  8.32760070e-06]
  [ 2.77555904e-04  3.46881596e-06  5.83571071e-05  2.93627968e-04
    6.86992059e-07  1.54291600e-04  4.94180501e-05  2.27899440e-04
    3.05878208e-04  7.26211820e-05]
  [ 3.47211438e-05  3.71037484e-06  6.37692214e-04  3.29914072e-03
    2.20310037e-05  1.04098135e-04  1.26062040e-06  9.18227415e-04
    5.19499166e-07  1.84008716e-05]
  [ 6.20107769e-06  7.41192414e-05  9.79299898e-07  6.90135781e-04
    4.40223697e-06  1.89014774e-04  1.52821388e-06  4.16953372e-04
    4.04092932e-07  2.85279406e-05]
  [ 1.17025630e-04  5.17056153e-06  9.54663573e-06  3.43559750e-04
    5.09503351e-07  1.89523302e-05  8.13113587e-05  3.39778764e-04
    2.89113767e-05  7.39966878e-07]
  [ 6.94468598e-06  7.21085591e-07  6.67139791e-07  5.02386904e-04
    3.98696025e-07  5.23517740e-07  5.63136083e-07  3.60133807e-04
    2.31734253e-06  5.98432618e-06]
  [ 2.26399894e-03  1.92192383e-05  6.47966076e-04  3.71658333e-04
    1.96526592e-07  4.26729948e-05  1.65751141e-03  8.56839151e-05
    5.40590686e-05  1.06067983e-06]
  [ 5.84627394e-05  3.48611559e-05  5.31043816e-04  2.92311638e-04
    1.72473148e-06  2.67310781e-06  2.20398264e-06  1.71546263e-03
    2.24466119e-05  1.35962033e-04]
  [ 1.52077527e-06  5.92864331e-07  2.11213019e-06  4.35213550e-04
    9.05924115e-07  5.25510258e-04  2.53682558e-05  1.53406643e-05
    2.25130206e-05  2.75426355e-05]
  [ 8.71274592e-04  9.10843968e-06  1.03481522e-04  4.00266090e-04
    6.72620580e-05  5.22888180e-05  5.42531087e-04  2.85923480e-04
    1.98363406e-05  3.12781672e-05]
  [ 1.11924925e-05  1.75891434e-04  2.13161128e-05  2.73932723e-06
    2.35911897e-05  3.57973586e-06  6.49014876e-07  1.10398258e-05
    1.88227295e-06  4.72875696e-05]
  [ 6.04483080e-06  1.09522863e-04  1.71888645e-04  5.59517463e-05
    7.63271592e-04  3.41986612e-05  8.72546918e-06  1.26481889e-03
    2.92531907e-05  1.70024340e-03]
  [ 1.06932343e-04  9.14127305e-06  4.15391644e-05  1.98979814e-03
    2.43547494e-06  4.98156833e-03  1.35673656e-04  2.08737586e-03
    1.53962783e-04  1.31751032e-03]
  [ 1.20425821e-03  5.61130931e-06  5.76408491e-04  5.48740744e-04
    2.87635092e-07  6.78471761e-05  5.09212512e-04  6.73355791e-05
    1.67758997e-04  2.84579431e-05]
  [ 6.53007396e-05  1.16004270e-06  5.16144235e-05  4.27622769e-04
    5.47987402e-07  2.12919043e-06  7.44016566e-06  2.22079999e-04
    8.91342953e-07  1.08019974e-06]
  [ 1.32756967e-04  5.71319988e-05  5.84837456e-07  8.58496546e-03
    1.12447615e-06  2.77120258e-02  4.63022459e-03  1.50083146e-03
    2.75836849e-03  4.29863814e-03]
  [ 4.46225860e-07  2.01038425e-07  9.38120873e-07  2.80155608e-05
    1.66995253e-06  5.34056086e-06  8.63909497e-07  1.20651904e-05
    4.18198818e-05  5.67998482e-07]
  [ 1.88612924e-03  3.85174431e-05  8.66264814e-04  2.18230485e-04
    3.69045183e-07  1.07943657e-04  1.02445719e-03  3.64317875e-05
    2.30304182e-04  6.77125183e-06]
  [ 8.79279929e-07  6.56981600e-03  5.54505670e-04  2.01119034e-04
    9.07844778e-03  2.27374445e-04  6.13121044e-03  2.16990302e-05
    1.16015561e-05  6.70452190e-04]
  [ 9.07761439e-07  4.67881422e-04  2.23057778e-05  2.70039513e-06
    3.03574383e-05  9.55418295e-06  1.92973795e-06  5.88164533e-07
    9.70774196e-06  1.62505764e-06]
  [ 3.53251430e-06  7.49960835e-04  4.12069699e-06  1.12274608e-04
    6.97699250e-05  7.38158238e-05  5.55567811e-07  1.14859187e-06
    2.83428000e-04  4.87653989e-07]
  [ 1.06518125e-05  2.01340141e-06  1.91391104e-06  1.22684170e-03
    2.48215290e-07  1.60605599e-04  7.86494422e-07  1.40171999e-03
    4.69270754e-07  4.02366314e-05]
  [ 7.14855587e-05  3.16362483e-07  2.03438867e-06  5.12124390e-04
    6.32744968e-07  1.98541187e-05  2.61683860e-05  5.15441810e-04
    2.60160999e-07  4.36669391e-06]
  [ 7.31298984e-05  4.09656748e-06  4.98016287e-06  1.03595168e-03
    2.44017354e-07  2.45268848e-04  4.29573694e-07  1.01839010e-03
    7.62638047e-07  1.31624002e-05]
  [ 1.52197031e-04  2.40474330e-04  1.91521747e-04  6.93161841e-04
    3.26782439e-07  4.49285868e-04  2.98181885e-05  8.69983198e-05
    1.24747546e-03  1.14584509e-04]
  [ 1.96310276e-05  6.60371895e-06  3.99574268e-06  1.19497303e-03
    1.55277182e-04  2.99050098e-03  7.05661763e-06  8.38390860e-04
    1.00119266e-04  2.82710696e-03]
  [ 3.35977422e-03  1.79272012e-06  1.53671706e-03  3.52003015e-04
    4.72474111e-07  1.30713009e-04  1.35874317e-03  1.51757519e-04
    7.32264605e-05  2.51394437e-04]
  [ 4.54888463e-05  6.36896269e-05  1.48464289e-03  4.06143213e-03
    5.59886943e-07  5.12801575e-04  1.17040561e-06  1.20084833e-03
    3.57260441e-05  1.91547213e-04]
  [ 1.34903613e-04  1.65650378e-05  1.05983303e-03  1.09950751e-03
    1.07765021e-06  5.60199546e-05  1.25870163e-05  1.94358975e-03
    2.06352445e-03  1.26612795e-04]
  [ 3.96731464e-06  1.36408965e-04  4.52454798e-07  8.64590696e-05
    1.68370302e-06  5.34868355e-06  5.72429529e-07  7.95276408e-05
    4.69296806e-05  4.42715627e-07]
  [ 5.01827359e-04  7.28339555e-05  1.16828132e-04  6.87177232e-04
    3.28733910e-07  2.22310374e-04  4.79645706e-04  4.77725149e-05
    2.26013656e-04  6.86182717e-07]
  [ 3.03084576e-06  6.58292000e-04  4.41840732e-05  8.87253058e-04
    1.24436575e-03  6.62778211e-04  4.48389429e-04  5.06156584e-04
    1.96410719e-06  6.22163742e-05]
  [ 8.13120840e-05  5.21560334e-06  1.19655643e-03  4.12101147e-03
    2.77934565e-05  5.41580368e-05  1.61450464e-05  1.07538176e-03
    2.07546892e-07  8.03493696e-05]
  [ 4.60436601e-05  8.61808167e-05  8.26220072e-05  2.96564867e-04
    5.03399717e-07  9.08529301e-05  6.77516762e-07  3.61045655e-07
    4.44065719e-04  2.48008636e-07]
  [ 1.47992608e-06  3.48712532e-06  2.98740021e-04  2.13760805e-03
    5.80406604e-06  1.79952813e-04  8.36591141e-07  2.17174034e-04
    3.27450512e-07  1.21742026e-04]
  [ 7.92397405e-06  4.86325561e-07  5.25805687e-06  4.73814014e-05
    4.71752199e-07  2.95032815e-06  5.08521078e-07  4.15606102e-05
    2.77058974e-04  1.32227987e-05]
  [ 5.71670797e-07  8.63812278e-06  7.30640811e-05  8.81704985e-05
    4.11533321e-07  2.78963597e-06  1.36199892e-06  4.59529168e-04
    3.08632950e-07  2.96716187e-05]
  [ 5.22158341e-06  1.44249882e-06  2.65596929e-06  3.22461286e-04
    1.15800803e-06  4.48798789e-04  1.01059617e-05  7.68400591e-05
    9.81310901e-05  2.10911696e-05]
  [ 7.27398940e-06  3.86452690e-05  1.75773279e-04  1.93865950e-03
    1.03044373e-05  4.08191030e-05  1.41000839e-06  2.71854045e-03
    6.99540372e-05  1.34294509e-04]
  [ 5.29019307e-06  2.23740914e-04  1.48147577e-04  6.89854732e-05
    6.32537775e-06  8.71882313e-06  6.68419198e-05  8.13060378e-06
    1.04214829e-05  1.09790468e-06]
  [ 1.31157765e-03  1.66641123e-06  1.13396456e-03  5.62204731e-04
    3.19424300e-07  9.72563116e-05  4.58386725e-04  1.76076174e-03
    1.13522748e-04  2.31042256e-05]
  [ 1.17066191e-05  3.48967509e-05  4.90918538e-06  1.69244800e-04
    1.65479930e-07  9.48063368e-06  5.08366540e-06  1.66655239e-04
    3.90165090e-05  1.61853920e-05]
  [ 8.84277784e-07  4.05899807e-04  6.06634522e-06  6.48092133e-04
    3.49521919e-05  2.20377136e-04  3.08519178e-07  5.17160437e-07
    2.06674922e-04  5.89010311e-04]
  [ 3.33547717e-05  2.50547907e-04  1.92318035e-04  3.71175194e-03
    2.02937533e-05  3.78817530e-03  2.51489325e-06  2.62930827e-04
    3.40265030e-04  1.13861731e-03]
  [ 8.23425040e-03  4.35903776e-05  1.52054618e-03  6.91861321e-03
    3.45759985e-03  3.39414275e-02  2.75021491e-02  4.69857541e-03
    1.94477881e-03  2.51036015e-03]
  [ 8.72340547e-04  2.25754764e-04  2.82752358e-03  7.28234825e-04
    9.03647233e-06  2.69910757e-06  1.48574534e-04  4.56940015e-04
    5.06974856e-05  5.49432716e-05]
  [ 1.32500687e-07  6.07881395e-06  1.81044895e-04  6.84734359e-04
    7.04995047e-07  9.59058315e-05  7.87035563e-07  5.25077309e-05
    2.53081700e-05  6.22726004e-07]
  [ 1.89565207e-03  1.21819220e-04  1.16987001e-04  2.21847751e-03
    1.81432130e-03  2.16911627e-02  2.05423204e-02  5.38819472e-04
    7.31025626e-03  9.21805408e-04]
  [ 5.10592260e-05  6.26380511e-05  1.27986835e-04  2.08744296e-03
    8.34346396e-04  5.28230646e-04  4.15872735e-06  9.97894610e-04
    1.85185262e-03  6.38955336e-03]
  [ 1.85811227e-06  5.46021378e-07  2.37770619e-04  1.87211243e-03
    4.93504672e-06  1.16750881e-05  1.52201386e-06  2.67239176e-03
    2.38401773e-06  5.30633366e-04]
  [ 2.68129938e-04  2.84255749e-04  1.15346019e-03  5.01766349e-03
    1.96535791e-05  1.46607706e-02  3.06563125e-06  3.60038637e-04
    7.26237690e-04  8.10795464e-03]
  [ 4.69063505e-06  4.98582850e-06  5.62666025e-07  4.93864249e-04
    6.08754681e-07  2.06391850e-06  9.85865887e-07  3.85909499e-04
    1.57741824e-05  6.35307066e-06]
  [ 1.40808366e-06  1.70553059e-04  5.40649455e-04  5.92074545e-03
    1.08896063e-06  1.63934334e-03  1.80521408e-06  4.50253343e-04
    7.02673172e-05  1.85374752e-03]
  [ 1.08310462e-03  5.86936796e-06  3.47015911e-04  2.67880397e-03
    2.35016786e-07  2.40313903e-03  8.47016660e-04  8.00213343e-04
    1.18264954e-03  8.90495356e-05]
  [ 3.94981676e-04  1.85879062e-03  9.06853602e-03  9.65078975e-03
    2.64421054e-05  3.39276128e-03  7.27209439e-05  5.54163678e-04
    6.27452477e-04  5.21867963e-03]
  [ 7.64372940e-05  1.05931807e-06  1.54202319e-05  2.04707204e-04
    4.38685570e-07  2.73100851e-05  3.56859255e-05  1.94706495e-04
    3.03659262e-04  9.62475164e-07]
  [ 5.03270352e-07  9.87756315e-06  2.38739434e-05  7.42101940e-05
    2.39415886e-05  1.14343050e-06  7.75694081e-07  1.28641945e-04
    3.38077031e-07  1.54834133e-05]
  [ 1.00960995e-05  1.60403597e-04  6.28518380e-06  7.26917787e-04
    1.95962369e-05  1.26432626e-06  7.95360405e-07  9.62776902e-04
    4.95458498e-06  3.39852234e-05]]]