[[[[[ 1.46085150e-03  4.96622242e-04 -3.03798356e-04 -5.71031517e-04
     -1.32435549e-03]
    [ 2.35742911e-03  5.45146214e-04  6.50100882e-04  1.48491993e-04
     -9.53077220e-04]
    [ 1.99841345e-03  1.00888260e-04  1.46001718e-04 -8.80528984e-04
     -1.19012249e-03]
    [ 9.85436670e-04 -2.89247827e-04 -4.96606882e-04 -1.67770239e-03
     -9.64244971e-04]
    [ 1.02461478e-03  9.16942192e-04  6.37486991e-04 -6.08219094e-04
     -1.80291925e-04]]

   [[-1.19501404e-02 -1.13625391e-02 -6.53403575e-03 -3.65948883e-03
     -8.86073705e-03]
    [-7.55934697e-03 -2.83228731e-03  7.26451335e-03  9.96643927e-03
      3.37639146e-04]
    [-4.97817023e-03  4.51165280e-04  1.24037313e-02  1.32339135e-02
      4.45575302e-04]
    [-5.90402492e-03 -2.44152248e-03  8.59696186e-03  7.07518510e-03
     -3.67619008e-03]
    [-3.79674894e-03 -1.02717821e-03  8.66337425e-03  5.19057187e-03
     -2.09963962e-03]]

   [[-1.04060674e-03 -9.81757094e-04 -4.25234002e-04  2.98612783e-04
      3.40270917e-04]
    [-1.26257335e-03 -1.02087241e-03 -1.00288596e-03 -2.81309107e-04
      1.17827059e-04]
    [-2.35160156e-04 -4.11800899e-04 -7.01196152e-04 -5.52099631e-04
     -8.10306324e-05]
    [ 4.22793565e-04 -2.47208733e-04 -7.30131799e-04 -9.89613560e-04
     -4.01913726e-04]
    [-1.87646373e-03 -2.49018030e-03 -2.23255326e-03 -2.19956569e-03
     -1.02763407e-03]]

   [[-5.05768811e-03 -6.71170080e-03 -3.63742669e-03 -5.58258869e-04
     -3.66565346e-03]
    [-6.29839097e-03 -6.57564250e-03 -1.68613198e-03  2.71786448e-04
     -4.13503239e-03]
    [-5.11376192e-03 -4.19212882e-03  1.69678045e-03  2.35013345e-03
     -3.06573727e-03]
    [-1.31372076e-03  2.56684654e-04  5.79263727e-03  3.50330049e-03
     -2.57931166e-03]
    [-8.60008887e-04  2.42018941e-03  7.41150802e-03  2.57506198e-03
     -1.24480687e-03]]

   [[ 3.13586743e-03  1.06074159e-03  3.25904399e-04 -4.39525861e-04
     -8.07141338e-04]
    [ 3.86040371e-03  3.11494149e-03  2.70796711e-03  1.73648438e-04
     -2.77491693e-04]
    [ 3.19915590e-03  2.87858468e-03  1.30958374e-03 -1.15491030e-03
     -5.03845692e-04]
    [ 2.32035750e-03  1.77972711e-03 -4.09140316e-04 -7.97087116e-04
      2.57614279e-05]
    [ 1.17688885e-03  8.54350512e-04 -3.29658112e-04 -1.25217235e-04
      1.49924943e-04]]

   [[-2.70160711e-03 -2.52314087e-03 -2.22574406e-03 -9.43733793e-04
      4.01947062e-04]
    [-2.82390633e-03 -2.59017566e-03 -2.54040095e-03 -1.29938487e-03
      2.06004267e-04]
    [-3.30673270e-04 -8.06011546e-04 -1.06927393e-03 -6.74079064e-04
     -2.14609333e-04]
    [ 1.10424102e-03  4.34705023e-04 -3.08172028e-04 -8.58107419e-04
     -1.03068511e-03]
    [-3.74697550e-03 -4.55578228e-03 -4.15144107e-03 -3.34889600e-03
     -2.57619907e-03]]]


  [[[-1.00562270e-04 -7.81858358e-06  1.31995775e-04  1.99219863e-04
      7.34670766e-05]
    [-1.04576364e-04  1.17636708e-04 -1.16286170e-04 -2.45033680e-04
     -3.89026367e-04]
    [ 1.10515989e-04  2.16823935e-04 -5.50418993e-04 -7.72577944e-04
     -8.42474278e-04]
    [ 3.88203718e-04  1.71148136e-04 -6.83023226e-04 -7.70213451e-04
     -7.32046625e-04]
    [ 4.27324182e-04 -6.38200827e-05 -5.71548714e-04 -5.39087401e-04
     -4.08923762e-04]]

   [[-4.07660681e-04 -1.65604352e-03 -1.50225430e-03 -1.13367450e-03
     -1.63225452e-03]
    [-1.07808407e-03 -1.12251992e-03 -1.49827527e-04 -3.24651027e-04
     -8.30422614e-04]
    [-1.52427492e-03 -4.55814902e-04  7.28714328e-04 -6.42264001e-04
     -2.31676199e-03]
    [-1.36262054e-03 -3.77104874e-04  8.44322241e-04  2.45379425e-05
     -1.62343294e-03]
    [-1.14787090e-03 -1.51490607e-03 -3.81138440e-04  2.54028781e-05
     -1.15480803e-03]]

   [[-4.32210867e-04 -7.87222549e-04 -8.09109482e-04 -7.28473956e-04
     -1.86518401e-04]
    [-1.27331339e-04 -4.06633025e-04 -3.51244876e-04 -2.83641250e-04
     -1.04718618e-04]
    [ 2.93577766e-05 -9.93129675e-05 -3.97606279e-05  5.54067906e-05
      7.34936483e-05]
    [ 1.73982653e-04  2.92339504e-05 -9.34020565e-05 -9.29686458e-05
     -6.52814928e-05]
    [ 1.06654097e-04  8.72439761e-05 -2.41615071e-04 -4.04861123e-04
     -4.46619003e-04]]

   [[-4.40156771e-04 -1.50678959e-03 -8.22099989e-04 -6.52316698e-04
     -1.55870769e-03]
    [-1.09607054e-03 -1.30291087e-03  1.69223901e-05 -8.02908499e-04
     -1.25760239e-03]
    [-9.17864077e-04 -6.17431893e-04  2.67623353e-04 -6.15692079e-04
     -1.40282628e-03]
    [-1.93849925e-04 -1.55431515e-04  1.91288686e-04 -4.68469133e-04
     -1.47371977e-03]
    [ 4.49791133e-05 -7.01758843e-05  3.77959597e-04 -2.20683207e-04
     -1.00468713e-03]]

   [[ 8.12029259e-05  3.09905016e-04  5.72649273e-04  4.60549883e-04
     -1.10000634e-04]
    [ 1.58684912e-04  3.67471733e-04  3.06599756e-04 -1.17790856e-04
     -6.70495132e-04]
    [ 6.37083242e-04  5.70239532e-04 -1.97510122e-04 -7.35565889e-04
     -6.60566509e-04]
    [ 9.45610794e-04  1.82183068e-04 -5.74718810e-04 -6.69078407e-04
     -2.29819331e-04]
    [ 4.49320689e-04 -2.83347071e-04 -3.99244824e-04 -3.26035426e-04
     -4.80299959e-05]]

   [[-4.65670853e-04 -1.24960637e-03 -1.73134382e-03 -1.42175997e-03
     -6.33106171e-04]
    [-1.14813835e-04 -6.37500471e-04 -8.37054393e-04 -4.26689191e-04
     -1.16136227e-04]
    [ 6.84894377e-05 -2.44781933e-04 -2.65928124e-04  1.40510432e-05
      1.30162291e-04]
    [ 2.09091986e-04  1.21468818e-04  6.61309296e-05 -3.22062955e-05
     -1.72551743e-04]
    [ 6.67348992e-06  8.95197689e-05 -1.06024966e-04 -4.96809012e-04
     -7.62317770e-04]]]


  [[[-1.59588570e-04  2.24595315e-04  1.14055947e-04  2.77410909e-04
      1.37788879e-04]
    [ 1.05234555e-04  3.87077364e-04  1.11750277e-04  3.62946421e-04
     -2.87744565e-04]
    [ 1.95297924e-04  3.90280528e-04 -1.49077621e-04 -1.37429409e-04
     -5.90783771e-04]
    [ 9.60896776e-05  1.73529771e-04 -4.30797141e-04 -5.37643557e-04
     -5.07910869e-04]
    [ 2.84512302e-04 -2.34509382e-05 -3.60622576e-04 -3.59618297e-04
     -3.04962590e-04]]

   [[-4.48050337e-03 -4.51810590e-03 -2.77509581e-03 -8.88696288e-04
      4.82558840e-04]
    [-1.52640507e-03 -2.14846480e-04  2.75449254e-04  6.44098203e-04
      1.18693625e-03]
    [-3.10134394e-04  1.94676257e-03  1.36313766e-03  5.98133137e-04
     -1.02926858e-03]
    [-2.61900275e-03  2.74665711e-04 -2.11965751e-04 -1.00621687e-03
     -2.39431442e-03]
    [-7.96248535e-05  1.85373357e-04 -1.38203887e-03 -1.57813374e-03
     -1.50466468e-03]]

   [[ 9.99032850e-05  2.00566900e-04  1.36283911e-04 -1.94083126e-04
     -8.19361638e-05]
    [ 8.91547440e-05  1.05346260e-04  2.54616545e-04  7.47986272e-05
     -3.04587109e-05]
    [ 7.24609729e-05  4.13036370e-05  7.16985316e-05  5.70040887e-05
      3.79441245e-05]
    [ 1.83224192e-05  6.13721111e-06  1.71070745e-05  8.92217587e-05
      1.68538816e-04]
    [-4.32231743e-04 -1.40285571e-04  4.62607236e-05  2.46428037e-04
      2.74547700e-04]]

   [[-2.26048826e-03 -3.51211323e-03 -2.63049441e-03 -6.51034949e-04
      2.20587968e-05]
    [-2.76012512e-03 -2.42735299e-03 -1.12222513e-03 -7.39119919e-05
      2.13046386e-04]
    [-1.78738432e-03 -3.76977118e-04 -3.42180097e-04  2.42588539e-04
     -1.23433649e-04]
    [-3.82123632e-04  7.23581374e-04 -1.33878469e-04  6.66941066e-05
     -1.14858066e-03]
    [ 3.73133793e-04  1.19856780e-03  2.70079908e-04 -4.40726378e-04
     -1.39195213e-03]]

   [[ 7.17678260e-05  3.08267575e-04  7.27547988e-04  7.65247931e-04
     -4.55051842e-04]
    [ 6.05403892e-04  7.53366492e-04  9.59554973e-04 -2.28050639e-04
     -1.69584907e-03]
    [ 6.24335269e-04  6.89766667e-04 -4.79912291e-04 -1.92614599e-03
     -1.62424273e-03]
    [ 9.62965802e-04 -1.14816816e-04 -1.62439616e-03 -1.49675495e-03
     -3.45195791e-04]
    [ 5.44730134e-04 -4.75872082e-04 -7.50055340e-04 -2.66728643e-04
      1.42724460e-04]]

   [[-1.76224770e-05 -2.25129095e-04 -7.80952478e-04 -1.11672416e-03
     -5.31313653e-04]
    [-2.17367916e-04 -5.53538139e-04 -5.21365006e-04 -1.57252659e-04
      5.15042158e-05]
    [-2.69313519e-04 -5.51513641e-04 -4.21131723e-04 -2.05474764e-04
     -1.02211173e-04]
    [-5.60059586e-04 -5.95609433e-04 -2.45654110e-04 -1.09872170e-04
     -1.35334611e-04]
    [-2.31210184e-03 -1.22927779e-03 -2.68887427e-04  2.08796285e-04
      2.64826941e-04]]]


  [[[-1.39305818e-03 -3.04722050e-04  2.20330669e-04  4.01125922e-04
      4.09813456e-04]
    [-9.86289785e-04  3.81877511e-04  3.25942867e-04  1.21724693e-04
      3.50571108e-04]
    [-6.36648997e-04  3.55704609e-04 -1.75243594e-04 -4.88771630e-04
     -1.01619227e-04]
    [-4.39871108e-04  2.86700209e-04 -2.99839379e-04 -7.81741306e-04
     -4.58318307e-04]
    [-2.15629162e-04  6.88234175e-05 -2.32640486e-04 -4.53362462e-04
      8.15723868e-05]]

   [[-2.53070328e-03 -3.10899427e-03 -4.10696671e-03 -3.61023507e-03
     -2.97903296e-04]
    [-9.76160961e-04 -2.73765282e-04 -2.67417054e-03 -1.80542928e-03
      2.39729329e-03]
    [-2.87536213e-04 -2.18016304e-05 -3.18482096e-03 -2.50623288e-03
      1.07774265e-03]
    [-9.44928271e-04 -1.37501639e-03 -3.88873310e-03 -3.47963711e-03
     -1.33007705e-03]
    [-5.14291058e-04 -1.94977952e-03 -4.10827840e-03 -3.33628576e-03
     -2.18090046e-03]]

   [[-5.53274992e-04 -8.28178585e-04 -2.41979265e-04 -9.60805280e-06
     -3.93346346e-05]
    [-4.87566476e-04 -9.63852589e-04 -2.45496794e-04  5.09190223e-04
      1.18889559e-04]
    [-1.02573982e-04 -3.66438725e-04  1.61319510e-04  8.01644899e-04
      3.79830531e-04]
    [ 3.61462566e-04  3.55517731e-04  4.87370083e-04  7.20745920e-04
      4.09478701e-04]
    [ 5.41495320e-04  7.88731909e-04  1.36717104e-04 -1.39261236e-05
      3.48516206e-04]]

   [[-1.23911560e-03 -8.93709741e-04 -9.16761416e-04 -6.63166038e-04
      3.18743932e-04]
    [-1.27296515e-03 -2.36384455e-04 -1.73778193e-03 -1.61453587e-03
      3.06556313e-05]
    [-1.15393487e-04  8.30650616e-05 -2.38161899e-03 -1.80839982e-03
     -4.24131862e-04]
    [ 1.82242983e-04 -8.06824576e-04 -2.13439063e-03 -1.49214867e-03
     -5.13042311e-04]
    [ 2.45747786e-05 -1.18341082e-03 -1.77544416e-03 -1.11816862e-03
     -2.87221904e-04]]

   [[-7.24035105e-04  1.43702767e-03  1.84469700e-03  1.27097565e-03
      4.01344376e-04]
    [ 6.39739578e-04  1.53011769e-03  1.24845313e-03  8.15361621e-04
      1.52049155e-04]
    [ 9.67726918e-04  7.06818784e-04  8.07470764e-06  1.47093049e-04
     -1.25019015e-04]
    [ 9.65630971e-04  1.45617158e-04 -5.63883268e-04 -2.67713096e-04
     -2.14873166e-04]
    [ 5.03353626e-04 -3.66874522e-04 -6.22602344e-04 -3.16219439e-04
     -8.95069727e-05]]

   [[-7.08884419e-04 -1.59390525e-03 -9.35142073e-04  5.82081429e-04
      1.12647006e-03]
    [-4.57512284e-04 -1.13877956e-03 -3.35627878e-04  1.67944635e-03
      1.98650929e-03]
    [ 2.57946590e-04  3.61442765e-04  1.14453071e-03  2.36038790e-03
      2.46433022e-03]
    [ 6.70290580e-04  1.24766936e-03  1.88432559e-03  2.48747782e-03
      2.24790057e-03]
    [ 1.67978568e-04  1.05893000e-03  8.78573823e-04  6.22129119e-04
      9.96029833e-04]]]


  [[[ 2.69884967e-04  1.66616434e-04  4.52888891e-05 -6.74611841e-04
     -8.56664688e-04]
    [ 9.30461757e-05 -1.83187492e-05 -5.68441906e-05 -6.69906344e-04
     -5.83773881e-04]
    [ 1.41682391e-04 -4.76346410e-06 -1.76620410e-05 -3.34945715e-04
     -3.93298230e-04]
    [ 2.09435707e-05 -2.89951127e-05  7.42503937e-07 -1.06524365e-04
     -4.45494386e-04]
    [ 1.42908114e-05 -1.19097511e-04 -8.33856958e-05 -9.58787916e-05
     -5.43701684e-04]]

   [[ 4.65181137e-03  5.42735771e-03  2.32675412e-03  6.05948599e-04
     -3.20341057e-04]
    [ 4.06800596e-03  4.54297141e-03  1.75756453e-03  1.06176965e-03
     -2.15897199e-05]
    [ 5.25950066e-03  5.19951442e-03  1.88732651e-03  1.31023716e-03
      1.38858364e-03]
    [ 5.77197183e-03  4.84575048e-03  1.54893932e-03  1.27053430e-03
      1.77611694e-03]
    [ 5.06968429e-03  3.33072716e-03  8.08689840e-04  7.27591881e-04
      3.35238636e-04]]

   [[ 1.93632627e-04 -4.26309511e-04 -7.26696019e-04 -1.63874142e-04
      1.07988583e-04]
    [ 2.63015171e-04  1.00512711e-04 -9.27158877e-04 -8.39352302e-04
      5.06125340e-05]
    [-2.72268648e-05  3.94713432e-04 -1.99668814e-04 -1.12713777e-03
     -5.57391787e-04]
    [-1.27027771e-04  2.36264248e-04  4.33009849e-04 -7.43539340e-04
     -1.10456458e-03]
    [ 2.62869950e-04  2.77074049e-04  4.41624122e-04 -1.95336748e-04
     -8.40439731e-04]]

   [[ 2.07269813e-03  2.28777974e-03  5.99705364e-05 -4.49316981e-04
      4.11605359e-04]
    [ 2.23815719e-03  2.11389014e-03 -1.47754176e-04  1.87216785e-04
      5.49230287e-04]
    [ 2.12898493e-03  1.96587549e-03  1.27777093e-04 -1.48608237e-04
      2.48924107e-04]
    [ 2.44223392e-03  1.95756802e-03  6.04916683e-04  1.73173452e-04
      3.06380716e-04]
    [ 2.54863328e-03  1.43945489e-03  8.16658548e-04  9.05123794e-04
      1.63374914e-04]]

   [[ 2.79045095e-05  5.09268538e-04 -6.20298468e-05 -8.58823307e-04
     -4.97421697e-04]
    [-2.12707829e-05  1.86790961e-04 -1.31945002e-04 -2.87723813e-04
     -9.72856800e-05]
    [ 1.57169054e-04  2.21305716e-04  1.08588232e-04 -3.48982452e-05
     -8.47849647e-05]
    [ 1.77436662e-04  8.63054268e-05  1.04739991e-04 -2.50245476e-04
     -4.62505081e-04]
    [-1.65191433e-04 -1.93835899e-04 -2.90141196e-04 -6.93178937e-04
     -6.56384751e-04]]

   [[ 3.06921656e-04 -2.04838541e-04 -9.87429005e-04 -7.40548297e-04
      1.75085129e-04]
    [ 2.42928557e-04  5.09046552e-04 -7.26079736e-04 -1.66844931e-03
     -4.59504950e-04]
    [-1.45051327e-04  5.42511578e-04  3.67372058e-04 -1.14887534e-03
     -1.37577892e-03]
    [ 3.02255309e-04  6.41784836e-04  1.10597915e-03  1.56818451e-04
     -1.26370759e-03]
    [ 1.13323310e-03  1.16825481e-03  1.12631393e-03  6.50319190e-04
     -2.90038409e-04]]]


  [[[ 2.78779667e-04  4.37079044e-04  7.47043672e-05 -1.16911181e-04
     -2.92920896e-04]
    [ 4.80780694e-04  4.69598500e-04 -1.78283648e-05 -2.84444749e-04
     -9.28042332e-04]
    [ 2.36715415e-04  2.51441324e-04 -1.70863962e-04 -6.95436813e-04
     -1.26695501e-03]
    [-4.77634379e-04 -7.16682205e-05 -2.43276228e-04 -9.54969862e-04
     -1.01193638e-03]
    [-4.85341631e-04 -2.56716549e-06 -1.05919379e-04 -7.33422921e-04
     -6.85275918e-04]]

   [[-5.89045599e-03 -3.36560699e-03  1.31144934e-03  1.32579999e-03
     -6.43352441e-04]
    [-3.00829509e-03  1.23758976e-03  3.58732861e-03  1.31265425e-03
     -1.77891934e-03]
    [-9.43169688e-04  3.96080044e-03  3.30650214e-03  2.10143411e-04
     -3.47607640e-03]
    [-2.57074318e-03  1.10202912e-03  6.69728028e-04 -9.49030308e-04
     -3.44998441e-03]
    [ 1.79824053e-04  2.00983997e-04 -7.13659185e-04 -1.43159031e-03
     -2.41796707e-03]]

   [[ 7.86947197e-05  3.57093067e-05 -2.97425108e-04 -4.81521284e-04
     -1.64935474e-04]
    [ 4.11070660e-05 -7.52729341e-06 -1.43363514e-04 -2.36595239e-04
     -9.05744265e-05]
    [ 1.21758464e-04 -1.45979734e-05 -3.34636497e-05  3.30717746e-05
      8.76826535e-05]
    [ 2.54522764e-04  3.04537205e-05 -5.19206151e-05 -1.04822756e-04
     -3.59508430e-07]
    [-2.18119486e-04  3.71726062e-06 -1.26213926e-04 -4.22531678e-04
     -4.49951028e-04]]

   [[-3.82618945e-03 -2.94460315e-03 -1.47765756e-04  5.11402604e-04
     -1.07021030e-04]
    [-3.86287521e-03 -1.00208991e-03  9.31723671e-04  6.05556768e-04
     -1.87960149e-04]
    [-2.24990389e-03  1.76956422e-03  1.22334548e-03  2.73558092e-04
     -9.53850744e-04]
    [ 3.94414149e-04  2.61348652e-03  4.51041767e-04 -5.46863809e-04
     -1.96843263e-03]
    [ 5.59121185e-04  1.73860038e-03  6.06490028e-05 -1.16215746e-03
     -1.92006999e-03]]

   [[ 1.10644701e-03  5.59526061e-04 -8.17412649e-05 -6.21518081e-04
     -1.16732544e-03]
    [ 8.79927743e-04  3.72260454e-04 -4.33047390e-04 -1.76582184e-03
     -2.28671922e-03]
    [ 3.67389016e-05 -1.78038771e-04 -1.15698981e-03 -2.31035841e-03
     -1.67076227e-03]
    [-4.70166024e-05 -4.08362918e-04 -1.45113269e-03 -1.36103537e-03
     -2.54261692e-04]
    [-5.80314620e-05 -2.92729507e-04 -5.80127305e-04 -1.80509561e-04
      1.77030280e-04]]

   [[ 1.62955343e-04  6.06787947e-05 -6.09784838e-04 -8.81898236e-04
     -5.33228688e-04]
    [-5.23696536e-05 -1.58979233e-04 -3.23488960e-04 -2.30152461e-04
     -1.74220055e-04]
    [ 2.49661214e-04  2.43509980e-04  4.02264894e-04  3.68203577e-04
      7.68827729e-05]
    [ 8.13136778e-04  9.01659356e-04  4.70800085e-04 -1.04421234e-04
     -3.05110632e-04]
    [-1.28510810e-03 -6.40867126e-05  4.41439521e-05 -5.67790100e-04
     -9.70945309e-04]]]


  [[[ 2.86133573e-04  2.73577096e-04  1.76855099e-04  2.48653144e-04
     -2.17523580e-06]
    [ 2.74701101e-04  2.74191114e-04  2.41303975e-05  8.14862699e-05
     -8.99900075e-06]
    [-1.77032136e-04 -5.72342221e-05 -9.35578047e-06  9.05296250e-06
     -1.61055894e-05]
    [-6.56206950e-04 -2.66936024e-04  2.23799360e-05 -1.36148297e-05
     -1.60452450e-05]
    [-1.63162674e-04  9.52592833e-05  1.79394945e-05 -5.59210121e-06
      1.10636819e-05]]

   [[-3.30157026e-03 -2.96289283e-03 -3.07235700e-03 -1.33283260e-03
      3.81389170e-04]
    [-5.38091767e-04  9.50190953e-04 -3.47418916e-04 -2.29724718e-04
      2.58384532e-04]
    [ 4.75188978e-04  2.44462603e-03  5.69854799e-04  6.32133154e-04
      5.04970432e-04]
    [-2.63524608e-04  8.61892799e-04 -4.97017824e-04  2.30494333e-04
      2.64303452e-04]
    [ 7.60120384e-04  6.34018627e-04 -7.49854986e-04 -3.09985540e-04
      4.10129968e-05]]

   [[-1.95154293e-04  5.52236583e-05  4.88652486e-05  2.54778186e-05
     -1.07873195e-05]
    [-7.75426685e-05  5.78413182e-05  3.30610828e-05 -1.91916960e-06
     -1.51027754e-05]
    [ 2.08624528e-04  1.42849905e-04  2.03234601e-04  1.08546051e-04
     -3.27172467e-06]
    [ 5.79184186e-05  9.30279608e-05  2.53407107e-04  2.02200024e-04
      3.15639213e-05]
    [-5.90467947e-04 -2.62198625e-04  2.76328225e-05  6.94357778e-05
      2.07603488e-05]]

   [[-1.85828832e-03 -1.54229563e-03 -1.16695342e-03 -2.67608787e-04
      2.70772337e-04]
    [-1.66145217e-03 -1.22612366e-03 -1.53496933e-03  4.11270221e-05
      1.00902203e-04]
    [-5.29322062e-04  9.44907781e-05 -1.27375226e-03  1.81863454e-04
     -3.84626238e-05]
    [ 7.88540083e-04  1.46685406e-03 -2.55742025e-04  2.25107432e-04
      1.12355424e-05]
    [ 8.07472142e-04  1.29737538e-03  1.26026705e-04  1.00822888e-04
      2.56686886e-05]]

   [[ 6.02709929e-04  5.17767548e-04  4.14155616e-04  4.90076699e-05
     -1.58616020e-05]
    [ 7.61002311e-05  2.67523470e-04  2.55007626e-04  2.62545189e-05
     -1.26987903e-05]
    [-2.19866236e-04 -7.21499177e-05  2.31312964e-05 -4.35255663e-06
     -1.54269464e-05]
    [-8.04043106e-06  8.04676282e-06 -9.09799851e-06 -1.75693058e-05
     -1.63350025e-05]
    [ 1.33302755e-04  6.10169181e-05  1.66474317e-05  9.10301938e-06
     -1.09203812e-06]]

   [[-4.60191505e-04 -3.05873304e-04 -1.64411277e-04 -8.48177610e-05
     -8.08793361e-05]
    [-1.13702299e-04 -5.77119286e-04 -8.44643159e-04 -6.59705506e-04
     -2.18952763e-04]
    [ 8.96770214e-05 -2.86666904e-04 -4.68579177e-04 -3.63718199e-04
     -2.83437896e-05]
    [ 3.32097392e-04  3.03293986e-04  2.88340999e-04  2.43398824e-04
      2.08494027e-04]
    [-8.14978327e-04 -6.49212596e-04 -2.80089528e-04  2.42737619e-05
      7.52024133e-05]]]


  [[[ 7.47967013e-05  3.25951940e-04  2.02057754e-04 -1.22296599e-03
     -1.32830604e-03]
    [-3.35996893e-05  1.61418970e-06 -3.63629042e-04 -1.56057554e-03
     -1.08950638e-03]
    [-1.21105205e-04 -2.90249630e-04 -5.58061802e-04 -8.57649904e-04
     -5.14847134e-04]
    [-5.22194944e-05 -3.08084048e-04 -1.96120080e-04  2.30126233e-04
      3.30156027e-05]
    [ 1.72799989e-05 -6.72163619e-05  1.82758436e-04  6.02713322e-04
      2.44803101e-04]]

   [[ 2.95637327e-04  3.02884211e-04  1.55371412e-03  1.76280812e-03
     -9.92676832e-04]
    [ 1.88401253e-03  3.19785090e-04  6.89695191e-04  1.42829204e-03
     -1.30439690e-03]
    [ 7.86563230e-04  2.26854599e-04  2.76575450e-04 -3.41958299e-05
     -1.71961280e-03]
    [-3.64320607e-04  6.49988456e-04  8.41936555e-04 -8.17092987e-05
     -2.24437471e-03]
    [-8.69600768e-04  5.40644807e-04  2.14387615e-03  2.23834787e-03
     -1.33856343e-03]]

   [[ 2.41033346e-04 -3.13647820e-04 -1.41232847e-03 -8.34671970e-04
      7.96176604e-05]
    [ 3.31553220e-04  8.73407384e-04 -8.38614986e-04 -1.32326200e-03
     -7.93185649e-05]
    [-4.89635651e-04  5.32617777e-04  3.15923018e-05 -7.64276311e-04
     -1.12960016e-04]
    [-8.40292765e-04 -7.35811480e-04 -5.65872509e-04 -1.17971950e-03
     -9.08242497e-04]
    [-5.27961471e-04 -1.23039384e-03 -1.34273532e-03 -1.79048819e-03
     -2.33270128e-03]]

   [[ 3.83313641e-04  5.15762376e-04  4.87457960e-04  1.10595536e-03
      6.51407195e-04]
    [ 6.81121132e-04  1.08255691e-03  6.16044566e-04  1.00018884e-03
     -9.13838116e-04]
    [ 3.38715584e-04  1.18640791e-03  1.02054156e-03  9.75017340e-04
     -7.16497291e-04]
    [-4.32498579e-04  1.27110136e-04  8.85881222e-04  1.76946442e-03
      5.12355448e-04]
    [-7.28263685e-04 -3.51033724e-04  3.63584430e-05  1.95207839e-03
      7.03553053e-04]]

   [[-2.08012763e-04 -1.03539971e-04 -1.75356071e-03 -3.13105288e-03
     -2.17661363e-03]
    [-1.68563393e-04 -8.04383254e-04 -2.36222384e-03 -2.12910008e-03
     -4.12010932e-04]
    [-4.11254179e-04 -9.76509740e-04 -1.26564637e-03 -6.21509904e-04
      1.60765516e-04]
    [-3.32886320e-04 -3.16239398e-04 -5.49185340e-05 -3.05915271e-05
      7.16977609e-05]
    [-7.60017943e-06  1.00870520e-04  1.34183342e-04  3.04997222e-05
      1.29432340e-04]]

   [[ 6.29118308e-04  4.54819581e-04 -1.26710908e-03 -1.49649843e-03
     -2.98454782e-04]
    [ 3.76687196e-04  1.90336320e-03  5.97410848e-04 -1.53231962e-03
     -9.99445218e-04]
    [-1.84601884e-04  6.02482141e-04  7.40292212e-04 -5.10294925e-04
     -8.13548799e-04]
    [-2.06995161e-04 -1.39540700e-03 -1.36223674e-03 -1.97453361e-03
     -2.53099213e-03]
    [-3.93154750e-04 -1.49000937e-03 -2.44520224e-03 -3.18547271e-03
     -4.24176179e-03]]]


  [[[-6.61536071e-05 -3.48592525e-04 -2.11701722e-04 -4.16850701e-05
      5.98829904e-05]
    [-7.99462402e-04 -8.95941364e-04 -1.78663768e-04 -6.13961748e-05
      1.70884583e-05]
    [-1.01480633e-03 -7.25501063e-04 -7.52497058e-05 -1.65848371e-05
     -3.93518435e-06]
    [-6.86764167e-04 -1.23095685e-04  1.55419796e-05  6.79057095e-05
      5.45565385e-05]
    [-5.37651525e-04  3.39500108e-05 -2.09196024e-05  4.65467479e-05
      7.46252676e-05]]

   [[-5.63381641e-04 -2.24661199e-03 -3.80546839e-03 -2.62183322e-03
     -8.15705142e-04]
    [-4.72792516e-03 -8.63159336e-03 -9.08538595e-03 -5.99059821e-03
     -2.02165333e-03]
    [-6.10964898e-03 -9.44933539e-03 -8.72874941e-03 -6.81603829e-03
     -3.16559291e-03]
    [-4.60635014e-03 -5.97538269e-03 -5.16833529e-03 -4.75258949e-03
     -2.29950092e-03]
    [-5.13778429e-03 -4.74410475e-03 -3.71822882e-03 -3.24360671e-03
     -1.00821467e-03]]

   [[ 3.83304244e-05  1.10482385e-04  1.17732445e-04  4.05965999e-05
      1.58381666e-06]
    [ 5.81974574e-05  1.56324149e-04  1.76628077e-04  8.06419716e-05
      1.03691471e-05]
    [ 3.63670200e-04  2.50493634e-04  1.54553192e-04  9.85155816e-05
      4.51978901e-05]
    [ 2.82481265e-04  1.48424489e-04  1.63501203e-04  8.32559251e-05
      3.18030412e-05]
    [-7.11604555e-04 -8.38781620e-04 -3.51655067e-04  2.27692830e-06
      1.66051079e-05]]

   [[ 9.80536597e-04 -1.30532211e-04 -1.14922624e-03 -8.52897185e-04
      1.83894884e-04]
    [ 6.78059891e-04 -8.44221661e-04 -1.48855609e-03 -9.03419915e-04
      5.98295214e-05]
    [-1.14264674e-03 -2.75132472e-03 -2.27794564e-03 -1.62130303e-03
     -4.00871796e-04]
    [-2.85889079e-03 -3.75784581e-03 -2.86525460e-03 -2.66208898e-03
     -1.02077566e-03]
    [-3.62798568e-03 -3.91196514e-03 -3.06277996e-03 -2.62090656e-03
     -9.74461467e-04]]

   [[-2.02045598e-03 -1.62493056e-03 -6.71109116e-04 -8.21824483e-05
      4.22119657e-05]
    [-2.65279048e-03 -1.32071635e-03 -1.30026444e-04  1.91665468e-05
      6.09373310e-05]
    [-1.19831183e-03 -3.53530733e-05  2.63187343e-04 -2.09925711e-05
     -6.97690187e-05]
    [-1.25013110e-04  2.77309449e-04  2.02050362e-04 -6.16553837e-06
     -6.88338236e-05]
    [ 2.28669190e-04  2.25357067e-04  1.44995642e-04  1.36729766e-04
      5.64726700e-05]]

   [[-2.89334948e-04  1.93177878e-05 -6.10596453e-05 -4.50529671e-04
     -4.17033911e-04]
    [-4.95715401e-04 -2.72969628e-04 -3.24133245e-04 -3.91726190e-04
     -2.31314254e-04]
    [ 1.54908817e-04 -2.76646090e-04 -5.07763179e-04 -3.00934899e-04
     -1.75563193e-05]
    [-5.35111654e-04 -1.16701855e-03 -1.19986344e-03 -7.77906084e-04
     -3.71272482e-04]
    [-2.06561786e-03 -3.03240811e-03 -2.86031385e-03 -1.61322156e-03
     -6.65103782e-04]]]


  [[[ 3.17502186e-04 -2.56600161e-04 -8.29708428e-04 -9.45808052e-06
      1.54144710e-04]
    [ 5.37439386e-04 -2.63130924e-04 -7.73130934e-04 -3.77578588e-04
     -9.81044158e-04]
    [ 2.49909363e-04 -7.49111062e-04 -1.32974274e-03 -1.41439218e-03
     -1.27375592e-03]
    [-1.55387661e-04 -1.06591639e-03 -1.51723535e-03 -1.80096226e-03
     -6.66007709e-04]
    [-2.53103278e-04 -9.76826099e-04 -9.79029315e-04 -1.06973255e-03
     -2.87103834e-04]]

   [[-3.50757145e-03 -2.74221140e-03 -2.99185184e-03 -2.59753660e-03
     -2.12158673e-03]
    [-2.64811159e-04 -7.58451794e-04 -6.31894069e-04  1.08732227e-03
     -1.28960374e-03]
    [-1.28627590e-03 -2.82574097e-03 -2.08559239e-03 -1.55710223e-03
     -6.42379617e-03]
    [-2.02233417e-03 -2.52337818e-03 -2.01276388e-03 -4.37243291e-03
     -8.97891155e-03]
    [-2.34058259e-03 -2.63009600e-03 -2.22307085e-03 -5.25949855e-03
     -8.86087060e-03]]

   [[ 3.95639473e-04 -5.48993329e-04 -3.15150372e-04  1.89045428e-04
      1.56091301e-04]
    [ 1.00273288e-03 -7.91964971e-05 -1.38118398e-04  7.67576959e-04
      4.13416998e-04]
    [ 3.07475970e-04 -8.04207323e-05 -1.43700518e-04  8.65008691e-04
      8.63675270e-04]
    [-1.41711663e-04  2.05389680e-04  2.56612377e-04  3.61127988e-04
      7.26676346e-04]
    [ 6.86328112e-04  7.59563855e-04  1.19371448e-03  1.13689791e-03
      1.01468565e-03]]

   [[-9.19621403e-04 -1.39152841e-03 -1.85064181e-03 -1.26870007e-03
     -1.20739511e-03]
    [-1.00067366e-04 -2.14106627e-03 -2.26940556e-03 -1.02726517e-03
     -2.20194966e-03]
    [-1.29522033e-04 -2.40518788e-03 -1.39307432e-03  2.28698718e-04
     -2.85175301e-03]
    [-1.46192735e-03 -1.76447608e-03 -3.02895548e-04 -8.69092913e-04
     -3.63555904e-03]
    [-8.77368472e-04 -5.92064968e-04  4.42009315e-04 -2.32051753e-03
     -4.06428346e-03]]

   [[ 3.15326509e-04 -3.65722678e-04  7.31872378e-06  1.02933924e-03
     -4.59417653e-04]
    [ 4.69730700e-04 -4.65104665e-04 -6.05159513e-04 -1.56915887e-03
     -2.95471227e-03]
    [-5.60254897e-04 -1.60625721e-03 -2.59331246e-03 -3.52467286e-03
     -2.38678521e-03]
    [-1.16755853e-03 -2.24917706e-03 -3.11999330e-03 -1.96115105e-03
     -2.83384374e-04]
    [-7.94220009e-04 -1.47538527e-03 -1.03227234e-03  3.25501339e-04
      6.04214627e-04]]

   [[ 3.66931493e-04 -8.90925318e-04 -1.63100238e-03 -9.32263083e-04
      1.02580490e-04]
    [ 1.06624944e-03  6.01512183e-04 -2.99916510e-04  4.16387842e-04
      1.15559236e-03]
    [ 9.56562490e-05  5.46075705e-05 -3.99739413e-04  6.94086111e-04
      1.93127939e-03]
    [ 2.57522735e-04  2.93248256e-04  6.19603295e-04  1.45514501e-03
      2.11924096e-03]
    [ 1.57204458e-03  1.51022589e-03  2.12410483e-03  2.93912767e-03
      2.72365924e-03]]]


  [[[ 9.80531481e-05 -2.42009477e-05  2.58931349e-07  1.02742496e-04
      1.69587570e-04]
    [ 3.81927260e-05 -2.31966546e-05 -7.43918619e-06  1.26589448e-04
      2.74132283e-04]
    [ 1.68229163e-06 -9.78689697e-06 -5.09241044e-06  1.25123020e-04
      4.29921281e-04]
    [ 3.50723779e-06 -3.51621895e-06 -1.11653983e-05  7.90460008e-05
      3.74864179e-04]
    [ 5.58632454e-06  1.05333093e-06 -7.09882431e-06  2.47989665e-05
      1.66241921e-04]]

   [[ 4.51619982e-04  3.16498582e-04 -4.29779960e-05 -5.28609031e-04
     -6.25382877e-05]
    [ 8.98690152e-05 -2.68895256e-04 -4.25814831e-04 -2.01400948e-04
     -1.13947736e-05]
    [-1.22510218e-04 -2.66491915e-04 -1.55543243e-04  1.65976771e-04
      6.05040498e-04]
    [ 1.66217756e-04  3.24889433e-05  1.40116853e-05  1.53568021e-04
      5.53641114e-04]
    [-9.69102141e-05 -1.09886914e-04  6.46728649e-06  5.38301646e-05
      2.20311805e-04]]

   [[-2.24349387e-05 -3.87594102e-04 -3.72413362e-04  2.23682964e-04
      2.53904523e-04]
    [ 2.76671537e-05 -1.92990705e-04 -5.95435360e-04 -2.93761463e-04
      9.93665245e-05]
    [ 5.01720150e-06 -1.25328940e-05 -1.72344366e-04 -2.12773126e-04
     -5.76632426e-05]
    [-5.61783838e-06  9.22331383e-08  2.89054308e-05 -7.71884523e-05
     -2.32728784e-04]
    [ 9.12014000e-06  9.78623743e-06  1.25199695e-04  1.01427126e-04
     -3.09669953e-04]]

   [[ 9.46813413e-05  3.60059564e-04  3.21218122e-04  1.75185414e-04
      2.09574988e-04]
    [ 3.18702776e-04  1.32536571e-04 -1.97261940e-04 -2.43763547e-06
      2.92691318e-04]
    [ 2.05989744e-04 -1.50977486e-04 -2.78060157e-04  1.33869026e-06
      3.11169193e-04]
    [ 6.56545451e-05 -6.73977690e-05 -2.12734019e-05  8.28590011e-05
      2.90183489e-04]
    [ 1.18248721e-04  7.79866144e-06  2.40915793e-05  4.64228311e-05
     -6.53278497e-05]]

   [[-2.28806592e-04 -1.38484975e-04  7.07829754e-05  2.74291251e-04
      1.94261989e-04]
    [-2.00611939e-04 -8.89576939e-05  1.50522095e-04  3.01448870e-04
      2.43835613e-04]
    [-1.19895993e-05  3.88512724e-06  1.02620351e-04  2.78750707e-04
      2.95810143e-04]
    [ 3.99577479e-06  8.12819326e-07  2.31149340e-05  1.46227544e-04
      1.43740219e-04]
    [ 2.72101266e-06  1.37118733e-06  6.55509335e-06  3.08161866e-05
      2.59654679e-05]]

   [[ 9.30492471e-06 -3.34826191e-04 -5.27054879e-04  5.48069410e-05
      4.86780635e-04]
    [ 8.62604971e-05 -4.80239457e-05 -6.82969145e-04 -8.26046762e-04
     -1.53453417e-04]
    [-5.06060968e-05 -9.89251208e-05 -2.64744881e-04 -3.70868499e-04
     -2.13283703e-04]
    [-7.30965434e-05 -9.18539649e-05 -2.41605032e-05 -5.91519261e-05
     -3.60060877e-04]
    [ 1.17884025e-04  6.08882238e-05  1.30133573e-04  2.29303107e-04
     -1.55311586e-04]]]


  [[[-6.71729875e-05 -2.09227271e-04 -5.08355031e-04 -6.91716094e-04
     -6.10746755e-04]
    [-3.68248667e-05 -4.28499984e-04 -4.91919549e-04 -1.58934438e-04
      1.15393296e-04]
    [-3.59545968e-05 -4.62916592e-04 -2.06311791e-04  5.15950479e-04
      4.99479853e-04]
    [-7.79015215e-05 -3.30198928e-04  1.26610787e-04  9.09751228e-04
      5.32437330e-04]
    [ 1.34320545e-05 -1.48348141e-05  1.99980766e-04  6.64029308e-04
      3.68453227e-04]]

   [[ 2.12009773e-04 -6.35844067e-04 -1.43819057e-03 -6.71398567e-04
     -2.33326912e-03]
    [-1.12513190e-04 -9.03286302e-04 -2.17014435e-03 -2.35300900e-03
     -3.17102996e-03]
    [-1.36641104e-05 -8.86705587e-04 -1.92185109e-03 -1.99951946e-03
     -2.20029673e-03]
    [ 1.06299872e-05 -6.41036343e-04 -1.06865343e-03 -6.10553408e-04
     -1.13812059e-03]
    [ 1.94407445e-05 -1.10887692e-04 -2.63244770e-04 -3.58581809e-04
     -1.25322789e-03]]

   [[-2.42540328e-05  7.85234351e-04  5.68458175e-04  9.41935367e-05
      8.54075068e-05]
    [-3.35456440e-04  4.01595013e-04  6.19846720e-04  1.12410211e-04
      8.25859493e-05]
    [-2.53131798e-04 -5.16865894e-05  1.52450197e-04 -5.23134967e-05
     -2.09047685e-05]
    [-2.02985561e-04 -4.25753842e-04 -3.66309050e-04 -2.34805262e-04
     -1.01644557e-04]
    [-3.21535190e-04 -9.13746135e-04 -9.05185146e-04 -6.59852001e-04
     -4.21347564e-04]]

   [[ 3.71755249e-04  1.04332575e-04 -3.29080793e-04  4.35467490e-04
     -3.58262915e-04]
    [ 1.83047337e-04 -7.67633079e-05 -3.88035888e-04  2.57829264e-04
     -1.01228887e-03]
    [ 6.58216147e-06 -5.30493157e-04 -5.90093274e-04 -1.79885284e-04
     -5.97859553e-04]
    [-3.25298226e-05 -4.13505734e-04 -4.50514018e-04  2.19842637e-04
      2.11886588e-04]
    [-3.64187827e-05 -2.19907831e-04 -5.32595583e-04  2.80996910e-04
      1.40933760e-05]]

   [[-3.34122279e-04 -8.90067143e-04 -1.39019336e-03 -1.48644925e-03
     -7.21498358e-04]
    [-4.47356693e-04 -1.06893525e-03 -1.08007798e-03 -3.57183049e-04
      4.67314152e-04]
    [-4.64779058e-04 -7.55309145e-04  1.60248806e-05  8.11607662e-04
      6.65340196e-04]
    [-2.53884008e-04  4.62510209e-05  7.82327972e-04  6.95631662e-04
      1.59535566e-04]
    [ 2.00062043e-04  3.40150931e-04  5.19855322e-04  3.54118029e-04
      8.61803176e-05]]

   [[-2.28625502e-04  8.65713054e-04  1.28223861e-03  5.61006215e-04
      2.12937420e-04]
    [-5.18595388e-04 -4.21565016e-05  7.37525131e-04  3.87320268e-04
     -1.83168506e-04]
    [-3.29240558e-04 -4.02942579e-04 -1.81085102e-04 -3.05846837e-04
     -6.29535237e-04]
    [-2.43768644e-04 -6.70812499e-04 -8.57845961e-04 -9.85947110e-04
     -9.38605249e-04]
    [-2.58643919e-04 -1.15875226e-03 -1.68495463e-03 -1.67323343e-03
     -1.41245434e-03]]]


  [[[-7.75704967e-05 -1.05989579e-04  5.15862352e-05  2.17483341e-04
      1.46857909e-04]
    [-4.31273548e-06  5.46968041e-05  3.68663508e-05  3.86777887e-05
      1.69020564e-05]
    [ 5.12721942e-06  8.34739812e-05  2.85472246e-05  8.12498036e-06
      5.62405353e-05]
    [ 8.04079778e-06  6.14622824e-05  1.74046495e-05 -6.01117163e-07
      7.01323366e-05]
    [ 1.70164534e-05  4.63698064e-05  3.28884217e-05  2.43923603e-05
      2.93236867e-05]]

   [[-1.85514118e-03 -1.77081406e-03 -1.48359866e-03 -6.21604799e-04
      5.14170252e-04]
    [-3.45851512e-03 -2.44632683e-03 -1.61958690e-03 -8.34265565e-04
      9.03539636e-05]
    [-3.57383816e-03 -1.53338464e-03 -4.73498385e-04 -3.14302994e-05
      2.19874684e-04]
    [-2.17143774e-03 -4.85073523e-04  3.25887859e-05  1.16270874e-04
      1.68155803e-04]
    [-2.81248039e-03 -1.01395351e-03 -9.66317788e-05  1.21085070e-04
      1.86306356e-04]]

   [[ 3.96801046e-05  5.24724003e-05  4.84426967e-04  7.45872543e-04
      2.56664481e-04]
    [ 8.61043977e-05  6.59436635e-05  4.58008619e-04  1.11811927e-03
      7.24844856e-04]
    [ 8.94807912e-05  6.49101739e-05  1.56823813e-04  5.56873994e-04
      4.74951292e-04]
    [ 7.63699596e-05  5.05654613e-05  7.98113008e-05  1.16051545e-04
      8.68729047e-05]
    [ 4.80341745e-05  4.21572613e-05  2.81446738e-05  6.26371123e-05
      5.34783151e-04]]

   [[-1.08977464e-03 -7.64190106e-04 -5.45144050e-05  8.19393962e-06
      1.64454822e-04]
    [-1.46762127e-03 -1.00846904e-03 -6.11266808e-04 -1.40610534e-05
      2.98331021e-04]
    [-1.80866855e-03 -9.16478627e-04 -5.65210512e-04  1.99935790e-04
      3.23900982e-04]
    [-1.55263779e-03 -2.27117857e-04 -7.61793299e-05  9.98045562e-05
      7.52614792e-05]
    [-1.25020926e-03  1.47127817e-06  6.76247143e-05  5.66476936e-05
      7.00538189e-05]]

   [[-6.42143246e-04 -1.91260711e-04 -4.40794021e-05 -4.65231582e-05
     -8.69258955e-05]
    [-5.44816183e-04 -1.12362361e-04  1.41484653e-05  5.03432310e-06
     -2.14260165e-05]
    [ 1.16306774e-04  9.18623656e-05  4.62466434e-05  4.49618776e-05
      5.00666916e-05]
    [ 1.26194432e-04  5.90989205e-05  1.93518771e-05  8.91686719e-05
      6.20832244e-05]
    [ 1.00353355e-04  6.12719701e-05  8.88613569e-05  1.16248489e-04
      1.59096732e-06]]

   [[-4.96655172e-05 -1.87972867e-04  3.68988024e-04  1.27220760e-03
      1.07337760e-03]
    [-1.12699909e-04 -5.53699722e-04 -3.10717943e-04  9.84580061e-04
      1.47815382e-03]
    [-3.34268821e-04 -8.28801724e-04 -7.67112118e-04  2.03937266e-05
      6.01829925e-04]
    [-9.77152194e-05 -4.11314248e-04 -2.04028066e-04  4.98841170e-05
      1.52811830e-04]
    [ 8.03741692e-05 -2.44637265e-05 -1.15020026e-05  7.40742178e-05
      6.03832227e-04]]]


  [[[ 1.22612417e-03  8.77835106e-04  3.00591440e-04  2.50448289e-04
     -1.18663215e-04]
    [ 1.15155435e-03  6.10399645e-04  7.39564825e-05 -3.58598647e-06
     -6.29735162e-04]
    [ 7.90579155e-04  4.71627941e-04 -1.18209693e-04 -4.86441371e-04
     -7.91802187e-04]
    [ 1.96881684e-04  1.37921229e-04 -3.01616732e-04 -8.01036838e-04
     -6.25696985e-04]
    [ 3.51783002e-04 -1.60160201e-04 -4.50775141e-04 -6.48915810e-04
     -4.74253634e-04]]

   [[ 3.95357684e-04  5.08903089e-03  5.72638287e-03  4.71991420e-03
      3.54721747e-03]
    [ 5.04135052e-03  7.41326667e-03  4.67007476e-03  3.90735851e-03
      2.95068272e-03]
    [ 7.46009051e-03  9.00912215e-03  4.96665537e-03  3.12689248e-03
     -3.60302253e-04]
    [ 5.51953065e-03  8.28885269e-03  4.86220393e-03  2.54057479e-03
     -1.46320323e-03]
    [ 7.36635032e-03  9.38672612e-03  5.47479629e-03  1.81381415e-03
     -1.66414081e-03]]

   [[-9.69833299e-05 -1.37194525e-04 -1.09996567e-04 -9.63941084e-05
     -4.74816579e-05]
    [-1.34064402e-04 -1.33720080e-04 -1.31417053e-04 -9.10819651e-05
     -5.31750788e-05]
    [-1.47809595e-04 -1.41739614e-04 -1.25810328e-04 -7.18079587e-05
     -1.94714954e-05]
    [-2.00429493e-04 -1.55977659e-04 -1.50813215e-04 -2.22715747e-04
     -5.38987422e-05]
    [-4.12172677e-04 -2.75287247e-04 -7.53183963e-05 -2.17139713e-04
     -1.78298462e-04]]

   [[-1.69012664e-03  1.02006614e-03  1.73234361e-03  1.06242856e-03
      4.29825737e-04]
    [ 1.06457152e-03  2.90566056e-03  1.47692655e-03  1.34439678e-03
      1.14763858e-03]
    [ 2.62948015e-03  3.55916409e-03  1.11578222e-03  1.85688146e-03
      1.01646913e-03]
    [ 2.90959150e-03  3.78735317e-03  1.47153768e-03  1.87641541e-03
     -2.10507495e-04]
    [ 2.69780775e-03  4.02926558e-03  2.38838499e-03  1.39078837e-03
     -9.12537316e-04]]

   [[ 1.97357800e-03  9.99712985e-04  8.20308672e-04  2.99877372e-04
     -1.12298637e-03]
    [ 1.07401408e-03  6.97998975e-04  4.39168543e-04 -1.05436126e-03
     -2.47415126e-03]
    [ 3.80452440e-04  3.09683650e-04 -8.24144110e-04 -2.22567637e-03
     -1.81366908e-03]
    [ 7.51595791e-04 -7.69208557e-05 -1.43207469e-03 -1.49076074e-03
     -4.91665068e-04]
    [ 4.62011426e-04 -5.48929815e-04 -9.40458980e-04 -6.29034942e-04
     -2.57884205e-04]]

   [[-3.13246272e-06  1.10792049e-04  3.70972351e-04  3.47466339e-04
      7.59990221e-05]
    [ 2.69625222e-05  4.65463084e-04  5.01239868e-04  1.58765315e-04
      9.76523309e-05]
    [-1.73187655e-04  2.06625987e-04  2.32169552e-04 -1.89408120e-04
     -1.97827283e-04]
    [-2.01901489e-04 -2.39854908e-05  2.79636385e-05 -3.59842472e-04
     -4.22510170e-04]
    [-1.21023769e-03 -4.92755996e-04  1.31449977e-04  2.38890661e-04
      1.22324493e-04]]]


  [[[ 1.65019768e-04 -7.04683417e-05  1.28000233e-05 -6.22366594e-05
     -1.20071394e-04]
    [ 7.66362738e-05  3.83115614e-05  2.80111590e-04  3.01172212e-04
      4.98017908e-04]
    [-2.32030235e-04  2.34389251e-04  3.85277578e-04  4.73230012e-04
      6.58569890e-04]
    [-5.31001292e-04  3.54697670e-04  2.99076988e-04  4.15099399e-04
      4.49176933e-04]
    [-3.19967162e-04  3.45929436e-04  1.92934258e-04  3.36750271e-04
      4.32408579e-04]]

   [[-5.29259691e-03 -2.46509348e-03 -1.27185451e-04 -1.47369138e-04
     -2.56783030e-04]
    [-3.21097919e-03 -1.54583166e-03  1.58835741e-04  4.22232680e-04
      1.38745896e-03]
    [-2.59826437e-03 -1.10027078e-03  6.44607790e-04  7.77238462e-04
      2.33920546e-03]
    [-2.72874428e-03 -6.11811307e-04  8.75898423e-04  6.89942121e-04
      1.72477902e-03]
    [-2.06970041e-03 -5.49782249e-04  5.90879695e-04  6.55656814e-04
      1.69554269e-03]]

   [[ 8.26385697e-05  1.09630380e-04 -1.91918997e-04 -4.75129056e-04
     -2.02602983e-04]
    [-8.53189689e-05 -8.33499198e-05 -2.24542051e-04 -7.61345129e-04
     -6.12558117e-04]
    [-1.46575960e-04 -2.69125772e-04 -1.04894175e-04 -2.07562319e-04
     -2.70622411e-04]
    [-1.11393122e-05 -1.31650542e-04 -6.25532455e-05  1.54087894e-04
      1.84769785e-04]
    [-2.79010603e-04  2.43269803e-05 -3.55835939e-05 -1.41413929e-05
     -2.44716840e-04]]

   [[-2.27397837e-03 -1.05526732e-03 -7.37365053e-05 -3.00928880e-06
     -2.27433000e-04]
    [-1.72513630e-03 -6.50496837e-07  5.58048029e-05 -4.37644425e-04
     -5.69535432e-04]
    [-1.85267563e-03 -1.72605656e-04  1.34970722e-04 -3.75304713e-04
      2.28101879e-04]
    [-1.69797415e-03 -6.11410959e-05  4.74856507e-04  3.66667656e-04
      1.33784601e-03]
    [-1.42884032e-03  3.82168608e-04  4.87243122e-04  4.67643998e-04
      1.22770097e-03]]

   [[ 1.23623499e-04  1.48958759e-04  3.60495281e-04  3.15828090e-04
      5.21826420e-04]
    [ 2.95317286e-04  5.46670957e-04  7.33784920e-04  8.94252313e-04
      1.12238114e-03]
    [ 3.37305642e-04  6.79377819e-04  8.38360506e-04  1.08242451e-03
      7.73077002e-04]
    [ 4.20209428e-04  4.76704530e-04  5.82327941e-04  6.25605437e-04
      4.25540829e-05]
    [ 3.24949117e-04  2.09788564e-04  2.00763395e-04  2.58561531e-04
     -4.84970618e-05]]

   [[-9.16166659e-06 -1.44109750e-04 -4.24941731e-04 -6.67215801e-04
     -6.70819425e-04]
    [-4.19222506e-04 -3.31777459e-04 -2.11077473e-04 -7.98867943e-04
     -1.21721376e-03]
    [-1.61039186e-04 -3.84830983e-04 -2.44660997e-04 -1.46771542e-04
     -2.38189752e-04]
    [ 2.72752796e-04 -1.15735477e-04 -1.71855418e-04  1.34162905e-04
      3.96476024e-04]
    [-1.53763357e-03 -4.38770584e-04  1.88433521e-07 -1.35243395e-05
     -2.53789608e-04]]]


  [[[-5.05364801e-04 -1.10774609e-03 -1.04796945e-03 -2.08112812e-04
     -5.70032406e-04]
    [-6.88519433e-04 -9.63983057e-04 -1.18680228e-03 -6.15109627e-04
     -4.55841197e-04]
    [-5.03744488e-04 -7.30581680e-04 -9.39773520e-04 -6.31555101e-04
     -4.97388516e-04]
    [-2.25501441e-04 -5.91457387e-04 -7.39410769e-04 -5.11457499e-04
     -3.17246315e-04]
    [ 1.12295487e-04 -2.30650575e-05 -5.85442234e-04 -5.35396743e-04
     -1.07796855e-04]]

   [[-5.21363205e-04 -5.08320596e-03 -7.99207918e-03 -5.64359379e-03
     -5.19019562e-03]
    [-3.78695945e-03 -7.05318220e-03 -7.60290601e-03 -7.07330590e-03
     -8.63522102e-03]
    [-6.42961189e-03 -7.83619755e-03 -6.62584762e-03 -6.93921347e-03
     -6.52528850e-03]
    [-6.36218150e-03 -7.38969198e-03 -6.06121820e-03 -5.94341998e-03
     -4.12986936e-03]
    [-5.93755926e-03 -7.52263651e-03 -6.37458566e-03 -6.46102050e-03
     -5.81859250e-03]]

   [[ 7.17717800e-04  7.36541420e-04  5.34060855e-04  5.13745680e-05
     -1.26635442e-05]
    [ 6.50026423e-04  8.06874287e-04  8.89696354e-04  3.32424265e-04
     -1.77946320e-05]
    [ 9.59708306e-05  6.45247676e-05  6.78438755e-04  7.94983636e-04
      3.59540549e-04]
    [-3.55459762e-06 -1.76737779e-04  6.60579399e-04  1.35355950e-03
      1.02342890e-03]
    [-4.71784099e-05 -3.35741236e-04  1.95260460e-04  1.12024381e-03
      1.17261684e-03]]

   [[ 1.66928305e-03 -2.02086304e-03 -3.12910092e-03 -6.43125907e-04
     -2.95298656e-04]
    [-8.44574406e-05 -3.42247022e-03 -3.25609685e-03 -2.16153296e-03
     -3.52694359e-03]
    [-1.36272975e-03 -4.17811629e-03 -2.96145571e-03 -3.70213920e-03
     -5.41339942e-03]
    [-2.47735593e-03 -2.63908210e-03 -2.01534004e-03 -3.82231109e-03
     -3.58072961e-03]
    [-2.24969187e-03 -1.69726506e-03 -1.76300683e-03 -2.76797745e-03
     -1.90114808e-03]]

   [[-1.96806295e-03 -2.15457493e-03 -2.05714512e-03 -2.66124378e-03
     -1.87845734e-03]
    [-2.08342701e-03 -2.29221842e-03 -2.59915109e-03 -2.60609313e-03
     -1.15957992e-03]
    [-1.69898127e-03 -2.03318889e-03 -1.38767045e-03 -6.74958008e-04
     -5.79060513e-05]
    [-1.54299346e-03 -1.17659130e-03 -4.67454072e-04 -3.40504407e-04
     -1.36484659e-04]
    [-6.01041803e-04 -1.92064904e-04 -2.27430491e-04 -1.34797868e-04
      1.42844865e-04]]

   [[ 6.99319580e-04  7.19140122e-04 -1.37071736e-05 -9.78803395e-04
     -6.95918302e-04]
    [ 5.46403910e-04 -9.27738881e-05 -7.81375892e-04 -1.19744166e-03
     -1.23812174e-03]
    [-3.54201355e-04 -1.91281908e-03 -2.27474590e-03 -1.01940346e-03
     -3.88934947e-04]
    [-7.42280523e-04 -1.98642282e-03 -1.29981954e-03  8.90566140e-04
      1.89360936e-03]
    [-2.53309444e-04 -1.40947004e-03 -1.09231489e-03  4.94720759e-04
      1.65271779e-03]]]]



 [[[[ 1.60703729e-03  1.84732725e-03  2.37361276e-03  2.65001794e-03
      2.82366762e-03]
    [ 3.72398134e-03  3.48323924e-03  3.24535645e-03  4.07536545e-03
      2.27951908e-03]
    [ 4.98659540e-03  4.01725210e-03  4.65293537e-03  3.20549165e-03
      1.51603403e-03]
    [ 4.17386577e-03  5.16657881e-03  3.66424849e-03  2.54410813e-03
      1.57432104e-03]
    [ 2.96023123e-03  2.89281489e-03  2.64230779e-03  3.37286920e-03
      1.39417077e-03]]

   [[ 6.76962193e-02  1.02341731e-01  9.24588537e-02  6.54884491e-02
      6.46831714e-02]
    [ 9.73377491e-02  1.57556810e-01  1.40402745e-01  1.08362502e-01
      1.09838912e-01]
    [ 1.21956883e-01  1.60393385e-01  1.42208619e-01  1.24272575e-01
      8.75011136e-02]
    [ 1.25231723e-01  1.64019098e-01  1.55213401e-01  1.04094927e-01
      7.06355382e-02]
    [ 9.90213020e-02  1.44119045e-01  1.39769437e-01  9.93338589e-02
      7.05354617e-02]]

   [[ 1.30679977e-03  1.29082865e-03  1.23295646e-03  1.08103831e-03
      7.74319121e-04]
    [ 1.43721413e-03  1.29949357e-03  1.46580862e-03  1.35212602e-03
      7.06611223e-04]
    [ 1.69538589e-03  9.70854002e-04  9.73647143e-04  9.96967825e-04
      4.08648136e-04]
    [ 9.21160118e-04  6.36741201e-04  9.53123887e-04  1.53283230e-03
      1.17887560e-03]
    [ 4.16373287e-03  4.45143691e-03  4.81387365e-03  5.13153848e-03
      3.84578198e-03]]

   [[ 1.59250245e-02  2.23420025e-02  2.39996383e-02  2.67683789e-02
      2.47439798e-02]
    [ 1.69706152e-02  2.90969712e-02  3.10975233e-02  2.52298612e-02
      2.31498237e-02]
    [ 2.73588702e-02  4.03301154e-02  3.36987354e-02  3.52665022e-02
      2.90204996e-02]
    [ 3.62241989e-02  4.37650026e-02  4.26251597e-02  4.18202794e-02
      3.14649073e-02]
    [ 4.69815221e-02  6.12063947e-02  4.82535100e-02  3.85209148e-02
      4.16630248e-02]]

   [[ 6.98324020e-03  7.38206122e-03  4.27871984e-03  6.06502397e-03
      6.81761482e-03]
    [ 1.23049370e-02  1.02141253e-02  8.06455531e-03  7.10289703e-03
      4.97708441e-03]
    [ 1.10143533e-02  9.50791134e-03  7.35657890e-03  5.50088593e-03
      4.59670735e-03]
    [ 8.48044027e-03  6.13933096e-03  3.24933968e-03  2.51473761e-03
      1.99653145e-03]
    [ 4.57066161e-03  5.30654524e-03  4.40309411e-03  2.54728903e-03
      1.73318437e-03]]

   [[ 1.09229508e-02  1.38018837e-02  1.36653204e-02  1.19350233e-02
      1.18690427e-02]
    [ 1.06929209e-02  8.50702200e-03  9.33062193e-03  8.76180100e-03
      6.38207458e-03]
    [ 1.10753209e-02  1.04533000e-02  1.24145177e-02  1.22607426e-02
      1.03115047e-02]
    [ 1.00507610e-02  6.81378264e-03  1.14712215e-02  1.82689412e-02
      1.99556536e-02]
    [ 3.32375695e-02  4.18409280e-02  5.30169931e-02  5.08657154e-02
      4.06503615e-02]]]


  [[[ 2.17637907e-03  2.89832422e-03  2.76795692e-03  7.81513216e-04
      1.57641126e-03]
    [ 3.18610680e-03  2.33675762e-03  1.47923939e-03  6.99064792e-04
      1.63727771e-03]
    [ 2.29610490e-03  7.87894678e-04  9.51920004e-04  1.08743543e-03
      1.36892517e-03]
    [ 1.21390327e-03  1.04163227e-03  1.04330479e-03  1.73812642e-03
      1.28556307e-03]
    [ 1.31924112e-03  1.48279033e-03  1.42507757e-03  2.41264733e-03
      6.45296739e-04]]

   [[ 4.95180093e-02  6.46348367e-02  5.37607723e-02  8.83869538e-02
      9.15061072e-02]
    [ 7.35612314e-02  8.79105387e-02  4.37783615e-02  3.99884563e-02
      4.97020957e-02]
    [ 9.64279067e-02  8.54565999e-02  5.06318614e-02  5.55505992e-02
      7.54900677e-02]
    [ 9.44094199e-02  9.38370380e-02  8.89302481e-02  9.69893840e-02
      9.82052272e-02]
    [ 9.81552698e-02  1.21364166e-01  1.19318827e-01  1.08698292e-01
      1.10856685e-01]]

   [[ 5.48614080e-04  9.64666825e-04  1.18093694e-03  5.98355017e-04
      4.81936627e-04]
    [ 1.23606881e-03  2.54927185e-03  3.26747622e-03  1.15474486e-03
      7.36402203e-04]
    [ 1.40949581e-03  2.91899779e-03  4.08054462e-03  1.36492754e-03
      7.93269615e-04]
    [ 6.08661431e-04  7.37669178e-04  9.82096434e-04  5.28412374e-04
      5.24456586e-04]
    [ 1.52795128e-03  1.91010315e-03  2.46827502e-03  1.81521895e-03
      6.65025348e-04]]

   [[ 8.53194252e-03  1.54708754e-02  1.50487390e-02  2.39247008e-02
      1.63901889e-02]
    [ 1.83579851e-02  3.50285860e-02  3.09067653e-02  3.00265444e-02
      1.66056258e-02]
    [ 3.39737116e-02  3.44922733e-02  2.08628045e-02  1.30200124e-02
      2.46218150e-02]
    [ 2.47766885e-02  1.44872720e-02  7.84095115e-03  1.87095902e-02
      3.43511440e-02]
    [ 1.53514499e-02  1.17247363e-02  1.55955461e-02  2.19611489e-02
      3.32398980e-02]]

   [[ 5.52251433e-03  7.27904418e-03  6.89835472e-03  3.97217019e-03
      3.39065451e-03]
    [ 4.82523133e-03  4.21912553e-03  3.81728779e-03  3.13311106e-03
      2.91759103e-03]
    [ 3.23666310e-03  3.94447231e-03  4.10905571e-03  3.42524923e-03
      2.97578116e-03]
    [ 5.04238788e-03  5.52824286e-03  4.06469474e-03  3.10134774e-03
      4.02928738e-03]
    [ 5.43854306e-03  5.31678518e-03  5.94731698e-03  4.24627556e-03
      1.62994878e-03]]

   [[ 5.78391915e-03  9.63094791e-03  1.30328019e-02  1.55458625e-02
      1.48889160e-02]
    [ 8.05657735e-03  1.62348627e-02  3.10462743e-02  3.26135594e-02
      1.99968078e-02]
    [ 6.78235454e-03  1.47231063e-02  2.67726796e-02  2.24798430e-02
      1.05342473e-02]
    [ 6.56207414e-03  8.95477934e-03  7.69632765e-03  8.18765550e-03
      8.79275321e-03]
    [ 1.27057211e-02  1.67434107e-02  1.92000991e-02  2.18937958e-02
      1.81423710e-02]]]


  [[[ 1.94927162e-03  1.87931204e-03  1.59310950e-03  1.21491506e-03
      1.77069078e-03]
    [ 2.65575430e-03  9.24261258e-04  2.03896882e-03  2.40479625e-03
      3.18489151e-03]
    [ 1.62990184e-03  5.53960070e-04  2.85495707e-03  4.05544988e-03
      4.11876720e-03]
    [ 5.53572910e-04  1.28584991e-03  2.33750939e-03  4.22269246e-03
      2.19794946e-03]
    [ 6.73957351e-04  1.43893570e-03  2.34065982e-03  3.31376949e-03
      9.82807631e-04]]

   [[ 6.24794071e-02  5.33365860e-02  3.20258638e-02  4.63184069e-02
      5.53182656e-02]
    [ 5.00671990e-02  3.65926563e-02  1.35765516e-02  4.57196223e-02
      5.78874280e-02]
    [ 6.82737774e-02  4.24140554e-02  2.94118956e-02  4.87504316e-02
      5.03038274e-02]
    [ 6.05561540e-02  4.25493673e-02  4.68109124e-02  3.97834734e-02
      4.77590348e-02]
    [ 3.30805691e-02  2.94027188e-02  3.84741915e-02  3.99228481e-02
      5.91627676e-02]]

   [[ 9.92310009e-04  1.29634522e-03  1.31909481e-03  1.08298754e-03
      9.09255599e-04]
    [ 9.17854987e-04  1.12626342e-03  1.08360500e-03  1.39069639e-03
      1.43180531e-03]
    [ 5.41236290e-04  7.07506593e-04  9.04961278e-04  7.21772951e-04
      8.18867772e-04]
    [ 3.76721583e-04  1.83264693e-04  4.96623296e-04  5.95006856e-04
      6.68826791e-04]
    [ 1.27338169e-03  1.47682292e-03  1.85821997e-03  1.53526534e-03
      1.03439935e-03]]

   [[ 5.14532414e-02  3.72296544e-02  1.40781029e-02  1.23129926e-02
      8.40395821e-03]
    [ 3.93527946e-02  3.35020637e-02  1.21166136e-02  1.42452069e-02
      2.29414890e-02]
    [ 3.27258073e-02  2.26394461e-02  1.33179491e-02  2.80111088e-02
      3.41415040e-02]
    [ 3.01414763e-02  1.13043265e-02  2.02709671e-02  2.11675420e-02
      2.21853833e-02]
    [ 1.93454459e-02  1.38816093e-02  1.89270879e-02  1.30263720e-02
      1.31227438e-02]]

   [[ 2.40448916e-03  1.78369051e-03  3.12352967e-03  3.46984906e-03
      4.38265814e-03]
    [ 1.42812441e-03  2.92586962e-03  5.15907183e-03  6.21381798e-03
      6.44028675e-03]
    [ 3.20710968e-03  6.11067505e-03  6.02013414e-03  8.60255867e-03
      3.99355582e-03]
    [ 4.33853304e-03  3.04793212e-03  4.50334894e-03  4.29340102e-03
      1.03650434e-03]
    [ 2.41241086e-03  2.65765874e-03  4.08168053e-03  1.68755715e-03
      6.91334748e-04]]

   [[ 8.57856864e-03  1.20797308e-02  1.17659762e-02  1.18575340e-02
      1.01908621e-02]
    [ 6.37589513e-03  1.08105816e-02  1.34454147e-02  1.16891555e-02
      1.10190834e-02]
    [ 6.80205069e-03  7.39493189e-03  6.61617701e-03  7.19782096e-03
      1.33506821e-02]
    [ 7.80657019e-03  5.96550482e-03  6.66282919e-03  1.00966744e-02
      1.34220154e-02]
    [ 1.40283525e-02  1.76097254e-02  1.85084611e-02  1.62575508e-02
      1.29945595e-02]]]


  [[[ 1.15354774e-03  2.70253637e-03  2.34180394e-03  2.07940693e-03
      2.09261207e-03]
    [ 2.95880181e-03  4.36749416e-03  1.82507391e-03  2.36021048e-03
      1.87580820e-03]
    [ 3.83698690e-03  2.20641066e-03  1.84937754e-03  2.57589588e-03
      1.62770922e-03]
    [ 2.12942224e-03  1.22029970e-03  1.80214335e-03  1.76192234e-03
      1.48198868e-03]
    [ 1.36838922e-03  1.43777772e-03  1.69233704e-03  1.03536161e-03
      1.82922216e-03]]

   [[ 3.73306542e-02  4.49716755e-02  7.46430282e-02  8.54612917e-02
      9.67661831e-02]
    [ 4.02094334e-02  1.01477849e-01  1.40820889e-01  1.12880226e-01
      8.33853866e-02]
    [ 7.88799815e-02  1.18551344e-01  1.33392907e-01  1.16536732e-01
      9.80426856e-02]
    [ 4.78533883e-02  6.63625698e-02  9.64447879e-02  1.03827614e-01
      9.58745227e-02]
    [ 4.29962822e-02  6.00714658e-02  7.28725443e-02  8.02252187e-02
      8.57104187e-02]]

   [[ 1.44568301e-03  1.16031186e-03  1.16382173e-03  4.32994724e-04
      3.80014620e-04]
    [ 2.38596385e-03  1.41202375e-03  1.16114877e-03  4.72338591e-04
      3.55440000e-04]
    [ 2.39787100e-03  1.27553010e-03  1.08198264e-03  4.36602628e-04
      2.60355447e-04]
    [ 4.64285753e-03  3.44469107e-03  1.99542222e-03  1.03358599e-03
      6.34350344e-04]
    [ 5.12128378e-03  3.94502533e-03  2.28031235e-03  2.62697921e-03
      1.93800920e-03]]

   [[ 7.60962660e-03  5.39818607e-03  8.13109645e-03  9.60129672e-03
      2.10788677e-02]
    [ 7.99081893e-03  8.90884865e-03  1.60393106e-02  2.12911303e-02
      2.78692261e-02]
    [ 1.44273391e-02  2.03385248e-02  1.79540140e-02  2.28396654e-02
      2.11975905e-02]
    [ 1.58621807e-02  1.62132017e-02  2.23638384e-02  2.97882269e-02
      2.63554039e-02]
    [ 1.02733465e-02  2.61418750e-02  3.43476325e-02  3.41130813e-02
      2.57113590e-02]]

   [[ 1.14211268e-02  1.55466328e-02  1.17098528e-02  7.04989366e-03
      2.93969601e-03]
    [ 1.42251163e-02  9.96426133e-03  6.40529136e-03  3.72107716e-03
      2.24674665e-03]
    [ 5.13924033e-03  4.58443639e-03  4.76888593e-03  3.17279359e-03
      1.70401269e-03]
    [ 4.65907029e-03  4.41046884e-03  2.71766823e-03  1.87306985e-03
      2.08780910e-03]
    [ 3.30161648e-03  3.47676387e-03  2.51796150e-03  2.19500952e-03
      1.56501342e-03]]

   [[ 1.30127547e-02  1.49126874e-02  1.17854642e-02  6.43793721e-03
      5.79594180e-03]
    [ 1.44998748e-02  1.40236999e-02  1.19525344e-02  9.64704042e-03
      1.02416582e-02]
    [ 1.48891509e-02  1.93332056e-02  1.75385001e-02  1.23942563e-02
      1.33116969e-02]
    [ 2.23174084e-02  2.73701792e-02  2.87814428e-02  2.81654471e-02
      2.35023935e-02]
    [ 2.45451440e-02  3.14399008e-02  3.71749464e-02  3.55536100e-02
      2.60319384e-02]]]


  [[[ 1.52679825e-03  7.09095304e-04  7.24871825e-04  1.70489323e-03
      3.62545782e-03]
    [ 1.38291518e-03  4.58368858e-04  9.54314583e-04  2.45186313e-03
      3.43104111e-03]
    [ 1.59740176e-03  9.29525879e-04  7.82514492e-04  2.25769330e-03
      2.46117933e-03]
    [ 2.25873894e-03  1.68842049e-03  7.71464382e-04  2.26415270e-03
      1.97698351e-03]
    [ 8.10282794e-04  9.44672701e-04  1.50504116e-03  2.86235322e-03
      1.37371530e-03]]

   [[ 4.02788174e-02  3.97289238e-02  1.10228033e-02  1.69045974e-02
      6.49485314e-02]
    [ 6.01768093e-02  5.13408199e-02  9.00792425e-03  1.74691766e-02
      5.78415735e-02]
    [ 8.85518811e-02  8.81404826e-02  3.18546877e-02  3.13672192e-02
      6.69847231e-02]
    [ 1.00309520e-01  1.22840935e-01  9.60674299e-02  8.60852086e-02
      1.23286498e-01]
    [ 7.75291964e-02  7.79631412e-02  7.05712004e-02  8.37778497e-02
      1.19993275e-01]]

   [[ 3.30656006e-03  1.86056622e-03  1.50407330e-03  7.00608649e-04
      1.55667479e-04]
    [ 3.70408033e-04  5.07298555e-04  1.01763011e-03  1.01014581e-03
      5.10891352e-04]
    [ 6.30702479e-05  2.86140157e-04  1.64714176e-03  3.28563148e-03
      2.14405789e-03]
    [ 7.19455331e-04  3.87277497e-04  1.43383106e-03  3.12954722e-03
      5.60875562e-03]
    [ 4.31285439e-03  4.09131937e-03  3.25268634e-03  2.94507979e-03
      1.52663469e-03]]

   [[ 1.73680465e-02  1.81359027e-02  4.09506655e-03  4.66872073e-03
      9.23526525e-03]
    [ 1.28301043e-02  1.39154105e-02  1.98151938e-03  5.39711234e-03
      1.93569761e-02]
    [ 1.65125203e-02  1.55684507e-02  2.27195930e-03  9.26321479e-03
      2.31522153e-02]
    [ 2.33555039e-02  1.72768641e-02  2.49880961e-03  1.04471948e-02
      1.67545963e-02]
    [ 2.68701589e-02  1.82686407e-02  6.65140467e-03  1.34430669e-02
      2.49390868e-02]]

   [[ 1.39681239e-03  8.84132268e-04  3.98378583e-03  7.04400528e-03
      6.10165949e-03]
    [ 1.19941983e-03  1.03656653e-03  3.45212870e-03  4.89882188e-03
      3.11231705e-03]
    [ 4.46129079e-03  3.13602322e-03  3.44561897e-03  3.62609679e-03
      1.30486152e-03]
    [ 3.60379568e-03  3.28828086e-03  3.64882936e-03  2.50260139e-03
      1.04497505e-03]
    [ 2.87657922e-03  4.39908182e-03  4.67571501e-03  2.57740138e-03
      8.25443471e-04]]

   [[ 1.77853416e-02  2.16914486e-02  1.67374137e-02  8.28627986e-03
      3.42131387e-03]
    [ 1.64740919e-03  2.52168552e-03  3.77947417e-03  4.36466797e-03
      5.40677938e-03]
    [ 8.48995142e-04  1.13152085e-03  4.24334492e-03  1.19120890e-02
      1.63753069e-02]
    [ 8.15619373e-03  5.63542514e-03  5.26932690e-03  1.22990260e-02
      2.49611294e-02]
    [ 1.74641798e-02  2.55808211e-02  2.71308195e-02  2.57416052e-02
      2.71611603e-02]]]


  [[[ 5.28680195e-04  6.06064996e-04  5.00419740e-04  2.54032825e-04
      7.37330143e-04]
    [ 5.26312031e-04  6.24257902e-04  6.43600970e-04  1.00788881e-03
      1.65350979e-03]
    [ 5.42681383e-04  3.96074376e-04  1.09554432e-03  2.68895859e-03
      1.96596393e-03]
    [ 4.21877316e-04  2.73793541e-04  1.72570913e-03  3.18811480e-03
      9.18043256e-04]
    [ 2.91991965e-04  3.99283392e-04  1.21699009e-03  1.15298834e-03
      4.56597249e-04]]

   [[ 4.85998381e-02  4.39137360e-02  3.09712669e-02  1.31739061e-02
      7.01242817e-03]
    [ 5.79292075e-02  6.43905802e-02  4.11701037e-02  1.35517201e-02
      1.63982190e-02]
    [ 6.06400461e-02  5.96214800e-02  3.61949443e-02  2.13535430e-02
      2.97676438e-02]
    [ 3.55488420e-02  3.59270747e-02  2.26124190e-02  2.46321258e-02
      2.75212679e-02]
    [ 3.17546387e-02  3.91974791e-02  2.49554442e-02  2.59047962e-02
      2.10897141e-02]]

   [[ 1.33682799e-04  2.68551713e-04  3.08539208e-04  2.94788542e-04
      3.00095445e-04]
    [ 1.23944129e-04  1.40390145e-04  1.41341539e-04  1.04429215e-04
      7.84251369e-05]
    [ 1.76299451e-04  9.62856036e-05  5.66687396e-05  2.66194502e-05
      2.43540827e-05]
    [ 4.07196194e-04  1.61325589e-04  1.79263864e-04  1.51422508e-04
      5.85576049e-05]
    [ 3.69126186e-04  3.71039512e-04  5.81460667e-04  5.38877943e-04
      3.91751558e-04]]

   [[ 1.65572440e-02  1.30899189e-02  1.07399262e-02  7.24710091e-03
      2.03174670e-03]
    [ 1.27688113e-02  1.58473835e-02  1.39311904e-02  3.61356017e-03
      3.69177435e-03]
    [ 1.38178207e-02  2.12900963e-02  9.36315944e-03  3.91372056e-03
      1.11798062e-02]
    [ 1.65620619e-02  1.72859693e-02  5.48026995e-03  9.34289938e-03
      1.69761890e-02]
    [ 1.17513705e-02  1.09383815e-02  5.72118322e-03  1.16657944e-02
      1.00015481e-02]]

   [[ 2.85332718e-03  1.65066296e-03  7.62778432e-04  1.45042989e-03
      2.80900240e-03]
    [ 2.68952945e-03  1.65276249e-03  2.14372271e-03  4.41081007e-03
      4.98856845e-03]
    [ 1.78767996e-03  1.49825457e-03  3.69188122e-03  5.45953700e-03
      2.62266944e-03]
    [ 7.78916261e-04  1.09582061e-03  2.99264290e-03  2.35613724e-03
      1.02188271e-03]
    [ 5.18475549e-04  1.29781909e-03  1.70127490e-03  8.26169005e-04
      5.80315655e-04]]

   [[ 2.88003882e-03  4.12154561e-03  4.06942994e-03  3.76866158e-03
      3.42126443e-03]
    [ 4.56437224e-03  3.53204997e-03  2.81487800e-03  2.36478185e-03
      1.02123936e-03]
    [ 6.59230966e-03  4.77698937e-03  3.08343841e-03  1.44964446e-03
      8.85304816e-04]
    [ 8.19764346e-03  4.98294040e-03  3.22997397e-03  2.77165159e-03
      3.44938748e-03]
    [ 7.43313512e-03  3.98863383e-03  3.82653494e-03  5.33130032e-03
      6.31469322e-03]]]


  [[[ 3.74513058e-03  3.01795182e-03  1.68793975e-03  8.02840012e-04
      4.22542037e-04]
    [ 3.24076032e-03  2.29830222e-03  1.97680816e-03  9.33237973e-04
      6.46827730e-04]
    [ 2.48806103e-03  1.65235030e-03  8.96858131e-04  2.93137280e-04
      1.48879085e-03]
    [ 1.35648493e-03  1.29247744e-03  3.61423786e-04  1.55418476e-04
      1.69212932e-03]
    [ 1.67535890e-03  9.31277994e-04  2.72922173e-04  2.28235148e-04
      1.70571460e-03]]

   [[ 6.92533936e-02  9.92329884e-02  1.01787081e-01  6.33446353e-02
      3.39346892e-02]
    [ 1.08246119e-01  1.50096964e-01  1.26273037e-01  9.68423367e-02
      7.09627000e-02]
    [ 1.18877582e-01  1.12568575e-01  6.78419291e-02  4.01172123e-02
      3.99428191e-02]
    [ 9.35053570e-02  7.21845671e-02  4.13266400e-02  3.28199728e-02
      2.90456898e-02]
    [ 1.15741932e-01  1.25229291e-01  8.61043206e-02  5.22937177e-02
      3.20827730e-02]]

   [[ 6.47883108e-04  3.66827325e-04  2.70960782e-04  8.73485406e-05
      8.68198291e-05]
    [ 7.96397973e-04  7.88607467e-04  8.28215818e-04  4.81321546e-04
      2.10716582e-04]
    [ 2.09287550e-03  2.41135884e-03  2.10932838e-03  1.47465187e-03
      8.60659294e-04]
    [ 3.43902071e-03  4.22405531e-03  4.61083408e-03  3.84030306e-03
      1.89054419e-03]
    [ 1.50330936e-03  1.01524436e-03  6.64040362e-04  9.14801267e-04
      6.03816606e-04]]

   [[ 1.34433091e-02  2.19486843e-02  3.19925779e-02  1.91394949e-02
      6.42250397e-03]
    [ 2.82757794e-02  4.02183993e-02  3.22741654e-02  1.80743132e-02
      7.28746210e-03]
    [ 5.02972643e-02  5.97249640e-02  4.06490723e-02  2.12624445e-02
      1.63578800e-02]
    [ 5.61890813e-02  4.36976800e-02  2.30464257e-02  1.43643380e-02
      1.51424401e-02]
    [ 3.63781287e-02  1.38546687e-02  9.95299282e-03  1.21037543e-02
      1.12619987e-02]]

   [[ 1.52346935e-02  5.63873442e-03  2.41760242e-03  9.77497688e-04
      1.27059777e-03]
    [ 7.26283256e-03  3.19417763e-03  1.48449868e-03  7.91441171e-04
      3.24926393e-03]
    [ 3.34577933e-03  1.95312810e-03  1.20664087e-03  2.30016613e-03
      4.40647411e-03]
    [ 3.32854769e-03  2.35189840e-03  1.92674642e-03  1.85426337e-03
      2.42728404e-03]
    [ 2.14416251e-03  1.14474018e-03  1.07254878e-03  1.26692080e-03
      1.02930728e-03]]

   [[ 5.70931988e-03  5.01989482e-03  7.61397424e-03  6.87332920e-03
      3.44191340e-03]
    [ 1.07906598e-02  1.57829402e-02  1.77089933e-02  1.22580792e-02
      6.43367807e-03]
    [ 2.67265593e-02  4.23983191e-02  4.74558460e-02  3.57027157e-02
      2.13627624e-02]
    [ 4.15682893e-02  4.57147003e-02  4.30040750e-02  3.59818392e-02
      2.46831636e-02]
    [ 1.56393944e-02  8.81851759e-03  5.40804043e-03  7.42790738e-03
      7.64952471e-03]]]


  [[[ 4.75097900e-03  2.99930819e-03  3.37805844e-03  4.52646334e-03
      3.03850901e-03]
    [ 1.80068547e-03  1.00453124e-03  6.33147281e-03  7.81924489e-03
      2.18527120e-03]
    [ 7.89865640e-04  1.46707732e-03  5.69597033e-03  5.87314886e-03
      1.69346043e-03]
    [ 5.70826646e-04  1.97272989e-03  4.52876392e-03  3.54988065e-03
      2.19177675e-03]
    [ 6.42001926e-04  1.66398938e-03  2.61785002e-03  1.21722484e-03
      9.64430125e-04]]

   [[ 1.51018743e-01  1.21810712e-01  9.67422571e-02  1.22754947e-01
      1.31625361e-01]
    [ 1.39767373e-01  7.97714528e-02  5.13832227e-02  1.06711169e-01
      1.60498981e-01]
    [ 4.76008501e-02  2.03023825e-02  3.69245829e-02  1.19440962e-01
      1.43880573e-01]
    [ 2.10579800e-02  1.39199301e-02  4.16216003e-02  1.12199440e-01
      1.15777056e-01]
    [ 3.07087165e-02  2.35780391e-02  4.75857141e-02  7.43760815e-02
      6.09765117e-02]]

   [[ 2.23175643e-03  2.77410665e-03  2.19285033e-03  9.76101794e-04
      3.60978023e-04]
    [ 3.72774876e-03  2.91711417e-03  2.78165698e-03  1.82526687e-03
      4.70081237e-04]
    [ 4.13765843e-03  1.91755859e-03  3.27959466e-03  6.28605813e-03
      4.17585899e-03]
    [ 2.39776664e-03  2.63943629e-03  3.33616444e-03  4.65619840e-03
      7.77251260e-03]
    [ 1.00235867e-03  2.88754173e-03  5.31754712e-03  5.97771212e-03
      5.23372970e-03]]

   [[ 3.45301784e-02  2.30438677e-02  2.21834190e-02  2.48849713e-02
      2.21750957e-02]
    [ 4.53913763e-02  2.95933238e-02  2.15976170e-02  2.94578005e-02
      3.89917459e-02]
    [ 3.80927002e-02  1.35866860e-02  1.15360162e-02  4.07344892e-02
      5.63540716e-02]
    [ 1.04590376e-02  6.79725079e-03  2.06640489e-02  6.22376586e-02
      5.60087759e-02]
    [ 4.90992312e-03  8.71679109e-03  3.61089899e-02  5.69519107e-02
      3.38551227e-02]]

   [[ 3.97063030e-03  2.46180719e-03  1.00717434e-02  1.29675544e-02
      9.09155533e-03]
    [ 1.09903982e-03  3.79177040e-03  1.37390801e-02  1.37165408e-02
      5.14223205e-03]
    [ 1.49487536e-03  4.32865132e-03  7.98709256e-03  4.84506657e-03
      2.07762619e-03]
    [ 1.61719007e-03  3.44535826e-03  3.43086409e-03  2.18678347e-03
      9.85868396e-04]
    [ 2.07905976e-03  2.44716198e-03  1.17098724e-03  7.11179837e-04
      3.67047946e-04]]

   [[ 1.76940051e-02  2.58048828e-02  2.65387187e-02  1.83161317e-02
      1.07109446e-02]
    [ 3.96272246e-02  4.84584223e-02  3.83417462e-02  2.55690020e-02
      1.52613213e-02]
    [ 5.16043016e-02  4.17094855e-02  2.03192358e-02  2.03853786e-02
      2.91580465e-02]
    [ 1.46112588e-02  1.46827417e-02  2.07876814e-02  2.99810767e-02
      4.17532150e-02]
    [ 5.58323265e-03  1.12562044e-02  2.69825490e-02  4.70489457e-02
      5.26587033e-02]]]


  [[[ 3.00086103e-05  2.59999477e-05  2.59842199e-05  3.87163469e-05
      4.11089750e-05]
    [ 4.21298880e-05  3.43873216e-05  1.39428950e-04  1.82439780e-04
      2.45748966e-04]
    [ 4.89828194e-05  5.24237831e-05  3.10007583e-04  2.54229996e-04
      7.02106576e-04]
    [ 3.42288251e-05  3.16536975e-05  2.07975515e-04  1.89144201e-04
      3.03608828e-04]
    [ 1.54331015e-05  1.98485382e-05  8.18204972e-05  6.91187808e-05
      8.94813337e-05]]

   [[ 1.81240649e-03  1.84542883e-03  1.80057393e-03  1.35585290e-03
      1.73268234e-03]
    [ 2.61653339e-03  4.53750197e-03  6.08094378e-03  5.99795731e-03
      5.69692525e-03]
    [ 5.56307540e-03  6.47705387e-03  8.35152687e-03  9.57854305e-03
      9.32234520e-03]
    [ 3.22500247e-03  4.66031222e-03  5.08553820e-03  5.08573757e-03
      4.97460720e-03]
    [ 1.09088509e-03  1.92820812e-03  3.19212171e-03  2.78381884e-03
      2.51846144e-03]]

   [[ 6.13906970e-05  9.31702181e-05  1.16485378e-04  1.90343634e-05
      1.58519169e-05]
    [ 6.17818108e-05  3.02270482e-05  1.27291177e-05  7.08483759e-06
      4.11124230e-06]
    [ 2.46341655e-04  3.10498225e-04  1.96493661e-04  8.79442926e-05
      2.53454575e-05]
    [ 2.84331166e-04  3.61229814e-04  3.42567485e-04  2.71768080e-04
      8.95505994e-05]
    [ 1.84415088e-04  1.84208350e-04  2.18004131e-04  2.71160422e-04
      1.22779040e-04]]

   [[ 3.58582815e-04  3.79432066e-04  7.84212658e-04  3.60886663e-04
      4.13777487e-04]
    [ 1.45144295e-04  2.40518406e-04  2.76374575e-04  1.27406451e-04
      3.96189967e-04]
    [ 3.88259319e-04  3.95177829e-04  3.62194932e-04  4.99963556e-04
      1.39512063e-03]
    [ 6.28563036e-04  5.71153563e-04  8.30506007e-04  1.19044650e-03
      1.90935967e-03]
    [ 4.18024589e-04  4.76892812e-04  7.18869739e-04  1.15171003e-03
      1.43685343e-03]]

   [[ 3.12066352e-04  2.09292438e-04  2.21772831e-04  2.95004981e-04
      3.54922291e-04]
    [ 5.55922235e-04  4.89667613e-04  6.19976812e-04  6.16680457e-04
      1.50267217e-03]
    [ 3.11288682e-04  3.37350719e-04  5.10167387e-04  9.83774531e-04
      1.00083768e-03]
    [ 7.41540838e-05  8.72811579e-05  2.05161251e-04  2.90359063e-04
      1.22340262e-04]
    [ 5.51718928e-05  5.80016814e-05  3.84415987e-05  3.29485215e-05
      1.74181948e-05]]

   [[ 3.12635981e-04  1.99426894e-04  2.76750414e-04  2.06801826e-04
      1.47106623e-04]
    [ 7.88891504e-04  4.07802197e-04  1.50992974e-04  4.08173877e-05
      3.66930936e-05]
    [ 1.35687301e-03  1.72533353e-03  1.60065585e-03  1.08748899e-03
      5.80823562e-04]
    [ 2.17333014e-03  2.22476288e-03  2.50070843e-03  2.53692524e-03
      1.81575215e-03]
    [ 1.25900033e-03  1.18062010e-03  1.43030783e-03  1.77610378e-03
      1.76140341e-03]]]


  [[[ 4.38049404e-03  3.27485153e-03  2.28337796e-03  3.41212119e-03
      2.20042629e-03]
    [ 4.10224555e-03  3.32937954e-03  3.71535988e-03  5.16149330e-03
      1.96987406e-03]
    [ 1.52223434e-03  2.32832614e-03  4.05890143e-03  5.00684350e-03
      2.19450443e-03]
    [ 1.13504258e-03  3.12443537e-03  4.05464954e-03  3.56995729e-03
      1.96515809e-03]
    [ 1.28798592e-03  2.73507869e-03  2.99998653e-03  2.13362377e-03
      1.63593853e-03]]

   [[ 4.10768853e-02  7.78824199e-02  1.11307549e-01  1.73155543e-01
      2.53258318e-01]
    [ 6.25719516e-02  9.85502428e-02  1.48380526e-01  2.02019860e-01
      2.68060270e-01]
    [ 3.00494564e-02  3.92611624e-02  6.80960249e-02  9.78539018e-02
      1.17955794e-01]
    [ 1.20863943e-02  2.87775656e-02  4.57202629e-02  6.50349805e-02
      7.92732691e-02]
    [ 1.88921117e-02  3.59336692e-02  5.49594505e-02  7.92673696e-02
      1.07865758e-01]]

   [[ 9.43781325e-04  2.07082712e-03  2.31726844e-03  1.79303172e-03
      1.86704690e-03]
    [ 1.80113077e-03  1.32101920e-03  1.34516059e-03  1.25499021e-03
      1.37502325e-03]
    [ 7.61246507e-03  9.59253519e-03  8.78000967e-03  7.15048806e-03
      5.65681166e-03]
    [ 5.51748708e-03  8.17174905e-03  1.05461368e-02  1.24086256e-02
      1.16399113e-02]
    [ 1.58338723e-03  2.80121711e-03  4.12119713e-03  4.83664010e-03
      5.44782368e-03]]

   [[ 7.60470021e-03  1.36004339e-02  1.55658288e-02  2.58594440e-02
      4.96668477e-02]
    [ 1.57282064e-02  1.77129542e-02  2.82601120e-02  5.76243796e-02
      7.67251974e-02]
    [ 3.26800584e-02  3.91477501e-02  6.30384604e-02  7.69676423e-02
      7.95755132e-02]
    [ 1.79690430e-02  3.33343287e-02  4.72519315e-02  5.39029437e-02
      5.24978552e-02]
    [ 9.42713806e-03  2.20669379e-02  2.68965080e-02  2.74521480e-02
      2.75550834e-02]]

   [[ 1.28998806e-02  9.82812443e-03  1.06551526e-02  9.74845533e-03
      6.35241197e-03]
    [ 5.98669095e-03  6.68220407e-03  1.06054738e-02  1.00240495e-02
      7.56241911e-03]
    [ 2.80071495e-03  5.65907060e-03  9.08034344e-03  7.17891857e-03
      4.23376280e-03]
    [ 3.08642670e-03  4.27606735e-03  5.69841092e-03  3.95726364e-03
      1.79637020e-03]
    [ 3.50648124e-03  4.19675599e-03  4.51283782e-03  2.69258998e-03
      1.58046158e-03]]

   [[ 7.13672841e-03  1.06776973e-02  1.38267580e-02  1.70439188e-02
      1.75582565e-02]
    [ 1.40501083e-02  2.05412163e-02  2.29241112e-02  2.69428906e-02
      3.16803961e-02]
    [ 4.62216344e-02  8.25726160e-02  9.76321761e-02  9.38746419e-02
      8.49128074e-02]
    [ 3.10571281e-02  4.52320259e-02  5.92809719e-02  7.52136513e-02
      8.47149344e-02]
    [ 7.27511956e-03  1.44988151e-02  2.44402731e-02  3.05486428e-02
      3.45284065e-02]]]


  [[[ 1.07811036e-03  6.06581026e-04  6.88143056e-04  3.21445389e-04
      4.56579134e-04]
    [ 7.89114628e-04  8.21916283e-04  2.94847933e-04  6.15748327e-04
      8.46680045e-04]
    [ 3.15419361e-04  2.87975772e-04  5.55461707e-04  1.28124713e-03
      8.21559420e-04]
    [ 2.06671765e-04  4.34955283e-04  1.20907308e-03  1.22054764e-03
      4.46608888e-04]
    [ 6.40933653e-04  1.28752528e-03  9.27329020e-04  5.81110696e-04
      2.46440162e-04]]

   [[ 8.67390882e-03  1.59704221e-02  1.69837796e-02  1.93610291e-02
      1.71350647e-02]
    [ 9.61228052e-03  1.09574555e-02  8.86478803e-03  8.85892916e-03
      1.64277740e-02]
    [ 6.74119956e-03  5.12057904e-03  3.01770901e-03  6.40568184e-03
      1.66249029e-02]
    [ 4.05937388e-03  2.32951576e-03  3.93857897e-03  8.08529897e-03
      1.20495325e-02]
    [ 2.79188362e-03  3.91775526e-03  6.06933778e-03  5.07651352e-03
      8.14707909e-03]]

   [[ 1.21199578e-04  1.19002772e-04  1.97342696e-04  1.15175596e-04
      3.95147595e-05]
    [ 5.47029214e-04  2.78911858e-04  1.80701809e-04  8.78902471e-05
      2.57288029e-05]
    [ 1.06724613e-03  5.06276260e-04  3.98043082e-04  2.08927916e-04
      8.35495674e-05]
    [ 2.03516529e-04  1.65589530e-04  4.76842126e-04  5.38433318e-04
      3.36244315e-04]
    [ 1.18004415e-04  2.54965929e-04  4.60436097e-04  1.01169626e-03
      8.98581261e-04]]

   [[ 2.12760149e-03  4.52704323e-03  4.91274653e-03  5.84844079e-03
      3.55372956e-03]
    [ 5.48134483e-03  9.47488172e-03  6.15046491e-03  3.18212078e-03
      4.02752990e-03]
    [ 5.58918654e-03  6.36863427e-03  2.30276916e-03  2.89722874e-03
      6.43651894e-03]
    [ 3.30249860e-03  1.97991659e-03  2.07984192e-03  6.44385332e-03
      6.29048611e-03]
    [ 1.53967773e-03  1.90157183e-03  5.05000494e-03  5.90689845e-03
      3.25116973e-03]]

   [[ 1.54335588e-03  1.12482053e-03  6.89133316e-04  1.13885913e-03
      1.58894294e-03]
    [ 6.10317472e-04  5.01842941e-04  1.35191942e-03  2.49134558e-03
      2.27722696e-03]
    [ 2.20745012e-04  4.81318342e-04  1.84149757e-03  2.02186221e-03
      9.86128844e-04]
    [ 3.69350977e-04  9.96331253e-04  1.09836921e-03  5.98309481e-04
      2.44584665e-04]
    [ 1.58265806e-03  1.16615907e-03  4.62992698e-04  3.19404229e-04
      1.19754540e-04]]

   [[ 1.47788140e-03  2.59696084e-03  4.10003870e-03  3.17263039e-03
      1.56578848e-03]
    [ 4.68337936e-03  7.29170439e-03  5.93261135e-03  2.35315366e-03
      1.01058205e-03]
    [ 6.33339054e-03  7.46637190e-03  5.73907693e-03  2.63353691e-03
      1.52405773e-03]
    [ 1.45235391e-03  1.37887559e-03  1.87750802e-03  3.31859199e-03
      4.07047224e-03]
    [ 1.50212931e-03  1.74968802e-03  2.60039825e-03  5.61747431e-03
      7.69123775e-03]]]


  [[[ 3.10769962e-04  1.24687514e-03  2.11281729e-03  1.36300657e-03
      1.30406605e-03]
    [ 1.11785698e-03  2.67687581e-03  1.69325920e-03  1.05893914e-03
      1.52168421e-03]
    [ 2.15397365e-03  2.34732124e-03  1.17617805e-03  1.36106179e-03
      2.40029633e-03]
    [ 1.35695558e-03  7.56891856e-04  1.26627585e-03  1.95635693e-03
      2.75440958e-03]
    [ 1.25594378e-03  1.00020209e-03  8.64998801e-04  1.56700656e-03
      1.95396099e-03]]

   [[ 4.28513201e-02  5.19342082e-02  5.50236361e-02  7.03285993e-02
      8.97010911e-02]
    [ 3.42440286e-02  4.91204952e-02  8.48619581e-02  1.38847656e-01
      1.64846719e-01]
    [ 2.63273101e-02  4.25254692e-02  6.04563817e-02  9.42670649e-02
      1.17159690e-01]
    [ 1.31697849e-02  1.50778595e-02  1.99322309e-02  4.24749336e-02
      6.81756788e-02]
    [ 3.09818057e-02  3.66904934e-02  4.68149807e-02  6.75291333e-02
      9.67119378e-02]]

   [[ 6.81280969e-04  8.81094587e-04  7.40792710e-04  5.78793374e-04
      5.43837457e-04]
    [ 2.25573200e-03  2.19773636e-03  2.01015142e-03  1.22240459e-03
      6.06512916e-04]
    [ 4.79632918e-03  6.89293446e-03  7.36750698e-03  5.79343546e-03
      4.00110688e-03]
    [ 5.30767515e-03  1.11579623e-02  1.64505221e-02  1.68224671e-02
      1.63656626e-02]
    [ 2.15134513e-03  3.42879954e-03  5.76387641e-03  6.86794105e-03
      7.04397553e-03]]

   [[ 8.21397662e-03  1.51048114e-02  1.37083855e-02  1.25079415e-02
      1.23543835e-02]
    [ 1.42965094e-02  1.09814273e-02  1.03578641e-02  1.24027116e-02
      2.19041305e-02]
    [ 9.94443803e-03  1.25349621e-02  2.27117971e-02  2.98467638e-02
      4.32230147e-02]
    [ 1.64368975e-02  3.09706441e-02  3.39608381e-02  4.19134901e-02
      5.96163326e-02]
    [ 8.95129301e-03  1.01106984e-02  1.46570120e-02  2.47537746e-02
      4.95323836e-02]]

   [[ 4.17777009e-03  6.30531560e-03  5.38826873e-03  3.80086087e-03
      3.28615476e-03]
    [ 6.21975848e-03  6.39400273e-03  5.03160204e-03  3.92900666e-03
      3.36905863e-03]
    [ 2.73526651e-03  2.24517101e-03  2.43141222e-03  2.77864942e-03
      1.76624017e-03]
    [ 2.11925626e-03  1.66528217e-03  1.41793247e-03  1.64489827e-03
      6.61598773e-04]
    [ 3.66396672e-03  2.02931412e-03  1.31569035e-03  1.40322890e-03
      6.56715397e-04]]

   [[ 5.78104310e-03  6.61265887e-03  6.87352040e-03  7.28502717e-03
      6.98625401e-03]
    [ 1.95276290e-02  1.69598703e-02  1.52985089e-02  1.29163100e-02
      9.78745464e-03]
    [ 2.19033665e-02  3.64982314e-02  5.41576272e-02  6.23889768e-02
      5.75779744e-02]
    [ 3.26650441e-02  6.44642353e-02  1.01755685e-01  1.16823684e-01
      1.17519883e-01]
    [ 1.53620065e-02  2.15311193e-02  2.87300605e-02  3.21642085e-02
      3.42023492e-02]]]


  [[[ 1.82531015e-03  1.36416599e-03  5.18748380e-04  2.30256110e-04
      1.99877616e-04]
    [ 1.35730327e-03  7.07015183e-04  2.84208261e-04  1.26960564e-04
      3.69466120e-04]
    [ 9.86191537e-04  1.80464442e-04  6.03012532e-05  4.60576602e-05
      3.93804331e-04]
    [ 4.02622393e-04  5.99914114e-05  3.84851754e-05  4.83604458e-05
      6.00608658e-04]
    [ 2.21866524e-04  1.98255051e-04  6.53401419e-05  1.37072477e-04
      8.56808801e-04]]

   [[ 4.77205274e-02  5.79836589e-02  8.15462563e-02  4.46946012e-02
      2.78674037e-02]
    [ 6.06908918e-02  6.58869089e-02  7.85311682e-02  5.93553388e-02
      4.41388681e-02]
    [ 4.63960111e-02  4.94990498e-02  4.23160720e-02  2.80547593e-02
      2.28679238e-02]
    [ 2.61718167e-02  1.56578723e-02  9.16311717e-03  4.79991093e-03
      5.54212806e-03]
    [ 2.38867135e-02  1.75569607e-02  1.61372105e-02  1.36761122e-02
      1.31885185e-02]]

   [[ 6.10038826e-04  2.27167038e-04  2.66664840e-04  2.72738219e-04
      2.18604602e-04]
    [ 8.48538538e-04  9.83533749e-04  1.20897001e-03  8.00941369e-04
      4.11275646e-04]
    [ 1.74724954e-03  2.41366895e-03  3.19208765e-03  3.23524715e-03
      1.79520811e-03]
    [ 4.08987874e-03  3.30463445e-03  2.46991366e-03  2.93083083e-03
      3.08627857e-03]
    [ 2.00547134e-03  7.78697709e-04  4.64850348e-04  4.61095444e-04
      6.25301161e-04]]

   [[ 7.60187114e-03  1.08782020e-02  2.15397889e-02  1.22634309e-02
      4.74287197e-03]
    [ 1.27071640e-02  2.63907777e-02  2.11604728e-02  7.60308368e-03
      2.94753227e-03]
    [ 1.93351185e-02  2.87576415e-02  1.83440148e-02  7.44671649e-03
      4.60918303e-03]
    [ 2.31927083e-02  2.18450230e-02  1.23713875e-02  6.95528058e-03
      7.19705092e-03]
    [ 1.21259586e-02  4.70251403e-03  1.98628033e-03  8.83078721e-04
      2.67541971e-03]]

   [[ 4.31500905e-03  2.35434103e-03  9.04575428e-04  5.14684033e-04
      5.40495824e-04]
    [ 3.02418375e-03  1.04873369e-03  4.23654873e-04  2.91368160e-04
      2.63460387e-04]
    [ 7.90819487e-04  2.00159227e-04  9.77508671e-05  1.71357659e-04
      5.56363949e-04]
    [ 2.82930822e-04  2.64503855e-04  2.86968454e-04  5.05494348e-04
      1.32644910e-03]
    [ 6.71374903e-04  5.25588057e-04  7.05451217e-04  1.08204431e-03
      1.07905472e-03]]

   [[ 4.61613786e-03  3.52360621e-03  5.27288739e-03  5.93274689e-03
      4.66650024e-03]
    [ 1.22561687e-02  1.78973595e-02  2.01183599e-02  1.34308182e-02
      6.85330522e-03]
    [ 2.37155200e-02  2.86019971e-02  3.32538989e-02  2.93187007e-02
      2.07754235e-02]
    [ 2.61614485e-02  3.18364652e-02  3.05781635e-02  2.63419026e-02
      2.53351265e-02]
    [ 1.61656888e-02  1.15566166e-02  5.38853934e-03  2.86867644e-03
      2.88781271e-03]]]


  [[[ 3.04653684e-03  1.94889077e-03  3.79748430e-03  7.14246985e-03
      8.94471055e-03]
    [ 1.97416516e-03  1.29323240e-03  8.43304656e-03  1.54642703e-02
      7.90435240e-03]
    [ 1.59222678e-03  3.91580932e-03  1.30224113e-02  1.21191506e-02
      3.99354273e-03]
    [ 4.46367045e-03  6.74785516e-03  9.19978177e-03  7.47947970e-03
      3.51051111e-03]
    [ 5.07034767e-03  4.87486470e-03  6.04187599e-03  5.55766114e-03
      2.84210851e-03]]

   [[ 1.54037247e-01  1.54642978e-01  7.11617254e-02  7.23853099e-02
      2.03775929e-01]
    [ 1.77183608e-01  1.16570918e-01  5.39154643e-02  1.62224571e-01
      3.38760321e-01]
    [ 1.39919789e-01  8.15376655e-02  8.65776393e-02  2.08547106e-01
      3.13596685e-01]
    [ 1.25080911e-01  1.06162913e-01  1.31906391e-01  2.06549677e-01
      2.64247589e-01]
    [ 1.54325063e-01  1.80046588e-01  1.87017500e-01  2.35277722e-01
      2.37495041e-01]]

   [[ 4.15545046e-04  5.95835379e-04  7.36741476e-04  5.31581430e-04
      5.75730579e-04]
    [ 7.57162725e-04  5.38971503e-04  4.10968277e-04  3.81939899e-04
      4.91494827e-04]
    [ 7.66328379e-04  2.99062193e-04  2.66878649e-04  4.74165827e-04
      4.98625784e-04]
    [ 4.48116686e-04  3.84285344e-04  1.08561635e-03  1.10558123e-03
      6.89263918e-04]
    [ 1.17647665e-03  1.23120468e-03  3.27438711e-03  3.38151256e-03
      1.95922794e-03]]

   [[ 4.29782439e-02  5.50807425e-02  2.79485607e-02  1.90435875e-02
      5.13353643e-02]
    [ 7.33265185e-02  6.18706470e-02  1.33538538e-02  3.30105556e-02
      8.47457371e-02]
    [ 8.13023437e-02  3.16222982e-02  2.15273837e-02  7.40537417e-02
      9.42640141e-02]
    [ 4.99326570e-02  2.29287460e-02  5.48577160e-02  9.00125692e-02
      1.14737056e-01]
    [ 3.00958264e-02  4.25988378e-02  6.92816169e-02  9.55599757e-02
      1.08452036e-01]]

   [[ 8.62269249e-03  3.82870890e-03  1.20379736e-02  2.53782228e-02
      1.70067387e-02]
    [ 5.04564838e-03  8.16340223e-03  2.61918046e-02  2.57686040e-02
      1.27647121e-02]
    [ 7.69524267e-03  1.63190681e-02  2.01283307e-02  1.22839576e-02
      6.11483050e-03]
    [ 1.08409497e-02  1.09288441e-02  9.58072835e-03  7.27744833e-03
      3.21463880e-03]
    [ 6.56832350e-03  7.56418938e-03  5.91089956e-03  4.22247035e-03
      3.06101511e-03]]

   [[ 5.38690022e-03  8.72296519e-03  1.30640008e-02  9.27262773e-03
      6.37477072e-03]
    [ 1.32563592e-02  1.49305097e-02  7.92547755e-03  4.18789083e-03
      6.68657284e-03]
    [ 1.75928188e-02  1.61856280e-02  3.83874400e-03  6.05516760e-03
      1.49669641e-02]
    [ 7.52138855e-03  4.65788830e-03  1.04435162e-02  2.45151222e-02
      2.98213025e-02]
    [ 1.58279970e-02  1.52536980e-02  2.86161181e-02  4.48011750e-02
      4.04694620e-02]]]


  [[[ 1.98980214e-04  7.57090226e-05  1.17350768e-03  1.15010142e-03
      2.91021166e-04]
    [ 6.45889794e-05  9.09198067e-05  1.21947664e-03  1.06492471e-03
      2.59877399e-04]
    [ 3.58650927e-05  2.57568369e-04  6.02317717e-04  5.21016541e-04
      1.47095293e-04]
    [ 3.69942445e-05  3.47145824e-04  5.82526488e-04  3.61220543e-04
      1.45450879e-04]
    [ 6.94784800e-05  5.35629936e-04  5.29207646e-04  1.64064251e-04
      8.71927447e-05]]

   [[ 1.74287060e-02  9.86986199e-03  9.08545704e-03  2.46758581e-02
      3.26023707e-02]
    [ 1.35209181e-02  4.40411967e-03  8.82055484e-03  2.79150258e-02
      3.85739430e-02]
    [ 8.63466755e-03  1.80681925e-03  7.75595365e-03  1.44142299e-02
      1.82065026e-02]
    [ 7.25876521e-03  1.76481389e-03  8.88507171e-03  1.21180225e-02
      8.55408335e-03]
    [ 6.42719468e-03  4.56372988e-03  1.51103222e-02  2.36801270e-02
      2.59983120e-02]]

   [[ 2.57250999e-04  2.26357392e-04  1.38716359e-04  1.00745459e-04
      4.52154217e-05]
    [ 4.32775485e-04  5.98640259e-04  9.17859308e-04  4.11451507e-04
      1.33854499e-04]
    [ 4.56431627e-04  6.17716823e-04  1.84615978e-03  2.55846716e-03
      1.15236385e-03]
    [ 2.77493363e-05  1.48149106e-04  8.11031226e-04  2.32603991e-03
      3.16018032e-03]
    [ 3.24042920e-05  4.96523031e-05  1.01897537e-04  3.33400041e-04
      1.13558828e-03]]

   [[ 8.99397352e-03  3.83797009e-03  6.67013885e-04  1.26273390e-03
      2.96834469e-03]
    [ 6.89266610e-03  1.73839305e-03  3.56983699e-03  8.77230796e-03
      7.49879193e-03]
    [ 3.65525583e-03  6.33161948e-04  8.61381053e-03  1.19071670e-02
      8.01501770e-03]
    [ 1.58385131e-03  3.32688356e-04  4.11443975e-03  8.21945194e-03
      5.95065293e-03]
    [ 8.70381457e-04  4.46249266e-04  3.85378062e-03  5.15936842e-03
      3.74696392e-03]]

   [[ 4.02612148e-04  1.71959928e-03  5.99747574e-03  4.12930794e-03
      1.50635912e-03]
    [ 2.94452362e-04  1.99599126e-03  3.00749442e-03  1.88233705e-03
      6.34903061e-04]
    [ 7.08065154e-04  1.67581182e-03  1.04486987e-03  4.49286734e-04
      1.17825511e-04]
    [ 6.82842862e-04  9.57616689e-04  5.62766739e-04  1.82724950e-04
      8.59671038e-05]
    [ 7.40585802e-04  1.13259846e-03  6.34817386e-04  2.35976736e-04
      1.33318384e-04]]

   [[ 2.23087356e-03  2.92912570e-03  2.04366581e-03  1.10751938e-03
      8.78366749e-04]
    [ 5.58254606e-03  5.31759803e-03  4.65521339e-03  3.34104416e-03
      2.08896112e-03]
    [ 3.73183156e-03  3.21070959e-03  4.72470199e-03  8.98852046e-03
      9.04191365e-03]
    [ 8.11899343e-04  4.36170698e-04  1.38251089e-03  5.37369116e-03
      1.18983343e-02]
    [ 7.88324512e-04  5.08132354e-04  7.13566908e-04  1.19345975e-03
      2.63403553e-03]]]


  [[[ 3.21656230e-03  2.82646193e-03  3.35878322e-03  2.98592083e-03
      2.11130226e-03]
    [ 3.65424532e-03  4.14694420e-03  5.10656375e-03  4.04874752e-03
      2.33205942e-03]
    [ 4.13088649e-03  4.38124719e-03  3.96144292e-03  2.09850849e-03
      2.01227890e-03]
    [ 3.70601411e-03  3.93741369e-03  2.19632756e-03  1.38392375e-03
      2.26454822e-03]
    [ 3.04812685e-03  2.53760969e-03  1.67679152e-03  2.01905396e-03
      2.21782223e-03]]

   [[ 1.70706828e-01  1.75522445e-01  1.76777443e-01  1.45473947e-01
      1.31300915e-01]
    [ 1.93982326e-01  2.15116975e-01  2.35953163e-01  2.12362083e-01
      1.60727332e-01]
    [ 1.56595238e-01  1.68253072e-01  1.73883156e-01  1.76974871e-01
      1.42034771e-01]
    [ 1.17390488e-01  1.28568527e-01  1.24776085e-01  9.55237158e-02
      1.18087694e-01]
    [ 1.01840078e-01  1.30128291e-01  1.47038821e-01  1.16764408e-01
      1.21272992e-01]]

   [[ 2.43790493e-03  1.57848903e-03  1.52937592e-03  1.03103274e-03
      4.55842683e-04]
    [ 2.87070509e-03  2.37266052e-03  2.33519543e-03  1.43384794e-03
      7.33377457e-04]
    [ 2.31960969e-03  3.11527119e-03  4.04689760e-03  3.74450114e-03
      2.11315013e-03]
    [ 6.41021235e-03  6.24538396e-03  6.44237168e-03  5.17565331e-03
      3.27203129e-03]
    [ 3.52219168e-03  2.64238995e-03  2.43514278e-03  2.16954984e-03
      2.03564037e-03]]

   [[ 3.07713637e-02  3.01373369e-02  2.95002123e-02  3.36738045e-02
      2.96075844e-02]
    [ 3.65569989e-02  4.07991540e-02  5.22721672e-02  5.57897361e-02
      4.17576264e-02]
    [ 6.03862410e-02  7.60913736e-02  8.35250257e-02  7.09128989e-02
      4.06599313e-02]
    [ 7.34927660e-02  8.40987605e-02  7.16946142e-02  4.38604168e-02
      3.47329986e-02]
    [ 3.39561660e-02  3.58750497e-02  2.90011051e-02  3.21342191e-02
      5.01673575e-02]]

   [[ 8.14028357e-03  9.33422211e-03  1.22335480e-02  1.29344649e-02
      7.71596891e-03]
    [ 9.46361778e-03  1.11755099e-02  1.43755146e-02  1.03709784e-02
      3.92802802e-03]
    [ 1.03866018e-02  1.10141666e-02  7.70345090e-03  3.86882485e-03
      1.68278403e-03]
    [ 7.24036508e-03  5.95829609e-03  3.96524825e-03  3.27895017e-03
      2.29018012e-03]
    [ 4.95527764e-03  4.97621121e-03  3.83987934e-03  3.88970384e-03
      3.46962375e-03]]

   [[ 1.83812543e-02  1.89126407e-02  1.88445768e-02  1.56192773e-02
      1.24166504e-02]
    [ 2.90993011e-02  2.57201490e-02  2.25445726e-02  2.06001222e-02
      2.05765317e-02]
    [ 5.20613246e-02  4.55472232e-02  4.56976785e-02  4.71433453e-02
      3.95428060e-02]
    [ 6.95497299e-02  7.45214592e-02  7.72634373e-02  6.38340348e-02
      3.92471332e-02]
    [ 3.72054978e-02  3.34290528e-02  2.98255907e-02  2.99698661e-02
      3.61213684e-02]]]]]