[[[[[-2.62592354e-02 -5.44992682e-02 -1.13815503e-01 -1.40139969e-01
     -1.15751621e-01]
    [-1.42699345e-02 -5.25978955e-02 -1.19768797e-01 -1.46423363e-01
     -1.16253691e-01]
    [-7.17664059e-03 -5.89187921e-02 -1.30673994e-01 -1.52552250e-01
     -1.19948299e-01]
    [-8.01240167e-03 -6.50509168e-02 -1.27146284e-01 -1.40043262e-01
     -1.09676197e-01]
    [-1.36429491e-02 -5.34036948e-02 -1.01904720e-01 -1.23162997e-01
     -1.04158632e-01]]]


  [[[ 3.79012640e-02  3.40518268e-02  4.97446524e-02  6.56657167e-02
      7.71338201e-02]
    [ 2.03451600e-02  1.68363767e-02  3.59574249e-02  4.99749460e-02
      5.76845683e-02]
    [-2.29563925e-03 -2.25592529e-03  1.97306931e-02  3.57715996e-02
      4.67535521e-02]
    [-1.31522584e-02 -1.48499981e-02  1.01285843e-02  3.12821785e-02
      3.68234058e-02]
    [-2.51860850e-02 -1.81978986e-02  1.33012681e-02  3.45224411e-02
      3.29849876e-02]]]


  [[[-2.82494624e-02 -1.39143709e-02  7.99896041e-03  3.66440164e-02
      4.71101810e-02]
    [-2.96592429e-02  9.64499344e-04  3.21858123e-02  6.19012656e-02
      6.93951678e-02]
    [-2.04644413e-02  1.14633803e-02  4.71844360e-02  8.39996222e-02
      9.65664022e-02]
    [-1.05505640e-02  2.03708183e-03  2.80107482e-02  6.95102784e-02
      9.12991464e-02]
    [-4.89173859e-03 -2.84588946e-03  3.56517849e-03  4.00795074e-02
      7.58435172e-02]]]


  [[[-4.48967084e-02 -8.02180525e-02 -7.73654790e-02 -4.53732014e-02
     -2.26816640e-02]
    [-4.08341740e-02 -8.17648175e-02 -7.77025813e-02 -4.78912660e-02
     -2.86009335e-02]
    [-3.88162189e-02 -7.42833799e-02 -6.87476170e-02 -4.61576803e-02
     -2.76784517e-02]
    [-3.67652327e-02 -5.69146342e-02 -5.27237021e-02 -3.39509254e-02
     -1.31818896e-02]
    [-2.65189571e-02 -3.27991259e-02 -3.11537861e-02 -2.43605672e-02
     -1.13078801e-02]]]


  [[[-1.33094088e-02 -5.97918281e-03 -2.77010495e-03 -2.13906679e-02
     -4.73894651e-02]
    [-5.67404592e-03 -3.06832927e-03 -1.71569427e-02 -5.01107704e-02
     -7.89359142e-02]
    [-4.70200704e-03 -1.72904760e-02 -5.68535995e-02 -9.76057826e-02
     -1.20575165e-01]
    [-7.57744118e-03 -3.15584958e-02 -8.75754443e-02 -1.27464052e-01
     -1.35731039e-01]
    [-1.34905998e-02 -5.12462784e-02 -1.10046239e-01 -1.35215046e-01
     -1.27195790e-01]]]


  [[[-1.44076226e-01 -1.15487834e-01 -4.25946887e-02  1.71174237e-02
      4.91110628e-02]
    [-1.65022017e-01 -1.26716563e-01 -4.37754792e-02  1.03218668e-02
      4.42714180e-02]
    [-1.46721651e-01 -9.14693676e-02 -1.96957696e-02  3.37796354e-02
      7.52179999e-02]
    [-1.21708438e-01 -6.71917657e-02 -2.20268408e-02  2.76739377e-02
      7.64024270e-02]
    [-9.37759289e-02 -4.55826870e-02 -2.31990787e-02  5.96889903e-04
      5.29111409e-02]]]]



 [[[[ 1.60260350e+00  3.32648239e+00  1.19658528e+01  2.00439076e+01
      2.20907425e+01]
    [ 3.90960578e-01  3.95030578e+00  1.54845540e+01  2.39536983e+01
      2.21638016e+01]
    [ 8.28373227e-01  6.21170929e+00  1.83443953e+01  2.48617984e+01
      2.11963407e+01]
    [ 2.19483261e+00  8.78997195e+00  1.84313148e+01  2.28904610e+01
      1.95458772e+01]
    [ 4.58273784e+00  1.11179113e+01  1.77705382e+01  2.16206509e+01
      1.90771300e+01]]]


  [[[ 2.18523938e+01  2.25111496e+01  2.63114762e+01  2.68324955e+01
      2.50539948e+01]
    [ 3.01247677e+01  3.02599597e+01  3.27380654e+01  3.38506814e+01
      3.05754391e+01]
    [ 3.07205948e+01  2.70475680e+01  2.86298551e+01  3.13421234e+01
      2.87151173e+01]
    [ 2.26696816e+01  1.81241484e+01  2.32416115e+01  2.85392067e+01
      2.55262641e+01]
    [ 2.21663514e+01  2.17648500e+01  2.88405819e+01  3.09983067e+01
      2.54883538e+01]]]


  [[[ 2.69485191e+01  2.30159036e+01  2.11633178e+01  2.26637387e+01
      2.85449722e+01]
    [ 2.17401949e+01  1.72966868e+01  1.69590018e+01  2.28109596e+01
      3.41195030e+01]
    [ 1.18753498e+01  8.53521769e+00  9.60637587e+00  1.64371209e+01
      2.96104715e+01]
    [ 3.44958861e+00  1.62097884e+00  2.28783773e+00  7.43674608e+00
      2.02247325e+01]
    [ 3.57733034e+00  1.92100204e+00  2.33645935e+00  5.28052440e+00
      1.57521505e+01]]]


  [[[ 2.67925663e+01  3.20439237e+01  3.77255363e+01  3.94870963e+01
      3.52576164e+01]
    [ 2.55530586e+01  2.73464102e+01  3.07538696e+01  3.31520445e+01
      2.69035538e+01]
    [ 2.37238955e+01  2.41717397e+01  2.72113838e+01  2.62779808e+01
      1.74105996e+01]
    [ 2.30849355e+01  2.43801446e+01  2.36930683e+01  1.78374226e+01
      1.01048048e+01]
    [ 2.65527889e+01  2.72339216e+01  2.30435713e+01  1.45360200e+01
      9.19848232e+00]]]


  [[[ 1.71727761e+00  5.95502392e-01  3.65230488e-01  1.75364313e+00
      6.35540205e+00]
    [ 3.34427133e-01  5.96238737e-02  5.65067929e-01  3.86424123e+00
      1.00141256e+01]
    [ 3.61159674e-01  6.52190438e-01  2.38307965e+00  7.50343732e+00
      1.40756586e+01]
    [ 1.69972834e+00  2.55046181e+00  5.59402843e+00  1.06867472e+01
      1.72002950e+01]
    [ 3.92132247e+00  5.57731098e+00  9.82563596e+00  1.53780647e+01
      2.12754103e+01]]]


  [[[ 2.05437393e+02  1.81861723e+02  1.50170166e+02  1.23174231e+02
      1.13235935e+02]
    [ 1.92591959e+02  1.66790480e+02  1.33894564e+02  1.14289484e+02
      1.12862698e+02]
    [ 1.73386186e+02  1.44602373e+02  1.11534187e+02  9.32104036e+01
      9.37675057e+01]
    [ 1.26986664e+02  8.94483964e+01  6.44744356e+01  5.25562614e+01
      5.99840805e+01]
    [ 8.06611900e+01  4.94128828e+01  3.63260677e+01  3.34768963e+01
      4.52663931e+01]]]]]