[[[[-1.31057901e-01 -1.15095703e-01 -3.82555160e-02 -2.36941400e-02
    -4.60166077e-02]
   [-1.57954524e-01 -1.09915061e-01 -3.58846881e-03  1.24667616e-02
    -3.44369966e-02]
   [-1.33783085e-01 -4.61708345e-02  7.65690843e-02  6.86919824e-02
    -1.72569411e-02]
   [-1.34992871e-01 -2.65985341e-02  9.31912039e-02  6.68430955e-02
    -2.48315548e-02]
   [-1.37780348e-01 -4.42929884e-02  4.73446092e-02  2.25289902e-02
    -5.93677272e-02]]]


 [[[-8.32280792e-02 -8.61611188e-02 -8.56610380e-02 -8.97240901e-02
    -1.39961453e-01]
   [-2.71965923e-03  2.33061378e-02  2.42244172e-02  3.26635353e-03
    -5.02385637e-02]
   [ 7.19589471e-02  1.29268306e-01  1.13940113e-01  7.49982462e-02
     1.42502802e-03]
   [ 8.81030292e-02  1.50782902e-01  1.09759613e-01  6.56353045e-02
    -4.83291617e-02]
   [ 1.37699350e-02  3.86111116e-02  1.09371359e-03 -6.61344949e-02
    -1.20750967e-01]]]


 [[[ 1.75924139e-03 -2.54706484e-03  2.59455022e-03  9.48958989e-03
     2.82747447e-02]
   [ 4.60916187e-03  1.64682862e-02  4.21898495e-02  6.70528331e-02
     7.82693220e-02]
   [-7.91605988e-02 -5.74640047e-02  4.43386525e-03  4.22327355e-02
     4.12855194e-02]
   [-1.99741282e-01 -2.05403585e-01 -1.29046984e-01 -8.92823511e-02
    -8.02287461e-02]
   [-1.01517641e-01 -9.42910628e-02 -9.85346366e-02 -1.40230519e-01
    -1.32195815e-01]]]


 [[[-7.79985528e-02  9.19976178e-03  7.65365366e-02  6.62697466e-02
     3.25206114e-02]
   [-5.40667762e-02  3.44101477e-02  7.25893037e-02  4.23662349e-02
    -4.38818562e-02]
   [-1.89987837e-02  6.72022934e-02  7.48250035e-02 -8.29478536e-04
    -1.16728369e-01]
   [ 1.67987543e-02  7.18583123e-02  3.68454750e-02 -6.37239745e-02
    -2.04235579e-01]
   [-1.28066944e-02  3.00663891e-03 -5.27236139e-02 -1.49152786e-01
    -2.46452928e-01]]]


 [[[-6.42113408e-02 -1.65290817e-01 -1.84319652e-01 -1.33801431e-01
    -7.07282844e-02]
   [-1.27027392e-01 -2.07529210e-01 -1.62724240e-01 -9.57371778e-02
    -6.03201491e-02]
   [-1.32026336e-01 -1.11009175e-01 -4.41751455e-02  9.77599889e-03
     3.86582827e-02]
   [-1.12882632e-01 -5.69882762e-02  2.15258874e-02  6.66344267e-02
     9.20636857e-02]
   [-6.31715720e-02 -1.12178950e-02  4.48075865e-02  6.50250216e-02
     4.65692330e-02]]]


 [[[ 4.31304936e-02  2.84238617e-02  1.08516363e-02 -1.08853687e-04
     7.43887495e-03]
   [ 6.48074176e-02  6.98793463e-02  7.45201267e-02  7.44231048e-02
     7.02992562e-02]
   [ 1.01889459e-02  2.22259631e-02  6.08849694e-02  6.81107376e-02
     5.54353383e-02]
   [-9.75833478e-02 -1.03569423e-01 -6.28468393e-02 -4.60411732e-02
    -4.82836390e-02]
   [-1.49067805e-01 -1.72710701e-01 -1.54366343e-01 -1.52864413e-01
    -1.50407541e-01]]]]