[[[[-6.46654931e-03  4.94417266e-02  1.03926587e-01  9.60331721e-02
     1.01285863e-01]
   [ 9.56494992e-02  1.44217015e-01  1.45808753e-01  1.51797059e-01
     2.26505357e-01]
   [ 8.06739722e-02  1.22860626e-01  5.04756487e-02  1.02407319e-01
     2.63102844e-01]
   [ 8.96959687e-02  9.63306139e-02 -2.40633824e-02  5.13612832e-02
     2.30329688e-01]
   [ 5.45251163e-02  6.75075102e-02 -5.69789471e-02 -6.03509605e-02
     1.08372178e-01]]

  [[-3.13329081e-02 -2.79744901e-02 -2.55291077e-02 -6.13342668e-02
     3.05215479e-02]
   [ 1.35536524e-02 -1.10264804e-02 -5.28980059e-02 -6.69496615e-02
     2.59741644e-02]
   [ 3.25490000e-02  3.75355750e-02 -5.84328713e-02 -7.63967089e-02
     3.67513146e-02]
   [ 3.14744990e-02  6.96066775e-02  3.94974640e-03 -6.07482553e-02
     7.66001571e-03]
   [ 5.13202142e-02  1.11312680e-01  1.06989412e-01 -6.11103081e-02
    -9.24591482e-02]]

  [[ 2.14128788e-02  2.91262719e-02  5.69948288e-02  3.47584967e-02
    -9.16938804e-02]
   [-1.88474412e-02 -2.75950699e-02 -7.30344188e-02 -1.21439227e-01
    -1.48258077e-01]
   [ 2.15599830e-02  3.51805377e-02 -5.90302957e-02 -1.03308778e-01
    -1.16623334e-01]
   [-1.32608751e-01 -8.49503594e-02 -1.30374266e-01 -3.29492822e-02
     2.37269302e-02]
   [-1.48508268e-01 -2.15859068e-01 -2.65826520e-01 -1.02041232e-01
     6.73169279e-02]]

  [[-1.10242952e-02  1.97647410e-02  7.98775709e-02  1.24244359e-01
     1.05256763e-01]
   [ 3.11370027e-04  2.96101764e-02  6.58999040e-02  6.13464934e-02
     1.00096931e-01]
   [ 2.49595543e-02  5.99396832e-02  3.94728908e-02  1.51572433e-02
     1.04542166e-01]
   [ 4.41249790e-02  4.80153726e-02  1.13578101e-04  9.44693382e-03
     5.60548263e-02]
   [ 1.98879037e-02  1.53455707e-02  4.27187227e-02 -1.12469846e-02
    -5.89043153e-03]]

  [[-2.70249324e-02  2.32999094e-02  7.37407929e-02  8.74501535e-02
     9.57495530e-02]
   [ 7.94114096e-02  7.64733377e-02 -1.25759600e-02  4.75946454e-02
     1.76601438e-01]
   [ 1.18003223e-01  7.93511982e-03 -1.34077141e-01  1.89739625e-02
     1.48840650e-01]
   [ 1.05222316e-01 -6.79563745e-03 -1.23495108e-01 -4.45940240e-02
     8.80620673e-02]
   [ 4.90046492e-02 -2.31540658e-02 -1.25277376e-01 -8.16819391e-02
     2.67677630e-02]]

  [[ 6.06147845e-03  2.80628746e-02  4.64054123e-02  3.80817976e-02
    -1.39488847e-02]
   [-4.63122599e-02 -3.01022230e-02 -7.88421069e-02 -1.58415468e-01
    -1.65538791e-01]
   [-3.27530882e-02 -2.31252627e-02 -1.38164002e-01 -2.04821530e-01
    -2.30052219e-01]
   [-1.83782331e-01 -2.07233686e-01 -2.51224723e-01 -1.51197873e-01
    -6.73427103e-02]
   [-1.76892619e-01 -2.41907415e-01 -2.82946167e-01 -1.36297461e-01
     6.71266400e-02]]]


 [[[ 2.11972576e-02  4.34449174e-02  1.97949964e-02 -1.43431610e-02
    -7.70334090e-02]
   [-1.55720880e-02 -4.16977128e-03 -1.08020602e-01 -1.38307377e-01
    -5.22518726e-02]
   [-9.47793348e-02 -1.73994091e-01 -1.90400023e-01 -8.45210523e-02
     4.22607721e-02]
   [ 3.05044481e-02  2.75733367e-03 -3.08230386e-02  7.58219061e-02
     1.02260299e-01]
   [ 9.78213328e-02  9.47854369e-02  9.09809063e-02  9.13806831e-02
     9.94494576e-02]]

  [[-8.09774705e-02 -4.70178298e-02 -6.38223701e-02 -1.00777506e-01
    -1.09680953e-01]
   [-9.73761272e-02 -6.58501070e-02 -6.37930441e-02 -1.43049618e-01
    -1.24938502e-01]
   [-1.84868215e-01 -1.63765989e-01 -1.34449013e-01 -1.17307333e-01
     8.52661058e-04]
   [-2.19375232e-02  1.69857081e-02  6.11301091e-02  7.22887619e-02
     7.01931474e-02]
   [ 6.96879355e-02  7.87651210e-02  1.24470600e-01  1.42606149e-01
     1.06385397e-01]]

  [[-8.20521264e-02 -1.62586308e-02  1.65235756e-02  2.85809052e-02
    -3.03509633e-02]
   [ 2.65924887e-02  7.71005094e-02  9.29785058e-02 -5.21000571e-03
    -2.06687307e-01]
   [ 7.16172196e-02  1.09586645e-01  8.87474811e-02 -6.94485057e-02
    -2.20152043e-01]
   [-1.55714581e-01 -1.68548100e-01 -2.61903040e-01 -3.06200412e-01
    -2.49541224e-01]
   [ 7.91577671e-03 -1.90243837e-02 -1.06541765e-01 -1.42887229e-01
    -1.67867671e-01]]

  [[ 3.05564036e-02  2.73601757e-02  7.78294800e-03 -1.24171425e-02
    -3.02279774e-02]
   [-4.33022848e-03  2.76968720e-02  5.71425619e-02 -7.23899242e-02
    -1.24344826e-01]
   [-6.98496055e-02 -2.52840645e-03 -3.18915384e-02 -1.64787518e-01
     7.39413595e-03]
   [-1.00323956e-01 -7.66958357e-02 -9.16591849e-02 -4.40919428e-02
     3.02898871e-02]
   [ 4.66029478e-02  3.68118890e-02  5.00136306e-02  4.31055931e-02
    -2.27398143e-02]]

  [[ 1.20947478e-01  6.73098068e-02 -8.80689101e-02 -2.05857406e-01
    -2.25352444e-01]
   [-1.94224547e-02 -1.36451664e-01 -2.14611437e-01 -1.83302951e-01
    -1.23331031e-01]
   [ 3.17457103e-02 -1.37283626e-02 -2.50566863e-02  4.32817855e-02
     2.51447334e-02]
   [ 2.10084174e-01  2.19515424e-01  1.69248448e-01  1.48798929e-01
     4.93681759e-02]
   [ 7.38945035e-02  7.50114055e-02  2.87969890e-03 -5.11356168e-02
    -3.82952406e-02]]

  [[-6.74735956e-02  1.89080325e-02  4.51540988e-02  2.71690019e-02
     1.76447948e-02]
   [ 4.38757756e-02  1.01651086e-01  8.94155588e-02  9.95781547e-03
    -1.40665529e-01]
   [ 7.60918998e-02  8.17005125e-02  3.29576236e-02 -9.44106468e-02
    -1.91220202e-01]
   [-1.21629198e-01 -1.38185980e-01 -2.22362879e-01 -2.78766009e-01
    -2.43948635e-01]
   [ 4.31660193e-02  2.10919026e-02 -3.74306218e-02 -1.03151171e-01
    -1.54269358e-01]]]


 [[[ 6.48301138e-02  1.28524376e-01 -4.93386773e-02 -1.55461548e-01
     1.24657107e-02]
   [ 5.96746860e-02  1.17620635e-02 -3.20585767e-02 -5.24792706e-02
     1.28133753e-02]
   [ 2.74444610e-02 -4.72262265e-02 -2.32417683e-03  5.65145479e-02
     4.72330801e-02]
   [-8.18850385e-03  6.13017872e-03  1.12261305e-01  9.26533203e-02
     7.60868932e-02]
   [-5.78758089e-02 -3.40997007e-03  8.77045090e-02  1.54323601e-02
     9.45637114e-03]]

  [[-9.13220109e-02 -7.36425413e-02 -5.94877637e-02 -8.22494397e-02
    -4.77272724e-02]
   [-1.68489888e-02 -1.41312655e-01 -1.49064098e-01 -6.76108098e-02
    -9.20758184e-03]
   [-1.76765785e-02 -2.19274343e-01 -1.80474374e-01  7.18888575e-03
    -1.49174207e-02]
   [ 2.85802204e-02 -9.72296341e-02 -4.17852437e-02  6.22930637e-02
    -8.88732560e-02]
   [ 1.24402175e-01 -4.48105846e-03  2.77141083e-02  3.39542867e-02
    -8.80602284e-02]]

  [[-1.16086229e-01  8.23371495e-02  1.09059033e-01  9.92558981e-02
     7.39764133e-02]
   [-6.10297378e-02  3.96156981e-02  1.21212946e-02 -2.14496390e-02
    -4.86865201e-02]
   [-3.39988933e-02 -1.24884695e-02 -8.06142497e-02 -1.05231916e-01
     6.09395890e-02]
   [-1.99130301e-01 -2.00242333e-01 -1.75864400e-01 -1.42211895e-01
     8.39924733e-03]
   [-9.97004062e-02 -3.77507961e-02 -4.35707599e-02 -6.37185903e-02
    -1.15395487e-01]]

  [[ 6.62153216e-02  8.62945526e-02  5.93870190e-02 -3.10316244e-02
    -8.26969279e-02]
   [ 1.08377555e-01  4.52632687e-02 -4.04592137e-02 -1.09928328e-01
    -6.86096990e-02]
   [ 7.74576576e-02 -6.05437769e-02 -1.12188031e-01  1.59840560e-02
     5.11090786e-02]
   [ 8.97317903e-02 -1.29103064e-01 -3.01013861e-02  1.06815357e-01
     5.39215102e-03]
   [ 8.23481378e-02 -2.30414357e-02  7.05371632e-02 -5.87778178e-03
    -2.23175227e-01]]

  [[ 4.68175813e-02 -3.75875211e-03 -7.71393477e-02 -7.60286716e-02
    -2.90270714e-02]
   [-1.79881434e-02 -1.31630312e-01 -9.59305055e-02 -3.62795061e-03
    -5.76519667e-03]
   [-1.02507881e-01 -3.16553381e-02  1.26485805e-01  1.42701855e-01
     5.59598911e-02]
   [-4.10461347e-02  1.38370800e-01  2.56452798e-01  1.08760835e-01
    -1.62609266e-02]
   [-8.12727131e-02  7.69370827e-02  5.98758967e-02 -1.20816775e-01
    -1.09829895e-01]]

  [[-8.96741954e-02  1.05347214e-01  1.71629701e-01  1.11374353e-01
     6.91843383e-02]
   [-6.67535982e-02  4.29025005e-02  1.84650783e-02 -2.98274399e-02
    -4.51721368e-02]
   [-1.05156293e-01 -7.99426057e-02 -1.16160882e-01 -1.40781351e-01
     3.28216613e-02]
   [-1.74744881e-01 -2.21094148e-01 -2.07591104e-01 -1.79352622e-01
    -3.41166154e-02]
   [-5.06741132e-02 -2.75467243e-02 -4.76791807e-02 -5.04211741e-02
    -1.54935566e-01]]]


 [[[ 5.30568980e-02  1.13027713e-01  3.80498945e-03 -4.22856947e-02
    -4.71829096e-02]
   [ 2.16786919e-02  4.69231001e-02 -2.07884261e-02 -6.15728481e-04
     1.69698403e-03]
   [-9.78973197e-02 -1.16532122e-01 -8.71304731e-02 -2.52777012e-03
    -1.60396289e-02]
   [-6.15109055e-02 -1.11295699e-01  1.23887141e-02  1.58978965e-01
     6.32471731e-02]
   [-5.97846316e-02 -2.96497046e-02  6.50828915e-02  1.39502501e-01
     6.02507067e-02]]

  [[-7.00750176e-02 -1.57831954e-02  4.06463424e-02  5.40367463e-02
     9.50664627e-02]
   [-1.24408263e-02  9.52762171e-03  2.55303596e-02  5.07076099e-02
     1.15796323e-01]
   [-4.26949405e-03 -3.96764097e-02 -4.21105198e-02  2.27870945e-02
     1.11022425e-01]
   [ 1.17789715e-02 -5.06670155e-02 -9.13934260e-03  7.28831333e-02
     1.38510038e-01]
   [ 5.37648310e-02 -1.29552695e-02  8.40809171e-03  5.18137484e-02
     9.06191630e-02]]

  [[-5.35790040e-02  2.11219822e-02  5.24369451e-02 -9.06466555e-04
    -7.69540424e-02]
   [ 5.46703294e-02  1.22917287e-01  9.15457462e-02 -2.13435965e-02
    -1.38181712e-01]
   [ 1.14263465e-01  9.34750754e-02  3.39144678e-02 -1.00236328e-01
    -1.90253150e-01]
   [ 3.46030725e-02 -7.45980561e-02 -1.33526787e-01 -2.07623525e-01
    -2.46289625e-01]
   [ 1.15543614e-02 -3.46549126e-02 -4.89141051e-02 -5.58269523e-02
    -9.35304353e-02]]

  [[-8.07495599e-02 -1.06536774e-01 -1.65655181e-01 -2.07689412e-01
    -1.66256555e-01]
   [-1.00654861e-01 -8.19124203e-02 -1.10574726e-01 -9.85315654e-02
    -4.01948105e-02]
   [-5.65729999e-02 -6.13143787e-02 -1.03486777e-01 -2.31140877e-02
     9.04446479e-02]
   [ 3.20893320e-02 -7.66231925e-02 -8.45082855e-02  5.81726320e-02
     1.29070545e-01]
   [ 4.13939881e-02  1.97943385e-03  4.73501026e-02  1.05359532e-01
     9.88604572e-02]]

  [[ 1.33370577e-01  1.52799296e-01  1.31910185e-01  1.09693153e-01
     5.90873494e-02]
   [ 7.44859427e-02 -2.90435140e-02 -3.85186193e-02 -9.88636197e-03
    -8.58042936e-02]
   [-6.36988256e-02 -1.71845858e-01 -1.34095108e-01 -9.14303600e-02
    -1.54258090e-01]
   [-3.36469844e-02 -2.26688821e-02  1.01904315e-02  8.15710708e-02
    -4.18880025e-02]
   [ 2.76467253e-02  3.23452120e-02  1.04037632e-02 -8.39163889e-03
    -1.60184260e-01]]

  [[-1.78082670e-02  2.28479332e-02  2.74725558e-02 -4.37689906e-02
    -8.03057066e-02]
   [ 3.49949057e-02  8.25771908e-02  5.28445905e-02 -5.97722627e-02
    -9.24215740e-02]
   [ 7.82523704e-02  2.19545377e-02 -4.00524129e-02 -1.43060799e-01
    -1.54876731e-01]
   [ 5.52240986e-02 -5.00747749e-02 -1.21978886e-01 -2.21410487e-01
    -2.42452134e-01]
   [ 3.22880402e-02 -8.41217104e-03 -2.61295672e-02 -4.71913920e-02
    -2.03463819e-02]]]


 [[[ 1.21540313e-02  6.33112604e-02  3.53325617e-02  1.14613305e-01
     2.51788664e-01]
   [ 1.19928245e-02 -3.07734424e-02 -5.44374619e-02  1.10842142e-01
     2.75070628e-01]
   [ 7.06788712e-02 -9.72233706e-02 -1.13198072e-01 -3.64510306e-02
     6.13659566e-02]
   [ 1.25674510e-01  4.81534824e-03 -1.30532963e-01 -1.55189255e-01
    -8.47770386e-02]
   [ 1.69905417e-01  1.17265458e-01 -5.11130765e-02 -1.41750278e-01
    -6.23811586e-02]]

  [[-4.06924951e-02 -1.46498629e-01 -1.23940655e-01 -6.50197406e-02
     1.87504460e-02]
   [-3.85667317e-02 -1.55692721e-01 -1.57368873e-01 -1.01612150e-01
     2.07960985e-02]
   [ 2.42894175e-02 -8.29034378e-02 -1.55905511e-01 -1.09144758e-01
    -3.07951555e-02]
   [ 1.08205656e-01  3.25576271e-02 -4.19346351e-02 -6.81937805e-02
    -1.13428743e-02]
   [ 1.09606548e-01  1.17502372e-01  8.78994951e-02  3.69599149e-02
     5.68696024e-02]]

  [[ 8.23010796e-03  1.80507988e-02  1.62825757e-02 -9.61068920e-02
    -1.71446575e-01]
   [ 2.12929666e-02 -2.79930516e-02  2.85461600e-03  2.01589395e-02
    -2.03436331e-02]
   [ 3.18029310e-02 -2.70469417e-02  1.95085488e-02  1.13913583e-01
     1.64419790e-01]
   [-7.82383255e-02 -3.10425279e-02 -2.47102390e-02  7.41743776e-02
     1.34281656e-01]
   [ 7.97654629e-02  4.75898659e-02 -2.49099563e-02 -1.11235749e-02
     5.93426956e-02]]

  [[ 5.92137162e-02 -4.49461102e-02 -3.98591913e-02 -3.28866635e-02
    -9.02778751e-02]
   [-3.87527274e-03 -1.27154841e-01 -1.22129424e-01 -1.10476724e-01
    -9.22197160e-03]
   [-4.90034098e-02 -2.26786675e-01 -2.87526223e-01 -1.31383782e-01
     1.35922200e-02]
   [-6.20546851e-02 -2.19009318e-01 -2.49985684e-01 -1.33895560e-01
    -4.94832162e-02]
   [-1.05261738e-02 -5.33920959e-02 -5.72850454e-02 -3.13469294e-02
     4.00827591e-02]]

  [[-2.90916502e-02 -5.75734031e-02 -7.50477456e-02  1.87007239e-02
     1.32444188e-01]
   [-1.14510743e-02 -1.47104232e-01 -1.26981000e-01 -1.36709927e-03
     4.73255185e-02]
   [ 4.25446262e-02 -1.43021995e-01 -2.04689046e-01 -1.65961023e-01
    -1.80167623e-01]
   [ 1.20950042e-01 -4.65134808e-02 -1.24678097e-01 -9.45985774e-02
    -1.24590645e-01]
   [ 1.82837320e-01  1.47043447e-01  1.14028435e-01  1.12356474e-01
     1.35072732e-01]]

  [[-2.18178809e-03 -2.97581151e-02 -3.97993319e-02 -1.02740994e-01
    -2.15875761e-01]
   [-1.12050751e-02 -7.14069174e-02 -8.23045210e-02 -7.60992136e-02
    -7.90342058e-02]
   [ 1.54929306e-02 -7.76204853e-03 -1.14031086e-02  3.56344303e-02
     8.05848579e-02]
   [-5.64563052e-02 -4.46176588e-03 -8.48050189e-04  5.52546764e-02
     9.80521162e-02]
   [ 1.04591616e-01  8.42399411e-02  3.22251084e-02  1.70084495e-02
     6.04491209e-02]]]


 [[[-4.01577478e-03  4.71609891e-02 -9.39442344e-03 -9.94645865e-02
    -1.82900104e-02]
   [ 1.07824824e-02  1.45707719e-02  5.25094974e-02  6.35747813e-02
     9.30054521e-02]
   [-7.95557572e-02 -3.59528917e-02  7.96472004e-02  1.11658026e-01
     1.68685383e-01]
   [-8.62132763e-02 -1.06461569e-02 -1.76227183e-02  4.43463637e-02
     1.09515807e-01]
   [-8.07661330e-02 -1.24601641e-02 -6.51420000e-02 -4.44962824e-02
     9.16436162e-02]]

  [[ 9.86408164e-02  8.50524826e-02  1.95311079e-02 -1.01941871e-01
    -1.31589297e-01]
   [ 5.54314132e-02  2.50352403e-02 -1.83209385e-02 -7.73595431e-02
    -3.96315478e-02]
   [ 1.11469564e-02 -3.47754655e-02 -6.74887032e-02 -4.91949245e-02
     1.12107525e-02]
   [-1.22847145e-02 -6.91703841e-02 -6.30675715e-02 -5.55320855e-02
    -4.59312699e-02]
   [-4.15384476e-02 -2.21480180e-02  4.11432672e-03 -5.02554871e-02
    -3.62129533e-02]]

  [[-1.77807273e-01 -8.67691543e-02  5.72507490e-02  1.03482656e-01
     5.56063877e-02]
   [-5.73481952e-02 -1.13520921e-01 -1.51419084e-01 -1.61128807e-01
    -2.39526079e-01]
   [ 3.54395229e-02 -1.39811909e-02 -9.57308428e-02 -1.32362374e-01
    -1.31052892e-01]
   [-1.00203125e-02 -1.04021045e-01 -2.00796408e-01 -1.30735091e-01
    -1.78854241e-02]
   [-3.78870877e-02 -1.69498202e-01 -1.70860676e-01 -5.44913884e-02
    -4.29454046e-02]]

  [[ 8.36047313e-02  8.05849550e-02  1.16008481e-01  2.05354149e-02
    -9.55306455e-02]
   [ 4.16179156e-02  5.77120473e-02  7.23918955e-02 -6.66392917e-02
    -7.65395638e-02]
   [ 5.48310714e-02  5.25364774e-02  6.41669482e-02 -2.23250267e-02
     1.10592335e-02]
   [ 3.84204907e-02 -6.89232032e-03  3.32955806e-03  9.61653949e-04
    -1.47108343e-02]
   [-6.36262269e-02 -7.04888878e-02  1.80334333e-02 -3.50794427e-02
    -5.34366037e-02]]

  [[ 4.64165904e-02  1.99700887e-02 -8.07196191e-02 -1.02429317e-01
    -4.88561764e-02]
   [ 9.34966471e-02  4.66043713e-02  1.70909507e-02  9.55057629e-02
     1.38902349e-01]
   [ 4.64909352e-02 -6.59658445e-03  3.77012537e-02  9.36718988e-02
     1.22649916e-01]
   [-5.00375090e-02 -8.81098379e-03 -1.08242137e-02 -9.94763450e-03
     3.95040695e-02]
   [-5.98772003e-02 -7.40865750e-02 -9.24976409e-02 -8.10489554e-02
     1.07417989e-03]]

  [[-1.29382106e-01 -5.83017691e-02  2.18475875e-02  4.42424752e-02
     4.29089121e-02]
   [-6.44747241e-02 -1.27472283e-01 -1.75901993e-01 -1.99590449e-01
    -2.19125113e-01]
   [ 2.12838299e-02 -5.67306722e-02 -1.49267850e-01 -1.56083278e-01
    -9.24804410e-02]
   [-2.98077548e-02 -1.71953083e-01 -2.80201338e-01 -1.70461479e-01
    -3.48543343e-02]
   [-4.49832677e-02 -1.95573487e-01 -2.01114030e-01 -8.12892560e-02
    -5.02450170e-02]]]


 [[[ 1.50874838e-02  7.95976828e-02  9.39025241e-02  1.44605840e-02
     1.36387490e-02]
   [-6.09556740e-03  4.72516043e-02  5.96714396e-02  6.07677587e-03
     7.22136486e-02]
   [-6.45512262e-02  2.78617871e-02  1.00409460e-02 -5.79496544e-02
    -4.98023635e-02]
   [-4.93498776e-02  2.49682080e-02 -7.26582116e-02 -2.01366579e-01
    -7.00763704e-02]
   [-1.65436241e-02  1.98893809e-02 -1.00375421e-01 -2.07623814e-01
    -4.32252287e-02]]

  [[ 1.10627311e-02  4.61191402e-02  6.87801746e-02 -1.28041612e-02
    -1.35268504e-01]
   [-7.38582130e-03 -3.38742556e-02 -2.26947666e-02 -6.44005992e-02
    -1.51811701e-01]
   [ 1.79447507e-02 -9.08889359e-02 -8.69314915e-02 -1.35960912e-01
    -1.75289674e-01]
   [-2.04161013e-02 -9.00706679e-02 -6.43355850e-02 -9.36999125e-02
    -1.34154264e-01]
   [-3.82309458e-02 -6.05390871e-03  6.69326503e-02  2.17652599e-02
    -1.70948772e-02]]

  [[-1.43049273e-01 -1.50309550e-01 -1.45395673e-01 -1.45204949e-01
    -1.59727031e-01]
   [-3.67526197e-02  3.15095677e-02 -1.59252995e-02 -1.12706114e-01
    -1.26206574e-01]
   [ 4.12884931e-02  8.66178982e-02  2.98605851e-02 -4.98423875e-02
    -8.66925750e-02]
   [ 4.61160109e-02 -7.38458297e-03 -9.53285050e-02 -8.74955649e-02
    -2.79451332e-02]
   [-3.49188287e-02 -1.81177298e-01 -1.98483445e-01 -1.02228189e-01
     2.25589233e-02]]

  [[ 8.24273160e-02  6.77627891e-02  1.27892238e-01  1.17920182e-01
    -2.54188822e-02]
   [ 8.94827565e-02  1.08481709e-01  1.45902251e-01  6.90619741e-02
    -8.59800912e-02]
   [ 8.35781257e-02  3.91068225e-02  3.90829731e-02 -4.04439385e-02
    -1.69369304e-01]
   [ 2.15274892e-02 -6.74069162e-02 -6.80040189e-02 -1.77517867e-01
    -1.78780415e-01]
   [-8.16881136e-03 -9.67348737e-02 -9.70399894e-02 -1.54703923e-01
    -4.94547453e-02]]

  [[ 4.46194538e-02  1.04172006e-01  6.19997289e-02 -1.60661730e-02
     1.38497616e-02]
   [ 1.40461621e-01  1.66389108e-01  8.40063317e-02  4.56347591e-02
     8.02123953e-02]
   [ 1.58569526e-01  1.08179742e-01 -3.13680698e-02 -2.34946899e-02
     4.12755069e-02]
   [ 1.14857600e-01  6.47645098e-02 -2.98645329e-02 -8.66887370e-02
    -2.12027910e-02]
   [ 1.03268329e-01  8.23669585e-02 -6.87402399e-02 -9.45615708e-02
    -1.00911449e-02]]

  [[-1.29289045e-01 -9.60812667e-02 -8.79483456e-02 -1.15505540e-01
    -1.19232223e-01]
   [ 2.46458575e-02  8.55126467e-02  3.58291837e-02 -7.51325985e-02
    -1.37952829e-01]
   [ 5.49217765e-02  9.84623815e-02  3.72003212e-02 -2.47447622e-02
    -8.59070025e-02]
   [ 4.19439332e-02 -3.42749495e-02 -1.01858977e-01 -5.83223928e-02
    -3.18151586e-02]
   [ 1.28510839e-02 -1.33065726e-01 -1.72510016e-01 -1.19049467e-01
    -3.43210574e-03]]]


 [[[ 1.45662943e-02 -1.11752681e-01 -1.27112789e-01 -1.80250180e-02
     1.04740591e-01]
   [ 2.80994084e-02 -1.43522815e-01 -1.15089156e-01  4.97396916e-02
     7.92825439e-02]
   [-1.10116247e-01 -1.55103032e-01 -2.29776854e-02  6.96003269e-02
    -1.02008542e-02]
   [-1.36711382e-01 -6.01471005e-02  5.62561530e-02  5.82795806e-02
    -4.62913700e-02]
   [ 2.46579952e-02 -9.24024972e-02 -7.52674664e-02 -3.91365452e-02
    -1.01748574e-01]]

  [[ 7.82232936e-02 -3.90365010e-02 -7.55899304e-02  3.19026976e-02
     1.54778280e-01]
   [ 7.21076282e-02 -9.34648215e-02 -1.19645442e-01  2.84141010e-02
     9.11226831e-02]
   [-7.24000265e-02 -2.61631459e-01 -1.59431890e-01  1.41349024e-02
    -6.00270646e-03]
   [-1.85540994e-01 -2.49020485e-01 -9.21468897e-02  2.04320062e-02
    -3.70638003e-02]
   [-1.08845521e-01 -1.96171926e-01 -1.38454176e-01 -3.88107459e-02
    -6.31432224e-02]]

  [[ 4.71461238e-02  1.01632921e-01  1.48381453e-02 -2.23429295e-01
    -3.16005814e-01]
   [ 8.07419852e-02  8.18840718e-02  1.66830166e-02 -1.27551181e-01
    -1.36831794e-01]
   [ 1.00902761e-01 -2.39660533e-02 -1.07235674e-01 -1.19180702e-01
    -5.76705501e-02]
   [ 3.16647853e-04 -1.07477434e-01 -1.07756054e-01 -3.32687476e-02
     3.54613325e-02]
   [-1.32112926e-01 -1.82325804e-02  9.53403337e-02  1.69656326e-01
     2.20809013e-01]]

  [[ 8.25444285e-02 -8.97294642e-03 -1.00554701e-01 -2.60166836e-02
     8.36136598e-02]
   [ 9.70212159e-02 -5.86027097e-02 -7.92565950e-02  9.95567171e-02
     1.43270281e-01]
   [ 4.54961252e-02 -1.30934316e-01 -8.64512540e-02  1.00535102e-01
     6.03600744e-02]
   [-4.39555585e-02 -1.89293121e-01 -8.21664160e-02  1.92320228e-02
    -5.51312351e-02]
   [-8.04428434e-02 -1.50832907e-01 -5.86389389e-02 -7.96125332e-03
    -7.34289864e-02]]

  [[ 7.39208293e-02 -4.32419116e-02 -3.70777575e-02  7.23396093e-02
     1.17590896e-01]
   [-1.88583021e-02 -1.74119609e-01 -4.19934175e-02  1.18358798e-01
     7.45860500e-02]
   [-1.59670961e-01 -1.59734282e-01 -1.50883297e-02  2.77812184e-02
    -1.07175055e-01]
   [-1.19757547e-01 -1.53594648e-01 -9.47108207e-02 -1.32250048e-01
    -2.50626123e-01]
   [-4.80049275e-02 -2.23818571e-01 -2.06244949e-01 -2.66730532e-01
    -3.64544780e-01]]

  [[ 7.62100959e-02  5.74464548e-02 -5.53140114e-02 -2.36379678e-01
    -2.95668656e-01]
   [ 1.23716942e-01  8.58981166e-02 -3.48670935e-02 -1.61447940e-01
    -9.56214199e-02]
   [ 1.02623539e-01 -2.55157999e-02 -2.02691079e-01 -2.55135876e-01
    -8.79829519e-02]
   [-3.96184619e-02 -1.64665181e-01 -2.11407237e-01 -6.52561850e-02
     5.41210005e-02]
   [-1.76990825e-01 -7.79000425e-02  4.96336995e-02  1.62021812e-01
     1.79482208e-01]]]


 [[[-1.14139596e-01 -9.67652787e-02 -3.30370203e-02  2.13972182e-03
     3.17552286e-02]
   [-3.47222689e-02 -5.86917934e-02  2.63787512e-03  1.65136784e-02
    -8.70380666e-03]
   [ 5.43333382e-02  2.63946964e-03  5.25649276e-02  4.83941015e-02
    -2.46967214e-02]
   [ 4.99158104e-02 -7.52617814e-02 -3.09387931e-02  2.87236274e-03
    -8.73353674e-02]
   [-1.13533071e-02 -5.48069312e-02 -1.29476608e-02  5.57327052e-02
     2.54480598e-02]]

  [[-7.82614424e-03 -1.45914307e-02 -4.36074938e-02 -7.54787816e-02
    -8.44423301e-02]
   [ 1.35525058e-02  9.58643654e-03 -1.57891847e-02 -2.48280645e-02
    -3.69293407e-02]
   [ 4.47931294e-02  5.12477441e-02  2.40401626e-02  3.91327964e-02
     4.79747469e-02]
   [-2.96418707e-05  2.65691534e-02  1.26508029e-02  1.19540082e-02
     2.15738574e-03]
   [-6.67580341e-02 -1.06982439e-02 -1.29798300e-02 -3.29635395e-02
    -6.47190669e-02]]

  [[-9.21930029e-02 -4.22251888e-02 -3.11580328e-02 -6.50579100e-02
    -8.09061395e-02]
   [-8.20978725e-04  1.42100432e-03 -3.36329937e-02 -9.50425015e-02
    -9.29341364e-02]
   [ 3.01849436e-02  2.37782803e-02  9.35835672e-03 -1.90514344e-02
    -5.11980266e-02]
   [ 7.63846924e-02  5.14255710e-02  2.84278018e-02 -1.55896656e-03
    -1.11075358e-02]
   [ 7.36911555e-03 -5.05063199e-02 -7.48552586e-02 -9.02476475e-02
    -7.77469844e-02]]

  [[-3.97800982e-02  9.33486447e-03  2.71775328e-02  5.10556364e-03
    -1.74020538e-02]
   [-4.40510409e-02 -2.90467653e-02 -1.31818581e-02 -2.10946116e-02
    -2.72160193e-02]
   [-8.46226794e-03 -3.06055807e-02 -1.66987827e-02  1.13030690e-02
     4.68284228e-03]
   [ 3.70634666e-03 -1.87566452e-02 -2.57092728e-04  4.98692022e-02
     3.13249448e-02]
   [-2.66176987e-02 -3.41394162e-03  1.06481150e-02  3.21259739e-02
     2.72264767e-02]]

  [[-3.48108813e-02 -3.86848235e-02 -5.27349261e-02 -6.69217241e-02
    -3.21811855e-02]
   [ 3.09109783e-02 -1.74739408e-02 -4.73452140e-03  2.08822031e-02
     4.45474935e-02]
   [ 2.91420525e-02 -5.55591402e-02 -3.69167095e-02  2.05747852e-02
     4.14222524e-02]
   [-7.33322275e-02 -2.51859079e-01 -2.13267003e-01 -1.27919959e-01
    -1.18318289e-01]
   [-1.41443845e-01 -2.24858184e-01 -1.17489328e-01 -6.16713789e-02
    -5.47581288e-02]]

  [[-6.11247559e-02 -9.53950721e-02 -6.70699873e-02 -7.18846061e-02
    -1.11866529e-01]
   [ 1.80745387e-03 -4.05013167e-02 -9.97752083e-02 -1.72158323e-01
    -1.78933554e-01]
   [ 5.37880480e-02  4.28817087e-02 -3.29542584e-03 -6.38075168e-02
    -8.04466038e-02]
   [ 7.93782259e-02  7.18919364e-02  3.37557535e-02 -4.21256366e-03
    -6.48052198e-03]
   [ 9.51071663e-03 -2.72949347e-02 -6.10795545e-02 -7.21972643e-02
    -5.59450610e-02]]]


 [[[ 6.68557945e-02  6.93364919e-02 -4.03729268e-02 -7.54715344e-02
    -7.30396772e-02]
   [ 1.41849935e-02  2.46984073e-02 -3.77843830e-02 -8.91042121e-02
    -7.89341403e-02]
   [-5.71189072e-03  9.55668651e-02  4.54200496e-02  1.91812183e-02
     7.24208724e-02]
   [ 5.21492000e-02  9.91532398e-02  1.78238466e-01  1.61957702e-01
     2.07268665e-01]
   [-3.16623133e-02 -1.99770630e-02  3.34991705e-02 -7.22462197e-03
     4.95191810e-02]]

  [[ 5.10286654e-02  1.04792626e-01  7.20531366e-02  3.65156390e-02
     6.21620735e-02]
   [-5.77757528e-02  3.09755260e-02  3.72425168e-02  5.69978104e-02
     5.78013145e-02]
   [-1.11204705e-01 -8.13369391e-02 -9.37070890e-02 -2.21201640e-02
    -2.46035394e-02]
   [-1.28956498e-01 -5.61901572e-02 -9.36023654e-02 -5.39150139e-02
    -9.80048100e-02]
   [-1.76629566e-01 -1.25649792e-01 -8.95531076e-02 -1.26194918e-01
    -1.14683193e-01]]

  [[-1.03146968e-02  5.49518374e-02  6.52201759e-02  9.27984731e-02
     7.46368619e-02]
   [ 8.32163140e-02  1.40819493e-01  1.03330280e-01  1.20566125e-02
    -3.48280832e-02]
   [ 4.52599175e-02  4.88573109e-02  1.40568191e-02 -4.14876523e-02
    -3.09314843e-02]
   [-8.80500219e-02 -1.28663750e-01 -1.40373105e-01 -7.71613929e-02
    -2.57956609e-02]
   [ 1.00673772e-02 -2.05309882e-02 -2.22438497e-02  1.74920688e-02
     6.75441074e-03]]

  [[-1.87002896e-02  1.15083672e-02  2.19594899e-02  1.27152231e-02
     5.73873663e-02]
   [-1.26748131e-02  2.55370597e-02  1.24450519e-02  1.33000769e-02
     7.13824822e-02]
   [-2.21135953e-02  5.71927111e-02  6.54949169e-02  1.07001428e-01
     7.97000780e-02]
   [-3.12739674e-02  8.24451666e-02  9.78313193e-02  9.46278826e-02
    -1.68017474e-02]
   [ 1.21468481e-02  4.40656122e-02  2.56318805e-02 -9.03346030e-02
    -1.40081395e-01]]

  [[-7.02729799e-03  2.90301838e-02  3.49180455e-02  6.79276625e-02
     1.01532341e-01]
   [-1.41094901e-02  3.18282764e-02 -3.23528240e-03  5.82248280e-02
     1.14274871e-01]
   [ 1.49628711e-01  1.42373778e-01  1.45936140e-01  1.65065641e-01
     1.58717454e-01]
   [ 6.45151125e-02  6.99454683e-02  1.05732708e-01  9.88312637e-02
     8.03912078e-02]
   [-7.04514752e-02 -7.76682244e-02 -1.02001883e-01 -1.10538288e-01
    -9.57530396e-02]]

  [[ 1.70495154e-02  1.01913120e-01  1.43479278e-01  1.20944423e-01
     8.81405240e-02]
   [ 8.99747811e-02  1.70288848e-01  1.28821773e-01  2.28441928e-02
     1.18942942e-02]
   [-2.58523728e-02  1.46635339e-02  3.66780630e-03 -4.94467457e-02
    -1.87797834e-03]
   [-1.24305610e-01 -1.49545175e-01 -1.46840456e-01 -9.23764924e-02
    -2.78786722e-02]
   [-6.31669554e-02 -4.50568977e-02 -1.92556225e-02  8.43533859e-03
    -2.76663667e-02]]]


 [[[ 5.08304607e-02  7.57361372e-02  3.71065884e-02  1.47170815e-03
     4.40752492e-02]
   [ 1.23491469e-01  8.50677599e-02  5.75237028e-03  2.32801943e-02
     1.44465665e-01]
   [ 1.11563475e-01  7.51589090e-02  5.28982409e-02  9.73965037e-02
     1.50833074e-01]
   [ 1.28973706e-01  9.70976612e-02  1.47272018e-01  1.09829471e-01
     4.05785025e-02]
   [ 8.76985274e-02  6.24636458e-04  2.76230065e-02 -3.44122336e-02
    -7.33399739e-02]]

  [[-1.80226895e-02  3.69295706e-02  9.37633431e-04 -1.04018677e-02
     2.57054549e-02]
   [-2.89548787e-02  4.00839985e-03 -7.99754856e-02 -8.45725208e-02
    -3.51161931e-02]
   [-8.10043153e-02 -7.72067306e-02 -1.36494505e-01 -9.89329821e-02
    -7.25595379e-02]
   [-9.25873738e-02 -9.32667822e-02 -5.42139272e-02 -1.36661884e-02
    -7.80551411e-02]
   [-4.07058967e-02 -6.20005299e-02 -7.73888920e-02 -9.83255641e-02
    -1.64384307e-01]]

  [[-6.36036788e-02 -1.20674910e-02 -7.35148552e-03 -5.29195053e-02
    -1.34835915e-01]
   [ 1.69102735e-03  2.34229606e-02  4.61956278e-04 -5.00160584e-02
    -1.10566277e-01]
   [ 2.96531143e-02 -5.42521707e-02 -1.46275515e-01 -1.55487622e-01
    -5.08969068e-02]
   [-9.90093835e-02 -1.09528459e-01 -9.14425267e-02 -7.73386051e-03
     7.53980427e-02]
   [-1.68974191e-01 -1.50411239e-02  7.16923646e-02  1.04772117e-01
     1.30441239e-01]]

  [[ 3.89621400e-03  6.91433038e-02  1.87746151e-02 -5.53358551e-02
    -4.74690070e-02]
   [ 2.49418877e-02  7.93528120e-02  8.82853860e-03  2.88867637e-03
    -1.78647920e-02]
   [ 3.64432239e-02  2.34525778e-02 -6.73899969e-02 -3.40308003e-03
     2.30285067e-03]
   [ 1.98825893e-03 -3.09229333e-02 -4.73296916e-02  7.33891605e-03
    -5.17289072e-02]
   [-1.92818927e-02 -6.59799322e-02 -3.45311813e-02 -7.90830580e-02
    -2.08397553e-01]]

  [[ 1.29002316e-01  9.50513025e-02 -6.34461504e-02 -1.24253438e-01
    -1.01531435e-01]
   [ 8.88236455e-02 -8.22262528e-02 -1.65400461e-01 -6.35444146e-02
     1.48176126e-02]
   [-1.89235488e-02 -7.35869625e-02 -3.38050177e-02  8.96170149e-02
     9.29683497e-02]
   [ 1.55002213e-03 -1.61995773e-02  3.20387941e-03  8.97538110e-03
    -3.70409034e-02]
   [-2.62703423e-02 -8.17783045e-02 -1.36091304e-01 -1.73941807e-01
    -5.95504448e-02]]

  [[-3.10691954e-02  1.52225378e-02  3.97625347e-02 -3.87807658e-03
    -9.77404895e-02]
   [ 3.62291896e-02  3.17902741e-02 -6.94428339e-03 -5.64956635e-02
    -8.02735969e-02]
   [ 3.06652334e-02 -3.29911087e-02 -1.19464998e-01 -1.57260222e-01
    -4.56364003e-02]
   [-1.13358940e-01 -8.68520413e-02 -6.63441597e-02 -4.16182410e-02
     2.33339642e-02]
   [-1.51023567e-01  6.26580374e-03  8.54486106e-02  6.59041652e-02
     4.83048102e-02]]]


 [[[-1.00637768e-01 -4.03023168e-02  6.64548079e-02  1.10347440e-01
     6.37815478e-02]
   [-2.03050219e-01 -1.07612532e-01 -6.90361178e-02 -8.93508527e-03
     1.43711186e-03]
   [-8.34788619e-02 -8.37045339e-03 -5.18555002e-03  3.83461402e-03
     6.60936566e-04]
   [ 2.74838191e-02  6.48905167e-02  3.00145786e-02 -9.21254739e-04
    -4.71421636e-02]
   [ 8.50697398e-02  1.22865848e-02 -1.40285724e-01 -7.13145780e-02
    -6.90964310e-02]]

  [[ 6.88719400e-02  1.45821417e-02  9.40112427e-02  1.84122601e-01
     2.08107284e-01]
   [-6.63599167e-02 -6.79548229e-02 -1.37069903e-02  5.55406228e-02
     8.77483396e-02]
   [-1.31985587e-01 -1.13538907e-01 -7.92487079e-02 -1.12932475e-02
     4.99969566e-02]
   [-1.79125701e-01 -1.57175121e-01 -1.48039482e-01 -8.37049308e-02
     5.05911739e-03]
   [-5.59359846e-03 -4.03837980e-02 -1.44195527e-01 -1.27015978e-01
    -3.20422585e-02]]

  [[ 4.58919489e-02 -4.50866568e-02 -1.69244209e-01 -3.23911183e-01
    -3.06247542e-01]
   [ 1.14337151e-01  4.41301963e-02 -9.87935934e-02 -1.61735346e-01
    -1.68157676e-01]
   [-1.44182078e-02 -1.46088811e-02 -2.85684778e-02 -9.26785030e-03
     2.76812593e-02]
   [-2.52505357e-02  4.60221390e-02  8.65133842e-02  1.29781016e-01
     1.21448057e-01]
   [-1.63488612e-01 -7.23138698e-02 -1.87404651e-02 -1.75637777e-03
     9.45587905e-04]]

  [[ 3.19770799e-02 -7.85050246e-02 -4.46516248e-02  5.38056345e-02
     8.93596630e-02]
   [-3.16724199e-02 -4.89404425e-02  2.05670677e-03  3.98653602e-02
     1.02112711e-01]
   [-1.28336429e-02 -1.74532940e-03 -2.44083054e-02  1.94235739e-02
     7.68021939e-02]
   [-6.54408433e-02 -4.69099115e-02 -1.03209002e-01 -4.72831140e-02
     1.99569785e-02]
   [-1.49046462e-01 -1.16607991e-01 -1.57243350e-01 -9.67067269e-02
     1.67471536e-02]]

  [[-3.47023206e-02 -6.68270509e-02 -6.16273064e-02  1.49145910e-02
     6.75581889e-02]
   [-1.02834522e-01 -1.32041975e-01 -9.91900559e-02 -3.10210659e-02
     4.62761463e-02]
   [ 9.00715531e-03  1.13709862e-02 -2.44665626e-04 -1.55351579e-02
    -7.02421562e-03]
   [ 4.20012392e-02 -1.10110114e-02 -8.54346908e-02 -1.05533185e-01
    -1.60018694e-01]
   [ 1.84009369e-01  6.83460715e-02 -3.19180586e-02 -4.26609982e-03
    -1.16749584e-01]]

  [[ 6.26611013e-02 -5.60671949e-02 -1.67789156e-01 -2.22214473e-01
    -1.78991565e-01]
   [ 9.89047386e-02  2.82557828e-02 -9.96759228e-02 -1.45949882e-01
    -1.18661097e-01]
   [ 3.94207251e-03 -8.95552906e-03  2.33327013e-02  3.10963286e-02
     2.98118111e-02]
   [-5.31496201e-02 -8.90859609e-03  8.09867562e-02  1.30836548e-01
     1.14279970e-01]
   [-1.99953111e-01 -1.30388029e-01 -7.32438254e-02 -4.39235667e-02
    -4.44315270e-02]]]


 [[[ 6.74569730e-02  1.38689614e-01  1.14594492e-01  2.15591560e-02
     2.24826059e-02]
   [ 3.02987792e-02  5.29100340e-02  4.12497404e-02  4.63576480e-03
    -4.46152784e-02]
   [-1.50760228e-01 -5.98422886e-02 -3.30412947e-02 -2.48857794e-02
    -2.07283276e-02]
   [-2.24724459e-01 -1.50689899e-01 -1.10403333e-01 -1.03098064e-01
    -8.67460785e-03]
   [-9.07744734e-02 -3.23020508e-02 -9.38614288e-02 -1.36114085e-01
    -2.48644272e-02]]

  [[ 4.65096085e-02  8.88479014e-02  4.85551633e-02 -6.41131633e-02
    -1.31109572e-01]
   [ 1.90601424e-02  4.21783320e-02  3.88713544e-02 -1.26522725e-02
    -1.30152963e-01]
   [-2.16044771e-02 -3.59754954e-02 -3.42029380e-02 -6.50120133e-02
    -1.84566877e-01]
   [-1.29248263e-01 -6.61534312e-02 -6.51062973e-02 -1.34530393e-01
    -2.94229953e-01]
   [-1.41449414e-01 -5.46557271e-02 -2.83205087e-02 -9.77498339e-02
    -2.43854693e-01]]

  [[-1.12355238e-01 -7.62721907e-02 -1.46415635e-01 -8.30629871e-02
     8.07756733e-02]
   [ 1.34145262e-02  1.14734243e-01  4.16824051e-02 -2.39298426e-02
     3.10568610e-02]
   [ 1.12721488e-01  1.08924163e-01  4.90249597e-02 -2.02914200e-02
    -3.29959762e-02]
   [ 1.25635327e-01  5.31356735e-02  1.67092742e-02 -1.19419043e-02
     8.91584929e-03]
   [-2.44029845e-02 -2.93921132e-02 -4.74720383e-02 -4.44030499e-02
     8.88880913e-02]]

  [[ 1.03864048e-02 -5.98091602e-03  6.56790714e-03 -3.92271824e-02
    -7.08611188e-02]
   [ 1.33216275e-02  3.92512075e-02  4.43334909e-02 -1.03334418e-02
    -1.00674850e-01]
   [-4.22115102e-02 -8.33145131e-03  1.11560361e-02 -1.34302940e-02
    -1.78366285e-01]
   [-1.19124242e-01 -8.74775553e-02 -6.88531218e-02 -9.78390137e-02
    -3.00247420e-01]
   [-1.22549358e-01 -8.34354918e-02 -1.36046345e-01 -2.29397045e-01
    -3.39701452e-01]]

  [[ 8.91200660e-02  9.93584038e-02  3.73603595e-02  8.44285526e-02
     9.41889179e-02]
   [ 4.00277769e-02  3.41633982e-02  1.03961199e-02 -7.47418325e-03
    -1.62976620e-02]
   [-9.59354103e-02 -7.46551906e-02 -1.37125451e-01 -1.59524049e-01
    -2.44890626e-02]
   [-1.21627010e-01 -5.78165266e-02 -1.26142870e-01 -1.46194787e-01
     1.60575669e-03]
   [ 6.80797481e-03 -6.43556724e-03 -1.01208082e-01 -7.91255806e-02
     2.99281094e-02]]

  [[-7.37664590e-02 -3.60059922e-02 -4.76672558e-02 -1.20948484e-02
     6.61391412e-02]
   [ 6.45627774e-02  1.39381540e-01  5.23007552e-02 -2.24330930e-03
     3.73018649e-02]
   [ 1.42987193e-01  1.18465167e-01  5.54509186e-02  8.08437330e-04
     1.05380114e-02]
   [ 1.10110899e-01  4.18863210e-02  1.81870264e-02  1.34176271e-02
     5.68383467e-02]
   [-3.53471467e-02 -1.44419029e-02 -2.26890476e-02 -2.59372594e-02
     6.46735867e-02]]]


 [[[ 1.38971808e-01  1.14683121e-03  1.28488859e-02  1.23642770e-02
     3.36989466e-02]
   [ 9.83253805e-02  4.03166962e-04  1.17225906e-01  1.47305282e-01
     8.47378524e-02]
   [-4.88147797e-02 -6.21128694e-02  1.31211021e-01  1.70542646e-01
     5.78970218e-02]
   [-1.12430075e-01 -6.47300916e-02  1.15149307e-01  9.88903028e-02
    -4.15603053e-02]
   [-1.01382147e-01 -2.32093318e-02  7.03292265e-02  2.18836619e-02
    -9.70595213e-02]]

  [[ 1.02696387e-01 -3.75510153e-02 -2.55755348e-01 -1.32090062e-01
    -5.24376439e-03]
   [ 1.25729502e-01 -7.77655562e-02 -2.31517244e-01 -5.70094719e-02
     2.58794742e-02]
   [ 8.42811476e-02 -1.91341880e-01 -1.69583880e-01  5.38969870e-03
     1.98697249e-03]
   [ 4.29826031e-02 -1.62709590e-01 -3.48286188e-02  6.83123077e-02
    -1.20522184e-02]
   [ 1.01594958e-01 -8.98308883e-03  8.99813600e-02  9.09664398e-02
     1.20479281e-03]]

  [[-1.14800963e-01 -8.09080136e-02  2.42836851e-03  7.73950527e-02
    -4.53475660e-02]
   [-7.34070985e-02 -1.33475197e-01 -2.10874817e-01 -1.82919578e-01
    -1.38985250e-01]
   [-7.56559249e-02 -1.38982738e-01 -3.85822718e-01 -3.34648566e-01
     5.91722042e-02]
   [-1.24563147e-01 -2.28488727e-01 -3.77473986e-01 -2.51777617e-01
     6.99211551e-03]
   [-1.17539923e-01 -1.71952565e-01 -2.17451237e-01 -1.07313125e-01
    -8.62426139e-02]]

  [[ 9.13364594e-02  1.47963480e-02 -6.09784657e-02 -3.13558568e-02
    -1.16053735e-02]
   [ 8.62370768e-02 -3.95791728e-02 -4.79626990e-02  4.69582985e-02
     6.24096005e-02]
   [ 8.24690128e-02 -1.51691168e-01 -3.44086767e-02  1.04710764e-01
     9.28077517e-02]
   [ 1.23308961e-02 -2.09232793e-01  4.93325792e-03  9.67981203e-02
     2.37872623e-03]
   [-1.01423155e-01 -1.55270652e-01  5.03985013e-02  3.22874753e-02
    -1.07075960e-01]]

  [[ 7.54316245e-02 -5.48066446e-02 -1.71631291e-02  3.46875129e-02
     1.55486259e-02]
   [-8.74350491e-02 -1.36690595e-01  3.39911230e-02  1.04736057e-01
     8.70347628e-02]
   [-1.79330371e-01 -7.60878142e-02  1.08832094e-01  1.71614184e-01
     1.29918462e-01]
   [-7.88087194e-02  5.76394053e-02  1.81183129e-01  1.24302596e-01
     3.91611064e-02]
   [-9.22659686e-02  1.08870651e-01  1.32273885e-01 -3.06933599e-02
    -1.06900621e-01]]

  [[-1.66334549e-01 -1.27100611e-01 -5.36172493e-02 -4.40664972e-02
    -1.80272697e-01]
   [-8.58296080e-02 -1.71091659e-01 -3.12258835e-01 -4.45269872e-01
    -1.76577491e-01]
   [-2.56391274e-02 -1.40336671e-01 -4.63611928e-01 -4.22404678e-01
     5.91238963e-03]
   [-6.00137486e-02 -2.24794355e-01 -4.27906501e-01 -2.31880983e-01
    -1.66075925e-02]
   [-5.17115008e-02 -1.92578130e-01 -2.07410983e-01 -6.53392593e-02
    -6.10817334e-02]]]


 [[[ 1.17530231e-02 -2.02061313e-02  3.86790200e-02  9.42442618e-03
    -1.75135361e-02]
   [-9.21897079e-02 -5.55242083e-02  5.90399724e-02  1.00051357e-01
    -1.03146346e-02]
   [-1.28031218e-01 -1.56241609e-01  3.18944642e-02  3.57012336e-02
    -7.40186637e-02]
   [-1.18174897e-02 -7.06850277e-02  6.84267914e-02  1.04657201e-02
    -7.52449661e-02]
   [ 3.98259186e-02 -1.37056957e-02  9.10702029e-02 -1.40956812e-02
    -6.59657595e-02]]

  [[ 4.81061689e-02 -3.36187112e-02 -6.96914206e-02 -8.80142097e-03
     4.04598483e-02]
   [-7.58804430e-03 -1.48213315e-01 -1.00367047e-01  4.61496587e-02
     7.23938027e-02]
   [-3.79451938e-02 -2.80790568e-01 -2.61860082e-01 -2.34998112e-02
    -8.52065106e-03]
   [ 1.05293129e-02 -1.98132204e-01 -1.95465515e-01 -3.30953460e-02
    -8.30531095e-02]
   [ 2.21955578e-02 -1.09805031e-01 -7.01657371e-02  3.69694007e-03
    -7.57228664e-02]]

  [[-6.77816407e-02 -7.76486564e-03 -4.81494660e-02 -1.41502117e-01
    -1.14774551e-01]
   [ 8.96365068e-02  1.64707558e-01  1.33927681e-01  1.41366491e-02
    -7.02794271e-02]
   [-2.40402334e-02  3.06301691e-02  1.83370340e-02  1.01480272e-02
     2.24822137e-04]
   [-1.01646698e-01 -1.32979802e-01 -1.71600009e-01 -8.49933127e-02
     1.20661085e-02]
   [ 4.39585724e-02 -7.17224399e-02 -1.70818121e-01 -1.03535033e-01
     9.62845244e-03]]

  [[ 3.56363342e-02 -9.86119551e-02 -1.68477806e-01 -9.57922671e-02
    -6.11948177e-02]
   [ 2.74847765e-02 -1.10951671e-01 -5.13571486e-02  3.21100651e-02
     1.95027155e-02]
   [-2.26709952e-02 -2.10524737e-01 -9.40733565e-02  3.54331015e-02
    -3.59926604e-03]
   [-3.74613327e-02 -2.97814821e-01 -1.39564006e-01  1.61661613e-02
    -7.94937378e-02]
   [ 5.45447631e-03 -1.88610089e-01 -3.66271429e-02 -2.03481358e-02
    -1.33131469e-01]]

  [[-3.19468418e-02 -2.46117516e-02  3.20750955e-02  1.60946145e-01
     1.03489928e-01]
   [-1.13355055e-01 -9.73200968e-02  2.25811325e-02  5.52094735e-02
    -4.53044212e-02]
   [-3.52556587e-02 -8.28830280e-02 -6.06608145e-02 -1.43002132e-01
    -2.42448956e-01]
   [-5.69819581e-02  4.65247674e-02  1.05997833e-02 -1.29999007e-01
    -1.56864871e-01]
   [-1.09919378e-01  7.85948432e-02  8.36839881e-02 -4.18101955e-02
    -7.96059572e-03]]

  [[-3.02377366e-02 -4.03719373e-03 -6.68774807e-02 -1.73692848e-01
    -1.76594582e-01]
   [ 1.07710331e-01  1.25262380e-01  8.34045299e-02 -5.87711802e-03
    -9.98986923e-02]
   [-4.83380694e-02 -6.91948995e-02 -8.53702748e-02 -6.27162396e-02
    -8.20960879e-02]
   [-1.04275031e-01 -2.39927325e-01 -2.84495792e-01 -1.60981177e-01
    -2.19842881e-02]
   [-2.61765357e-03 -1.07706231e-01 -1.84166517e-01 -1.40498995e-01
    -1.88407675e-02]]]


 [[[-1.42098357e-02  8.46668560e-02  9.69494654e-02  8.80136013e-02
     3.45294615e-02]
   [-4.00280129e-02  9.79673108e-02  1.15535397e-01  7.22051711e-02
    -1.64712226e-03]
   [-3.36823004e-02 -1.80365501e-03 -6.15456644e-02 -5.14027961e-02
    -2.33288733e-03]
   [-8.82966641e-03 -4.14014394e-02 -4.79229507e-02 -3.35380384e-02
     4.87038667e-02]
   [ 2.86608574e-02  6.95581089e-02  6.63574029e-02  3.32928857e-02
     6.52275249e-02]]

  [[-9.80232343e-03 -6.89387094e-03 -2.73985724e-02  2.22588545e-02
    -5.01868957e-03]
   [-5.47961908e-02  3.01118086e-02  5.68772019e-02  7.51275861e-02
    -2.12873009e-02]
   [-3.41442596e-02  4.72851041e-03 -2.02437952e-02 -8.24013011e-02
    -1.11497197e-01]
   [-1.39869698e-02 -2.36194594e-02 -7.85477751e-02 -1.03763050e-01
    -8.26216392e-02]
   [ 1.86257964e-02  6.43394202e-02  5.37684188e-02  1.70838347e-02
    -1.64928850e-02]]

  [[ 1.18033943e-02  1.25051814e-02 -1.90804050e-02 -4.66317687e-03
     8.94027090e-02]
   [ 3.68995456e-02  8.95305717e-02  1.78504254e-01  2.63298629e-01
     2.43342048e-01]
   [ 7.12769273e-03  8.58967541e-02  1.54270643e-01  2.42260197e-01
     6.62983478e-02]
   [ 2.03409106e-02  4.52322789e-02  5.15135226e-02  6.50223398e-03
    -1.12869096e-01]
   [-5.98102885e-03 -7.34004144e-03  6.47633961e-03 -6.52312179e-02
    -2.15222809e-02]]

  [[ 7.88362586e-03 -5.28183531e-02 -1.41298847e-01 -1.57259676e-02
     9.17253051e-02]
   [-7.13604173e-02 -2.08803207e-02  3.88340599e-02  1.32230276e-01
     4.34438576e-02]
   [-1.11761547e-01 -1.51967815e-02  3.60926325e-02  3.31101218e-02
    -1.04127273e-01]
   [-1.04263180e-01 -6.44375444e-02 -9.45453725e-02 -1.24613335e-01
    -1.36312905e-01]
   [-5.17970900e-02 -5.04030511e-02 -4.36863452e-02 -5.21865703e-02
    -3.14836657e-02]]

  [[-6.91192397e-02  2.78036993e-02  1.47356422e-01  2.05607234e-01
     2.09155676e-01]
   [-2.43174968e-02  7.32274324e-02  6.86300944e-02  4.34090608e-02
     2.09953640e-02]
   [ 7.66623312e-04 -5.27086422e-02 -1.81439906e-01 -1.73952153e-01
    -1.20572339e-01]
   [-2.73850723e-02 -1.07884641e-01 -9.02930386e-02 -3.93798900e-02
    -1.28960827e-02]
   [ 7.54681327e-02  1.11411545e-01  1.21006215e-01  1.11788492e-01
     8.59339423e-02]]

  [[ 8.18440574e-02  5.08805233e-02  1.67707276e-02  9.85586154e-03
     9.37373845e-02]
   [ 5.19666565e-02  8.49735464e-02  1.73905936e-01  2.31832739e-01
     1.55308327e-01]
   [-7.85254050e-03  8.21397449e-02  1.49643688e-01  1.61569933e-01
    -1.16667599e-02]
   [ 4.69036750e-04  5.03404656e-02  7.87292959e-02 -2.95283857e-03
    -9.14193163e-02]
   [-3.33195371e-02 -4.80637932e-02 -3.19621407e-02 -7.00607462e-02
    -4.03608998e-03]]]]