[[-5.54925456e-02 -1.59783094e-01 -2.19600480e-01 -2.63725471e-02
  -2.23069519e-01  6.15225715e-02 -1.35654165e-02 -5.99174935e-02
  -7.49358563e-03 -8.87329036e-02]
 [-3.18051671e-02  5.82939047e-02 -1.01181628e-01 -9.56412006e-03
  -7.50101315e-02 -5.73979647e-02 -6.07100597e-02  1.18724454e-01
  -7.14520503e-02  8.58851303e-02]
 [-1.85043626e-02  1.62315435e-01 -1.63799793e-01  2.61278848e-03
   3.02694595e-02 -5.03643797e-02 -1.16312619e-01  1.06402630e-03
  -1.22967226e-01 -1.23391487e-01]
 [-1.03664666e-01  4.52014187e-02 -1.73942983e-01 -1.58182968e-01
  -8.20411239e-02 -4.95675404e-02  2.04876931e-01 -5.39161746e-02
  -1.37339385e-01 -4.25084860e-01]
 [ 6.23586953e-02 -6.47215326e-02 -3.10939824e-02  7.04180258e-02
  -3.11604394e-01  1.28666190e-03  1.71487450e-02 -1.35745883e-01
  -1.53596268e-02 -7.42743561e-02]
 [ 7.62424220e-02 -9.53444393e-02  2.31301601e-02 -6.03260778e-03
  -3.22064675e-01 -4.63965332e-02  1.00782767e-02 -4.09765707e-02
  -6.91898151e-02 -2.41538152e-02]
 [-6.42908257e-02  1.43669848e-01  2.77890636e-02 -2.11222411e-01
  -8.79214942e-02  1.17090021e-02 -2.84789314e-02 -9.51874382e-02
   4.20236968e-02 -7.66798663e-02]
 [-1.33555393e-01 -6.83286416e-02 -2.07450932e-01  1.04809502e-01
  -2.69955329e-01 -6.29787527e-02 -4.08661362e-01 -3.16794433e-02
  -6.29371348e-02  6.13932559e-03]
 [-6.07363794e-02 -4.65574480e-02 -1.28328926e-01  1.35378095e-02
  -1.84364525e-02  2.23321011e-02 -1.10205461e-01 -4.90752615e-02
   2.94608583e-02 -3.45703246e-02]
 [-2.57211203e-03  8.61745590e-02 -9.57395414e-02 -2.70220439e-02
  -1.54066712e-01  1.38304339e-02 -1.64229319e-02  2.99185858e-02
   2.68802360e-02 -5.15513540e-02]
 [-5.09489697e-02 -1.08894936e-01 -1.94176379e-01 -3.94701953e-02
  -2.10908421e-01  4.77189362e-02 -1.60865848e-02 -6.71326566e-02
   4.10198346e-02  1.98919578e-02]
 [-3.40519193e-02 -5.86750135e-02 -1.44890499e-02 -2.28445327e-02
   1.08929520e-01  4.55070909e-02 -1.25493840e-01 -1.94888406e-02
   1.84810471e-02 -1.49101849e-01]
 [ 1.52887240e-02 -5.32978307e-02 -6.19041999e-02  7.36002059e-02
  -8.05167049e-03 -2.67895699e-02 -9.33087638e-02  1.84181235e-02
  -3.20485690e-02  5.41889682e-02]
 [-6.06323130e-02 -1.66932990e-01  1.54548347e-01 -7.23620773e-02
  -8.34053929e-02 -2.40043018e-01 -8.28213129e-02 -6.35272834e-02
   5.95254124e-02 -1.36998757e-01]
 [ 5.85006825e-02 -8.61945557e-02 -1.48081860e-01  2.97895476e-02
  -1.28826531e-01  4.19705226e-03 -4.71830061e-02 -3.22526486e-02
  -8.14911501e-02  1.80304787e-02]
 [ 3.42145869e-03  9.44907335e-02 -7.24124692e-02 -5.29910032e-03
  -1.58547473e-01 -9.33095401e-02 -7.02011417e-02 -4.76321212e-02
  -6.49783848e-02 -9.66225044e-02]
 [-1.01270705e-01  1.07429045e-01  1.37559988e-01 -1.86536976e-01
  -3.48536972e-01 -9.54027194e-02 -9.50819208e-02  4.59847014e-02
   1.17368083e-01 -1.88014047e-01]
 [-8.31357815e-02 -2.09690340e-01  9.12424055e-02 -6.32844407e-02
  -1.21358958e-01 -1.18496998e-01  2.47716123e-02 -1.09352999e-01
   4.34179960e-02 -1.53112935e-01]
 [-3.83695505e-02  8.23963429e-02 -1.17033610e-01  2.08206819e-02
   7.25564286e-02  1.02815976e-02 -7.32465957e-02 -1.29139046e-02
  -1.55776936e-01  5.73083534e-02]
 [ 1.19489263e-02 -5.16184523e-02 -7.56562533e-02  1.84307967e-03
  -1.72346465e-01  9.79486299e-04  5.04268330e-02  6.72881899e-02
  -1.63232008e-02  1.00123246e-02]
 [ 2.83664812e-02  5.95837369e-02 -9.81627361e-02  2.06494828e-02
  -1.20439629e-01  2.17621846e-02 -1.01122786e-02  6.84195098e-02
   1.02736606e-01 -8.40982355e-02]
 [-1.66636380e-01  1.83950565e-03 -1.10541903e-01  4.84873872e-04
  -2.69079700e-01  1.24524517e-02 -1.64872069e-03 -1.07590007e-01
  -5.84716168e-02 -2.42329248e-02]
 [-1.36100953e-01 -8.19254436e-02  7.72575813e-03  6.38773136e-02
  -2.87745377e-01  2.97496877e-03 -3.03146165e-01  6.07067957e-02
  -1.48899493e-01 -9.68770247e-02]
 [ 7.31250336e-02 -7.80266325e-02 -2.23176691e-02 -6.83947954e-02
  -5.75234062e-02 -7.60677595e-02 -1.61580873e-02  5.79848963e-02
  -5.74930031e-02 -3.26515944e-02]
 [-9.02958529e-02 -7.55009989e-02  2.62001641e-02 -8.19254558e-03
  -2.12049465e-01  4.60207070e-03 -1.52570636e-01  5.08698774e-02
  -8.25918819e-02 -8.50050824e-02]
 [-4.34052311e-01  9.24658650e-02 -2.06958634e-01 -4.58997531e-02
   2.38627096e-02  1.74171608e-03 -1.26033062e-01 -1.78331184e-01
  -2.45955117e-03 -1.09236349e-02]
 [-6.77240322e-02  4.82994757e-02 -8.95214851e-02 -1.96357865e-02
  -3.96890999e-02 -1.86516400e-02 -6.78109071e-02  8.02962828e-02
  -5.62069136e-02  7.78439539e-02]
 [ 1.53536456e-02 -8.38771413e-02 -8.62200455e-03 -1.34462328e-01
  -2.48351779e-01  1.99133015e-02 -1.48671056e-01 -5.46104703e-02
   3.20288716e-02 -1.18671320e-01]
 [-7.85286390e-02 -1.37898167e-01  3.87512976e-03  4.25824022e-02
  -1.85240733e-01 -2.04819977e-02 -1.85403299e-01  3.20071855e-02
  -6.43596425e-02 -9.59765164e-02]
 [-3.25914785e-02 -1.43050857e-02 -3.42778458e-02  1.02300174e-02
   1.09678418e-01  2.34873665e-02 -5.07481206e-02  6.54017057e-02
  -1.32211349e-01 -2.87205499e-02]
 [ 1.82075382e-02  1.57274075e-01 -9.21610354e-02 -2.32597664e-02
  -1.61521813e-01  5.98229596e-03  1.46195757e-02  9.06005711e-02
  -1.22484261e-02 -4.38741608e-02]
 [-2.38344251e-02  3.43087571e-02 -7.79940699e-02  5.08556411e-02
  -5.86319634e-02  3.42654842e-03 -6.84595286e-02  9.95518398e-02
   2.63172200e-02 -3.36202429e-02]
 [ 5.25980269e-02 -7.81878367e-02  7.29785996e-04  2.25542591e-02
  -2.53259086e-01 -2.27608417e-02  4.14252952e-02  8.39797863e-03
  -2.43451842e-02 -4.78759560e-02]
 [-3.63007656e-02  4.95860588e-02  3.56888077e-02  3.28163872e-02
  -1.08453243e-01 -1.31430672e-01 -1.17525280e-01  1.24150689e-01
  -2.02135887e-01 -8.86897804e-02]
 [-5.19331901e-02 -8.34000281e-02 -1.50242289e-01 -1.47619313e-02
  -1.67887926e-01  3.95065916e-02 -2.61697026e-02 -6.32112805e-02
  -3.11631774e-03 -1.58928404e-02]
 [ 3.61720932e-02  3.63645055e-02 -4.73624188e-02  1.35729046e-02
  -2.34471325e-01 -4.31978881e-02  5.35379952e-02  1.65520703e-02
  -2.33042010e-02  3.68856524e-02]
 [-2.80347012e-03  8.46292372e-02 -5.89633361e-02 -9.93782973e-02
  -1.00849559e-01 -7.31329745e-02 -1.42569488e-01  2.39712121e-02
  -1.23299336e-01 -2.28715605e-03]
 [-2.88729380e-01 -1.18891317e-01 -8.28732742e-02 -2.98644418e-01
   1.07245489e-01 -1.57913089e-01 -2.29716626e-01  8.67900478e-02
  -3.34515713e-01  1.34272654e-01]
 [-1.00530303e-01 -9.04678873e-02 -3.35255526e-02 -6.06530924e-02
  -1.91949432e-01  8.52731885e-02 -9.03132001e-02  1.12992136e-01
  -1.42217760e-01  1.72284100e-02]
 [ 2.10738101e-02 -1.27040562e-01  3.74784679e-02  5.11292189e-02
  -3.01164555e-01 -3.15594867e-02 -9.69106472e-02 -9.28945632e-02
   2.20567037e-05 -1.38703838e-01]
 [-4.65228162e-02 -3.60970564e-02  3.02641227e-03  3.44973517e-02
   6.56475447e-02 -1.28606036e-03 -7.03256228e-02  2.34463523e-02
  -7.24431267e-02 -8.08044983e-02]
 [-6.53053111e-02 -1.50376026e-01 -1.80077949e-01 -1.24385272e-02
  -4.25770931e-01  3.09819072e-02 -4.87279245e-02 -1.01637316e-01
  -1.24055133e-01 -8.15396826e-02]
 [-2.26904236e-02 -2.70259146e-02 -7.55426332e-02 -1.33742514e-02
   2.14811199e-02 -1.87519440e-03 -4.70661152e-02  2.50491692e-02
   6.46004035e-02  5.04022789e-02]
 [ 4.22841907e-02 -5.08929985e-02 -1.30638976e-02 -5.61189568e-02
  -2.35224325e-01 -4.42788184e-02 -3.92426906e-02 -1.46311021e-01
  -2.26774421e-02 -9.20534013e-02]
 [-2.82639368e-01 -5.33583040e-04 -9.37156247e-02 -8.17833121e-02
   2.15398318e-01 -1.33370182e-01 -1.18528386e-02 -1.97604123e-01
  -1.10699836e-01 -1.13169149e-01]
 [-5.78037145e-02  1.66305111e-01  2.46406718e-02 -1.52528505e-01
  -1.34725888e-01  8.29955954e-02 -2.09598198e-03 -2.56179737e-02
  -1.19895317e-02 -1.82847463e-01]
 [ 3.77703236e-02  1.79641182e-01 -2.30677605e-02 -9.89516014e-03
  -1.26377284e-01  8.34850349e-03 -4.44693928e-02  6.77124119e-02
   1.13403686e-01 -2.50105182e-02]
 [-7.27036952e-02 -7.11762037e-02  5.88348708e-03  8.64283158e-03
  -2.39541036e-01  1.48235225e-02 -1.78534705e-01  8.92982714e-02
  -8.45623534e-02 -4.90415454e-02]
 [ 2.82133509e-02  1.01289911e-01 -1.00509331e-01  1.42692906e-02
  -1.53616969e-01 -1.53479693e-02 -3.74345225e-02  4.92637260e-02
  -4.91900881e-02 -3.78283147e-02]
 [ 2.93554514e-02  7.66163091e-02 -6.02687761e-02 -3.60037412e-04
  -1.98007014e-01  1.12872864e-02 -1.15259129e-01  3.45401882e-02
  -1.42627158e-01 -1.08775808e-01]
 [ 1.84487533e-02  4.81789528e-02 -3.09398380e-02  8.38662094e-02
  -1.64604066e-01 -6.14254026e-02 -6.65718006e-02  5.12030156e-02
   1.33365743e-01 -8.18315656e-02]
 [-8.21106271e-02 -8.46308684e-02 -2.17733521e-01 -5.17741137e-02
  -1.46755123e-01 -4.07124583e-03 -1.54135172e-01  1.24618059e-02
  -6.64214512e-02  1.40652889e-01]
 [ 9.25807424e-02 -2.04054032e-01  4.14390599e-02 -2.78963483e-02
  -3.20578497e-01 -1.05369454e-01 -2.51300081e-02 -6.02346163e-02
  -4.84619999e-02  9.71596482e-03]
 [-3.72718979e-02 -6.48802450e-02  1.95947964e-03  1.85257009e-02
  -2.19983861e-01 -8.03280067e-02 -2.34030420e-01  2.92163032e-02
  -1.35081663e-01 -1.79326533e-01]
 [-4.79364810e-02 -8.09586407e-02 -1.73772576e-02  1.46560776e-02
  -3.15378877e-01 -5.48394132e-02 -1.29639145e-01  1.14455696e-01
   1.99243144e-01 -2.57493379e-01]
 [ 1.49341826e-02  6.87754345e-02 -1.22213280e-01  5.23165047e-02
  -1.07421995e-01  4.24548521e-03 -4.89674839e-02  4.07885480e-02
   2.01986231e-02 -3.27585814e-02]
 [-1.87638428e-02  1.63167814e-01  9.92034825e-05  2.86085404e-02
  -2.15514488e-01  2.02495443e-03  1.73691512e-02  3.91110532e-03
  -4.99583251e-02 -1.06751617e-01]
 [-1.34268840e-01 -6.15032014e-02  3.61262825e-02 -5.22367458e-03
   6.82652262e-02 -2.63954305e-02 -2.04480259e-01  4.51157971e-02
   2.93252467e-02 -1.12878582e-01]
 [-7.18964561e-02 -2.67198005e-02  3.95133956e-02  6.99832075e-02
  -1.38345535e-01  1.83997312e-02 -1.51940984e-01  2.80959058e-02
  -6.54677511e-02 -6.39039748e-03]
 [-5.88266703e-03  4.95662979e-02 -9.42410036e-02  1.89109479e-02
  -1.54130246e-01 -2.39567514e-02 -1.36484560e-01 -7.96963230e-02
   5.65040087e-02 -1.48798343e-01]
 [-3.19847616e-02  2.61397803e-02 -1.33009909e-01  1.17278231e-01
  -6.25182709e-02 -2.23651422e-02 -6.62018765e-02  1.09413421e-02
  -9.85667104e-02  3.08830401e-02]
 [-1.36353635e-02 -1.73826942e-01  7.80303291e-03 -5.89753271e-02
  -1.27502515e-01 -9.07726188e-03 -1.15178724e-01 -2.80279223e-02
   3.11251650e-02 -4.88020467e-02]
 [-2.01933511e-02  7.04124558e-02 -2.72455473e-02 -1.16337309e-01
  -1.74744670e-01 -2.49958850e-02 -9.44830122e-02  1.00914898e-01
  -8.01853119e-02 -6.78722288e-02]
 [-4.72521352e-02 -9.36977394e-02 -1.69324197e-01 -2.96547106e-02
  -2.10654376e-01  6.87647893e-02 -2.63948813e-02 -4.27595477e-02
   9.06792505e-04  8.64717524e-03]
 [-9.16987359e-02 -7.13995742e-02  9.03118346e-03  6.36273904e-02
  -1.22251142e-01 -8.34319648e-02 -2.74992095e-01  8.55727803e-02
  -2.14878364e-01 -1.93492605e-01]
 [ 5.61078978e-02  7.65447422e-02 -6.70546169e-02 -8.77386422e-02
  -1.11180924e-01 -2.99255855e-02 -1.01037037e-01  5.91383468e-03
  -7.65353647e-03 -4.82442306e-02]
 [ 4.38113013e-02 -1.78954565e-01  5.60065458e-02 -1.48030939e-01
  -2.70939952e-01  1.04347201e-02 -1.56261699e-01  7.15809400e-02
  -2.45155253e-01 -1.11384618e-01]
 [-9.78831637e-03  6.67458949e-02 -5.81040254e-02  3.84137170e-02
  -1.37419585e-01 -3.54094886e-03 -5.12713425e-02  2.93624798e-02
   1.91248394e-02 -6.17480459e-02]
 [ 2.28494607e-02  8.20989967e-02 -9.82557059e-02  5.67524581e-02
  -1.84583646e-01 -3.00940540e-02 -1.31428863e-01  4.94210060e-03
   7.35464971e-02  3.78188908e-02]
 [-5.06422073e-02  1.82826870e-02 -6.82400962e-02  2.14236056e-02
  -1.50940132e-01 -1.41060116e-02 -1.89729203e-01 -5.51242174e-02
   3.74229627e-02 -1.57670280e-01]
 [ 5.13502003e-02 -4.04768201e-01 -1.46523546e-01 -5.28415106e-02
  -2.18888278e-01  2.38438999e-02 -1.80348900e-02 -2.05187291e-02
  -1.74808986e-01 -9.38797903e-02]
 [-1.11187363e-02 -8.31169571e-02  5.61038671e-02 -1.05527341e-01
  -1.24088398e-01 -9.21904929e-02 -1.23006316e-01 -1.66260395e-02
  -2.38726654e-01 -1.79678915e-01]
 [-1.26958910e-01  2.94263602e-02 -1.73938690e-01  1.07544874e-02
  -2.60172931e-01 -1.71979430e-02 -1.00065145e-01 -5.52390597e-02
  -3.82934728e-02 -1.22408471e-01]
 [-3.05908347e-02 -1.68871133e-01 -2.81967778e-01 -1.06989718e-01
  -9.18642714e-02  2.14723581e-02  7.74636363e-02 -1.88828208e-01
   1.11917437e-01 -6.09441407e-02]
 [-2.70238976e-01 -6.16652594e-02 -6.03204172e-02 -1.09329872e-03
   6.38073643e-02 -1.84259012e-01 -3.97084099e-01 -2.31878297e-03
   1.82326292e-01  1.47380218e-01]
 [-8.61830831e-02 -4.93474141e-02 -3.50973818e-02  3.73796901e-02
  -2.06092843e-01 -1.10264821e-01 -1.22305373e-01  1.04422873e-01
  -9.36319701e-02  1.22972201e-01]
 [-8.44992181e-02  1.26221206e-01  8.58981988e-02  2.94110031e-03
  -9.81876842e-02  3.12634539e-02 -2.92991210e-01 -6.32533763e-02
  -8.51567249e-02  1.95494423e-01]
 [-2.56816060e-02 -2.52521446e-02 -3.47507210e-02  3.52672050e-02
   5.47291982e-02  1.88586428e-03 -4.99235234e-02  5.38469049e-02
  -1.38077485e-02  3.75092788e-02]
 [-2.14408592e-01  2.87525677e-02 -1.46159797e-01  1.08949827e-01
  -3.17655079e-01 -7.69949935e-02 -2.89682779e-01 -8.37060142e-02
  -1.31660997e-01 -5.25860998e-02]
 [ 6.88909504e-02 -9.51427692e-02 -2.87995937e-02  2.88325993e-03
  -2.80668413e-01  3.16837228e-02 -4.43751985e-02 -6.16407357e-02
   6.71775189e-02 -1.17578584e-01]
 [-1.23148024e-01 -2.61839360e-02  7.36201494e-02 -4.77914645e-02
  -3.81410855e-01 -7.39768230e-03 -4.20255698e-01 -4.85728767e-02
  -1.15609630e-01  2.47175544e-02]
 [ 2.52435096e-02 -5.19987044e-02 -1.13628158e-01 -2.31631638e-02
  -1.39812885e-01 -3.38413564e-02 -3.63608569e-02  2.33753595e-02
   4.61297911e-02 -5.38992653e-02]
 [-2.25793249e-02 -7.92141536e-02  1.17477599e-01  2.29747535e-02
  -3.84720476e-02 -1.27994107e-02 -2.01809970e-01  3.62221348e-02
  -1.11277653e-01 -1.06753747e-01]
 [-5.69088386e-02 -1.53214738e-02  2.76295782e-02 -1.91578752e-02
  -4.72051287e-02 -1.32666864e-01 -2.18655470e-01  5.26023194e-02
  -1.22567850e-01 -8.68544382e-02]]