[[[2.64512866e-01 9.88926658e-01 6.55748998e-02 4.28622030e-01
   1.60218031e-02 6.99906717e-01 1.41520128e-01 5.32742688e-01
   1.09932802e-01 8.06009563e-01 3.41273567e-01 3.83420666e-01
   8.96523793e-01 6.97110719e-01 5.65771861e-01 9.40314263e-03
   1.40534400e-02 5.35169710e-01 9.10192914e-01 1.97772902e-01
   6.44745952e-01 4.08061596e-01 3.09612231e-01 4.67353944e-01
   4.77959445e-02 6.92609071e-01 6.09251714e-01 6.54911026e-01]
  [9.58027667e-01 6.30955333e-01 6.45912868e-01 1.92118154e-01
   8.46560736e-01 3.36330685e-01 2.27322493e-01 3.31827696e-01
   4.23163554e-01 7.75262766e-01 8.39899416e-01 9.83708944e-01
   1.32604394e-01 2.43277617e-01 3.32901256e-01 4.08356310e-01
   1.51943375e-01 6.02446853e-02 3.15631772e-03 3.11616375e-01
   2.06101916e-01 3.71216910e-01 4.11134334e-01 1.12632080e-01
   2.11296120e-01 4.81050401e-01 4.50504231e-01 6.86497890e-01]
  [9.31674392e-01 2.51693703e-01 5.92325555e-01 4.27442373e-01
   7.06945983e-01 2.43885205e-01 3.28921653e-01 3.02127689e-01
   5.20120696e-01 6.08234887e-01 2.04698731e-01 6.94575580e-01
   1.28052668e-02 8.66553712e-01 2.87630209e-01 5.01629992e-01
   6.18257900e-01 1.73567039e-01 3.42323296e-01 5.34593288e-01
   9.53314996e-01 2.03081751e-01 6.66639412e-01 1.87462948e-01
   5.49600014e-01 9.98574502e-01 2.43998752e-01 2.19170542e-01]
  [4.85078378e-01 6.53710531e-02 6.98276736e-01 5.09754652e-02
   3.75813313e-01 4.77145647e-01 2.40360098e-01 4.87838574e-01
   9.24221008e-01 6.39982359e-02 6.03997022e-01 4.72888127e-01
   8.61892016e-01 1.41725703e-02 6.56425016e-01 6.34711894e-01
   5.88315677e-01 6.86696771e-01 4.30884728e-01 9.86793572e-01
   6.43788478e-01 6.72847377e-01 8.57659372e-01 2.80030337e-01
   2.30860322e-01 1.35950216e-01 7.98543206e-02 5.56552087e-01]
  [6.59495570e-01 7.58041125e-01 5.26058598e-01 6.43133400e-01
   9.88582832e-02 9.91250484e-01 4.32894860e-01 2.65962193e-01
   5.91390197e-01 6.65770296e-01 1.25361521e-01 3.17322552e-01
   7.73135987e-01 7.29222098e-01 3.21034788e-02 1.40071940e-01
   9.91997701e-01 6.30900280e-01 6.68731792e-01 3.30970603e-01
   7.54323488e-01 1.38412992e-01 5.18586807e-01 2.16270329e-01
   9.76927342e-01 2.85287597e-01 6.71945547e-01 1.89495179e-01]
  [2.00307691e-01 8.35626564e-01 3.70046568e-01 5.53621734e-02
   1.82617188e-01 2.60234146e-01 1.61910752e-01 2.58557728e-01
   7.53806299e-01 7.23301265e-01 9.82477532e-02 3.28618478e-01
   8.89085318e-01 2.69899977e-01 5.30042292e-01 5.92772905e-01
   1.02424232e-01 3.39763744e-01 6.74088440e-01 7.84010947e-01
   7.86135213e-02 7.61649619e-01 6.64672026e-01 9.97915551e-01
   6.70100030e-01 9.68202973e-02 5.99504616e-01 4.45092433e-01]
  [5.83266289e-01 9.42102572e-01 4.65314751e-01 7.62241256e-01
   7.28368457e-01 5.25655814e-01 9.28966311e-01 2.39105607e-01
   8.40159878e-01 9.48017300e-01 2.99157362e-01 5.44218962e-01
   1.04564627e-01 3.04723163e-01 4.84167969e-01 7.99107070e-02
   8.71909637e-01 3.07590504e-01 3.59571046e-01 5.56959346e-01
   3.60321348e-01 4.59404909e-01 8.91284136e-01 7.04347446e-01
   5.91915208e-01 2.35374324e-01 5.56520865e-01 2.92587579e-01]
  [2.83418735e-01 8.11577188e-01 3.71689835e-01 5.00195539e-01
   6.00471615e-01 4.03009079e-01 8.15468321e-01 1.75823111e-01
   2.37114207e-01 8.28237050e-01 9.35713830e-01 7.00934878e-02
   6.27125274e-02 7.35619666e-01 5.93234437e-01 4.03622804e-01
   7.92136790e-01 7.95363841e-01 9.83085879e-01 1.92312918e-02
   2.17561589e-01 7.13662381e-02 9.98684830e-01 6.68415541e-01
   5.73544261e-01 6.55226066e-01 8.12563019e-01 8.26188901e-01]
  [7.07728695e-01 3.14956414e-01 3.08890549e-01 4.49420762e-01
   4.19743311e-01 7.26590672e-01 7.77363410e-01 5.74446097e-01
   5.03631431e-01 7.03716613e-01 6.77064177e-01 8.16780871e-01
   3.98972310e-01 2.80432205e-01 2.63295826e-01 8.30323075e-01
   9.22547487e-01 8.93003152e-01 9.16852419e-01 5.62949919e-01
   3.54868967e-01 1.30474261e-01 7.47809049e-01 4.27331153e-02
   4.16909612e-01 9.86572264e-01 7.06023478e-01 5.95528185e-01]
  [1.68487677e-01 1.87362604e-01 5.17053429e-01 5.16310689e-01
   8.95611060e-01 4.62970196e-01 3.21603343e-01 4.92761366e-01
   4.51283491e-01 7.66822956e-02 1.22441686e-01 9.75971656e-01
   2.96260917e-01 2.90126528e-02 2.07069921e-01 4.54213925e-01
   8.93171189e-01 5.68652558e-02 8.70071075e-02 2.97680732e-01
   4.87148726e-01 2.96962239e-01 2.96895284e-01 5.39599412e-01
   7.09339821e-01 6.04264238e-01 5.90981808e-01 5.08159353e-01]
  [9.55863240e-01 1.23707862e-01 5.60852624e-01 7.98176766e-01
   5.55331733e-01 6.71403879e-01 7.86633985e-01 6.83034024e-01
   9.42241716e-01 3.86614883e-02 2.05406533e-01 8.61035528e-01
   5.41996040e-01 5.06171353e-01 9.14805784e-01 3.50907271e-01
   6.83348348e-01 5.49745478e-01 8.29256312e-01 3.05635812e-01
   3.62152937e-01 3.90353368e-01 5.20905448e-02 9.60591704e-02
   1.22542838e-01 1.73102561e-01 7.65294266e-01 4.47236042e-01]
  [5.98321022e-01 7.79590336e-01 8.13908278e-01 8.84758554e-01
   2.88840631e-01 7.40789877e-01 5.57967411e-01 7.38358221e-01
   2.89408367e-02 7.34779701e-01 4.71708694e-01 2.05528071e-01
   4.35632841e-02 2.09841918e-01 1.45809406e-01 5.21362127e-01
   7.26466684e-01 3.35776610e-01 6.13194215e-01 5.99037434e-01
   2.66914355e-01 1.47432875e-01 1.15195619e-01 9.10765709e-01
   4.76129095e-01 7.40217336e-01 6.87153840e-01 1.36946084e-01]
  [3.23178675e-01 1.56211801e-01 7.23122921e-01 7.02164257e-01
   4.12626518e-01 9.89031149e-01 8.40204014e-01 8.51824022e-01
   3.19761131e-01 2.79899334e-01 8.01026280e-02 9.39160110e-01
   7.55498223e-01 9.36690901e-01 9.54636078e-01 6.71818861e-01
   4.63586062e-01 9.64269587e-01 7.49422533e-01 9.27148174e-01
   9.95049911e-01 3.48701525e-01 7.71749960e-01 5.48381476e-01
   2.96154066e-02 7.53871614e-01 6.52746547e-01 4.72185799e-03]
  [3.51952847e-01 7.81361582e-01 8.75063313e-01 7.83744721e-01
   5.78852751e-02 7.76188062e-01 5.73905064e-01 1.70152830e-01
   8.65720847e-01 5.25614040e-01 6.87669951e-01 2.24870229e-02
   7.46299584e-01 6.63271511e-01 7.74125281e-01 9.45534763e-01
   8.33922079e-02 5.75245969e-01 9.21063317e-02 9.90202150e-01
   5.84989305e-01 6.50876823e-01 1.19633004e-01 8.14853839e-01
   8.84904313e-01 8.35772736e-01 2.78619614e-01 5.64139454e-01]
  [2.34643813e-01 1.30579129e-01 6.04685267e-01 6.97403421e-02
   6.47158762e-01 9.78681956e-01 4.12265800e-01 6.29527798e-01
   1.66522702e-01 6.64140533e-01 4.65859132e-01 6.29099044e-01
   3.74788279e-01 8.37371624e-01 4.44694259e-01 6.04854041e-01
   5.61803623e-01 6.17449909e-01 8.49712043e-01 9.66340852e-01
   1.72315848e-01 9.32687392e-01 5.67342013e-01 4.64946570e-01
   1.69992963e-01 1.58332936e-01 8.87064501e-01 2.80270827e-02]
  [8.68017108e-01 6.78710309e-01 3.41448143e-01 3.12797156e-01
   1.63016922e-01 9.17858345e-01 1.53765893e-01 3.64358824e-01
   5.38928834e-01 5.78917240e-01 9.67414680e-01 2.58653567e-01
   7.29810130e-01 8.48145215e-01 9.33181739e-01 2.61137441e-02
   5.44406090e-01 5.30681098e-01 7.47449767e-01 5.85210613e-01
   4.58836098e-01 4.30456823e-01 4.95860572e-01 7.58678128e-01
   2.49827345e-01 3.11408872e-02 4.76480273e-01 9.02193080e-01]
  [2.49826241e-01 5.44214622e-01 2.00772614e-01 1.01737851e-01
   2.69525944e-01 1.01531444e-01 4.54326033e-01 5.43592898e-02
   1.53794202e-02 3.96297550e-01 3.18454042e-01 4.48961395e-01
   5.68350157e-01 7.45955236e-01 5.89542856e-01 1.70542289e-01
   6.26195003e-01 5.65723648e-01 2.06368729e-01 9.89116636e-01
   4.73467482e-01 5.19148235e-01 6.73782803e-01 4.20661843e-01
   1.10746965e-01 7.88088481e-01 7.96977631e-01 4.02479359e-01]
  [7.96210768e-01 9.29055642e-01 2.15905785e-01 8.94117982e-01
   8.99876649e-01 4.03602370e-01 8.71179015e-01 2.85289684e-01
   7.11352086e-01 5.60313995e-01 5.65619117e-01 7.93479400e-01
   7.61728223e-01 5.15439714e-01 1.55580167e-01 9.40510391e-01
   4.29600271e-02 6.64652173e-01 6.29781645e-01 2.69048544e-01
   9.82805038e-01 5.63515921e-01 9.78735265e-01 7.80256242e-01
   8.79518097e-04 5.20650254e-01 5.56376509e-01 7.46483365e-01]
  [3.00123389e-01 4.20071980e-01 1.48047616e-01 1.77355398e-01
   6.30709019e-01 9.55444343e-01 7.25377701e-01 3.74475463e-01
   5.77854141e-01 7.99314841e-01 3.49165186e-01 9.40065094e-01
   1.13875544e-01 7.61918704e-01 1.60674192e-03 4.85508503e-01
   5.31362915e-01 4.31685437e-02 9.02105907e-01 1.85094857e-01
   2.69778591e-01 2.67396688e-01 1.23798812e-01 5.83753899e-01
   6.82775230e-01 8.21422522e-01 3.34220482e-01 6.29860075e-01]
  [1.33878718e-01 8.35648318e-02 1.25691776e-01 6.45640321e-01
   7.96492747e-01 5.63860798e-01 3.76912761e-01 1.70145253e-01
   2.07411917e-02 9.25545067e-01 4.82631597e-01 8.96047239e-01
   7.03414865e-01 6.42764933e-02 1.31228053e-01 4.19049021e-01
   5.18396263e-01 7.32538578e-01 1.19133327e-01 3.79131553e-01
   7.42396081e-01 4.01266857e-01 1.21452663e-01 9.58778605e-01
   2.13794432e-01 3.91727150e-01 2.03003938e-01 2.83424188e-01]
  [2.16742961e-01 2.82647599e-01 5.99329926e-01 2.22930625e-01
   3.97135583e-01 4.88358247e-01 1.21596208e-01 8.71269807e-02
   7.65881925e-01 5.47692429e-01 2.40207632e-01 3.13934113e-01
   9.69471271e-01 4.12652756e-02 1.23241560e-01 1.63490571e-01
   3.50438262e-01 4.08937972e-01 5.02573972e-01 2.49977717e-01
   1.26352714e-01 4.35362706e-01 8.90136244e-01 8.59092418e-01
   9.18515511e-01 3.46479708e-01 8.74141212e-01 6.42834459e-01]
  [3.03461855e-01 8.22399758e-01 9.78394576e-01 5.21260465e-01
   8.51212034e-01 7.70961893e-01 8.30760322e-01 8.47461508e-01
   5.64050122e-01 7.53777704e-01 4.85517153e-01 3.30670164e-01
   8.12672202e-01 1.77678831e-01 7.40255010e-01 5.69880490e-01
   2.10242620e-02 4.56063678e-02 9.95377738e-01 5.18729485e-01
   7.12660942e-01 7.18496771e-01 9.21206187e-01 7.96173274e-01
   8.29864112e-01 6.73843649e-02 5.43661622e-01 4.20981666e-01]
  [1.85679138e-01 8.94736127e-01 1.88965763e-01 5.08815298e-01
   4.78280948e-01 2.46381997e-01 3.93704253e-01 7.33302024e-01
   5.45821328e-01 5.21415920e-01 7.21335499e-01 4.63194123e-01
   9.39533755e-01 2.51841979e-01 5.63549340e-01 7.59301572e-01
   1.95254614e-01 9.00279045e-01 1.88785125e-01 3.19635353e-02
   3.09683567e-01 3.06649593e-01 2.27487741e-01 3.20013837e-01
   6.03553390e-01 1.57808681e-02 9.40803900e-01 9.61014387e-01]
  [8.08042361e-01 8.95763468e-01 4.71353784e-01 6.52035478e-01
   6.20194449e-01 8.10042446e-01 4.22682817e-01 8.60353133e-01
   2.10233909e-01 8.49544492e-01 4.85332373e-01 5.92799077e-01
   6.14815281e-01 9.54898979e-01 2.67375118e-01 3.91569883e-01
   1.01022491e-02 3.12868260e-01 4.98686274e-01 5.55758083e-01
   2.17823647e-01 7.64855511e-01 8.56862292e-01 5.07417469e-01
   6.50068044e-01 3.30057298e-02 8.82776906e-01 6.42922919e-01]
  [4.07379375e-01 5.47046106e-01 6.13928714e-01 2.91713221e-01
   3.83225163e-01 2.55695385e-01 5.59911629e-01 1.26650508e-01
   2.88571902e-01 7.07731526e-01 1.84357143e-01 1.94322688e-01
   7.88352396e-01 9.14951948e-01 6.04815331e-02 8.67196744e-01
   8.48089325e-01 6.90186725e-01 8.45693910e-01 4.29652008e-01
   8.72300449e-01 4.11679775e-01 9.68499433e-01 9.30497605e-01
   7.72827258e-01 8.04483208e-01 1.33487249e-01 7.35844938e-02]
  [8.02695252e-01 7.55018186e-01 3.53699909e-01 4.77350350e-01
   4.44710584e-01 2.63014372e-01 1.08076295e-01 7.47887804e-01
   6.05641402e-02 6.08288147e-01 6.58728005e-02 7.77056604e-01
   1.04135301e-01 4.39316388e-01 2.58359921e-01 8.92406209e-01
   6.81824526e-02 5.64747462e-01 7.91123725e-01 8.70059858e-01
   6.40575923e-01 3.06979344e-01 6.49382688e-01 4.18221576e-01
   6.05194629e-01 8.13548017e-01 8.41904069e-03 2.44478579e-01]
  [7.08774527e-01 8.64869033e-01 4.21160821e-01 7.14778495e-01
   7.65171891e-01 3.29738026e-01 5.58193729e-01 6.37917408e-01
   5.19438743e-01 4.25260055e-01 4.60741407e-02 8.54454731e-01
   7.31988153e-01 6.57666052e-01 2.80803012e-01 7.41926098e-01
   1.31392236e-02 6.69934446e-01 9.05756639e-01 1.98650354e-02
   9.53329712e-01 4.78197898e-01 7.05676025e-01 1.37860674e-01
   3.23321189e-01 7.24196059e-01 9.09884247e-01 4.71892231e-01]
  [3.00408174e-01 6.09240036e-02 2.50075024e-01 5.31336437e-01
   7.83303536e-02 9.66774869e-01 5.61227465e-01 6.97458399e-01
   5.72716897e-01 6.97138496e-01 6.21236194e-01 1.86737121e-01
   9.33919252e-02 2.12940836e-01 6.00978444e-01 4.20499517e-01
   9.98614874e-03 4.34090292e-01 2.31976792e-01 3.44630567e-01
   8.46811891e-01 2.65773246e-01 2.93434078e-01 5.24291728e-01
   3.01292735e-02 2.35893835e-01 5.58649067e-01 6.35517465e-01]]]