[[[5.25649327e-01 3.95374681e-01 5.66449538e-01 9.82059216e-01
   7.75421856e-01 9.57218415e-01 6.02180088e-01 2.92414960e-01
   1.50973915e-01 8.47361667e-01 5.16468459e-01 2.27192152e-01
   9.63062858e-01 6.79554316e-01 5.71348195e-01 5.82395357e-01
   2.54999591e-01 1.89122181e-01 2.51708467e-01 6.06980568e-01
   4.55908899e-01 4.91895737e-01 1.77146872e-02 8.67991032e-01
   8.34048246e-01 7.90161589e-01 5.78690734e-01 7.30049400e-01]
  [4.47364355e-01 5.47893731e-01 7.47887598e-01 4.03935693e-01
   4.58239471e-02 6.25762232e-01 1.74761628e-01 3.62058762e-01
   2.63034829e-02 3.39577958e-01 7.17988421e-01 5.23239421e-01
   4.56886137e-01 8.04987117e-01 3.03763800e-01 6.76885373e-01
   9.66429909e-01 5.11213782e-01 2.01918191e-01 2.42425071e-01
   2.68583508e-01 7.39035246e-01 4.50060587e-01 1.22928560e-01
   7.87947338e-01 8.85130922e-01 5.22160646e-01 6.92769314e-01]
  [1.45729056e-01 5.12088258e-01 5.14024508e-01 7.75631358e-02
   6.70327085e-01 7.11845335e-01 4.25957448e-01 6.31392708e-01
   3.85058063e-01 5.28680278e-01 4.78465688e-01 1.42364242e-01
   6.19591740e-02 9.71219318e-02 3.25930387e-01 2.96859234e-01
   8.35857416e-01 3.02109255e-01 8.31742490e-01 7.54177014e-01
   2.92832297e-01 7.42730999e-02 8.98478235e-02 6.81058193e-01
   8.95149150e-01 6.95117762e-02 7.27259861e-01 6.53062879e-01]
  [6.48751792e-01 4.42311536e-01 1.88697204e-01 5.39449710e-01
   8.89485016e-01 9.37468697e-01 6.55782903e-01 2.23450440e-01
   2.26978643e-01 1.59595353e-01 9.38249054e-01 9.68008865e-01
   9.42821702e-01 5.30086662e-01 2.21701943e-01 3.56631038e-01
   6.99841038e-02 1.04189112e-01 2.29780069e-02 1.20423754e-01
   1.18697035e-01 2.10832909e-01 2.62410080e-01 4.52491368e-01
   7.13159622e-01 9.93829998e-01 1.29862097e-01 5.55998066e-01]
  [3.46963023e-01 8.43425986e-01 2.38915546e-01 4.10338744e-01
   7.59486368e-01 6.99679187e-01 5.46075934e-01 1.70465475e-01
   6.96567276e-01 9.07589064e-01 1.08343554e-01 7.42508415e-02
   9.62517124e-01 8.77468701e-01 3.17266120e-01 2.54054286e-01
   3.44938442e-01 6.02447293e-01 8.83490738e-01 9.38596761e-01
   6.10451103e-01 1.79567923e-01 5.93668393e-01 7.67497067e-01
   1.51112164e-01 2.74260598e-01 3.47987926e-01 3.44322589e-01]
  [4.32054138e-02 3.74871274e-01 8.03026857e-01 1.58327985e-01
   3.72745458e-01 3.80615716e-01 3.33274371e-01 8.62156529e-01
   5.09908806e-01 5.51283571e-01 9.18676932e-01 7.58596087e-01
   7.38972873e-01 5.59925871e-01 5.62592195e-01 2.99119395e-01
   9.14263339e-01 5.71009341e-01 6.33290348e-01 5.36632627e-01
   5.08619644e-01 3.33972935e-01 3.14120360e-01 3.02985773e-02
   5.42966859e-02 3.50464664e-01 6.72815939e-01 3.79618877e-01]
  [7.16221867e-01 4.91234486e-01 9.09827894e-01 8.15483896e-01
   8.47503000e-01 9.72799836e-01 2.02828153e-01 4.77815132e-01
   8.74892476e-01 5.53330247e-01 2.31201525e-01 6.39615524e-01
   4.01803661e-01 7.48171772e-01 4.15071730e-01 4.66363366e-01
   2.89828125e-01 3.63166463e-01 3.26177036e-02 3.58012548e-01
   7.07773769e-01 7.36184043e-01 1.28013531e-01 8.81488546e-01
   2.47600544e-01 1.16796142e-01 6.62280817e-01 3.81970614e-01]
  [9.79568366e-01 7.25794859e-02 2.78084191e-01 8.58943182e-01
   4.45455312e-01 4.88859938e-01 9.53965029e-01 1.88139847e-01
   1.25598383e-01 9.73287004e-01 5.45287635e-02 8.51295561e-01
   2.48494112e-01 5.54367387e-01 8.68630666e-01 7.24657267e-02
   3.18728794e-01 7.57694017e-02 2.38139588e-01 3.94310027e-01
   3.44507010e-01 3.23359644e-01 7.41403296e-01 2.25640746e-01
   9.19587874e-01 8.71377144e-01 2.54387867e-01 5.35949149e-01]
  [7.02763882e-01 2.52544654e-02 9.66032117e-01 2.39168049e-01
   6.54167355e-01 8.69806860e-01 6.71725403e-01 9.84111152e-01
   2.56603997e-01 7.52947681e-02 4.69655481e-01 5.06751650e-01
   4.44172222e-01 6.65320605e-02 2.30853896e-01 4.54331118e-02
   3.30213662e-01 5.41211595e-01 3.41064304e-01 7.77992493e-01
   8.03573058e-01 4.41515126e-01 1.58689044e-01 5.66373203e-01
   9.54565479e-01 7.62121450e-01 8.74212245e-01 9.85982865e-01]
  [7.28430595e-01 8.16388422e-01 7.77184621e-01 2.88318337e-01
   3.66677020e-01 7.38531949e-01 1.02550896e-01 4.89202394e-01
   9.31317928e-01 1.83113008e-02 1.50593547e-01 4.94733355e-01
   6.19828579e-01 9.04244785e-01 2.90164843e-01 1.69990517e-01
   9.17833390e-01 2.68057535e-01 3.46861191e-02 3.74260033e-01
   7.59973803e-01 1.21179293e-01 8.80596738e-01 8.13216399e-01
   4.28703059e-01 6.28984303e-01 8.19375797e-01 7.91051310e-01]
  [7.07172026e-01 5.45063665e-02 9.04785439e-01 5.13435275e-01
   6.15478510e-01 8.37439823e-01 6.73306826e-01 5.38437432e-01
   8.02279732e-01 2.32915844e-01 2.98241202e-01 9.63068804e-01
   3.20956823e-01 2.45402781e-01 5.29391589e-01 3.22031125e-01
   4.97807380e-01 6.23519155e-01 2.27858549e-01 6.19654231e-01
   9.24963120e-01 5.20123986e-01 7.01210946e-01 7.43886716e-01
   2.90557194e-01 1.57648140e-02 6.67171488e-01 8.46225908e-01]
  [8.24234818e-01 7.49264879e-01 8.11127011e-01 9.97688844e-01
   8.53870484e-01 6.86526054e-01 1.08527077e-01 5.95262902e-01
   3.40904480e-01 5.17841620e-01 4.12559119e-01 6.12716730e-01
   8.19155027e-01 2.68588730e-01 4.13502038e-01 7.61832682e-03
   7.94926462e-01 9.73469075e-01 6.43263599e-01 4.78767705e-01
   2.31361849e-01 4.52165625e-01 5.43618440e-01 1.98288912e-01
   8.80558044e-01 3.60481940e-01 1.80904752e-01 5.38530459e-01]
  [5.38596195e-01 6.74433300e-01 8.03555521e-01 1.82953310e-01
   9.70109735e-01 3.95419738e-02 3.94437461e-01 6.19996261e-01
   1.69526409e-01 7.96496250e-01 6.96838072e-01 1.44393110e-02
   1.49575657e-01 6.83159276e-01 4.27726807e-01 2.31480574e-01
   2.91234712e-01 4.41613999e-01 5.14323532e-01 9.37947907e-01
   9.67636539e-01 6.31774050e-01 3.06336773e-01 1.23712498e-01
   5.81925863e-01 5.00404271e-02 6.35930550e-01 8.12939476e-02]
  [9.38930136e-01 9.44364846e-01 5.20763423e-01 3.79848434e-01
   3.05801179e-01 4.50231891e-01 9.73158785e-01 9.98518168e-01
   4.16347469e-01 9.14744604e-01 4.31396652e-01 5.97286204e-01
   9.35639869e-02 5.08281249e-01 6.06481003e-01 2.95797308e-01
   4.63172597e-01 9.62257195e-01 8.72331769e-01 9.68909335e-01
   9.95756811e-01 2.58835342e-01 2.33420146e-01 8.28473941e-01
   9.32615591e-01 4.10689105e-01 4.74146180e-01 3.64167291e-01]
  [3.89619791e-01 5.43730101e-01 2.04790372e-01 7.22186494e-01
   8.25571603e-01 7.66316807e-01 1.47128935e-01 5.94717880e-01
   4.89140385e-01 5.88840326e-01 8.64971355e-01 2.50592035e-02
   8.67222997e-01 2.10305692e-01 3.83793086e-01 3.31344116e-01
   2.61870598e-01 8.57806150e-02 5.57460967e-01 3.98870483e-01
   8.52791392e-01 4.09296081e-01 7.90463880e-01 8.96082079e-01
   1.23776401e-01 5.09077742e-02 9.93714923e-01 9.74634752e-01]
  [6.35773066e-01 4.58090566e-01 2.10073142e-02 4.88855904e-01
   1.24625259e-01 6.99699768e-01 7.95415781e-01 8.06699051e-01
   4.01936222e-01 6.51812506e-01 5.31659570e-01 4.63105267e-01
   5.96470020e-01 7.26420568e-01 8.97516758e-01 9.41670981e-02
   4.26932798e-01 3.33993985e-01 9.38015591e-01 2.63007394e-01
   3.28220807e-01 7.77452561e-01 3.69180665e-01 5.02554599e-01
   3.82964250e-01 1.30012994e-01 9.90885906e-01 7.93650689e-01]
  [4.58112316e-01 7.51885909e-01 3.15459915e-02 2.10811816e-01
   6.54508267e-01 6.25263351e-01 2.17843814e-01 7.75454638e-01
   1.20725442e-01 6.96890975e-01 6.25205073e-01 7.58085867e-01
   2.41696734e-01 7.39772123e-01 8.70636796e-01 7.68872449e-01
   8.29182535e-01 1.79464151e-01 8.94772296e-01 5.69468167e-01
   4.14778103e-01 5.67797735e-02 4.95416822e-01 4.05696489e-01
   5.05191302e-02 4.92422350e-01 7.33623275e-01 2.32019651e-01]
  [1.44347408e-02 4.57979353e-01 6.50275949e-01 5.55073127e-01
   9.71721252e-01 9.80105602e-01 9.65744777e-01 3.55983672e-01
   3.11316274e-01 9.65622313e-02 3.34161527e-02 9.70743546e-01
   6.84636663e-01 8.14668232e-02 5.75141695e-01 5.75488075e-01
   6.33507226e-01 7.38588137e-01 8.89571376e-01 8.34071563e-01
   5.19811457e-01 1.79651398e-01 5.37086688e-01 7.65224788e-01
   5.71983901e-01 6.99762370e-01 8.54492064e-01 4.65148352e-01]
  [7.05888549e-01 1.15901839e-01 6.12342579e-01 6.34052635e-01
   6.10383027e-02 2.08418057e-01 3.54839564e-01 6.44423523e-01
   8.35657042e-02 8.75469083e-01 2.31222535e-01 8.87363120e-01
   5.05033116e-04 8.30312221e-02 9.69738562e-01 3.44587637e-01
   5.48698444e-01 8.83022208e-01 9.00247589e-01 1.79085610e-02
   7.30511963e-01 6.86985972e-01 2.61201846e-01 7.69629663e-01
   2.49528832e-01 7.90052406e-01 3.85476388e-01 7.29715168e-01]
  [5.10543060e-01 4.72990570e-01 3.32973587e-01 3.83429146e-01
   2.24530769e-01 5.08190250e-01 8.19719097e-01 5.82702569e-01
   4.29568081e-01 8.29945585e-01 2.43106609e-01 7.50353019e-01
   8.30333366e-01 9.05481425e-01 6.87657929e-01 8.84848400e-01
   2.45418526e-01 6.82686467e-01 8.65525911e-01 4.23494127e-01
   4.21631745e-01 6.32134789e-01 3.07213842e-01 8.38248211e-01
   2.53634848e-01 3.42142018e-02 8.32306824e-01 8.89287785e-01]
  [3.41945222e-01 5.44154297e-01 7.45360244e-01 8.16474705e-01
   3.94613415e-01 6.69198956e-01 4.06117443e-01 1.46816863e-01
   9.61160134e-01 2.14824082e-01 5.29979201e-01 3.13618126e-01
   2.78347492e-01 5.61763730e-01 3.16003279e-01 9.25122620e-01
   8.34473664e-02 8.22640790e-01 4.45742151e-01 6.92513374e-03
   7.67332942e-01 9.33508770e-01 3.58937840e-02 8.84289467e-01
   5.30120909e-01 7.22278062e-01 6.54716586e-01 4.18738168e-01]
  [9.68928649e-01 2.86000382e-01 1.63891089e-01 2.00969464e-01
   4.30135160e-01 5.04127208e-01 2.94171163e-01 3.11458046e-01
   5.76111515e-01 2.97347527e-01 2.57345424e-01 8.76126505e-01
   8.19468124e-01 3.83199488e-01 4.76746178e-01 1.02795668e-02
   1.23993509e-01 7.94875553e-01 3.28871562e-01 2.50485387e-01
   5.12917999e-01 3.94458733e-01 5.06887053e-01 5.58058469e-01
   7.21618391e-01 9.61746262e-01 6.11975374e-01 7.22377582e-02]
  [4.51180152e-01 1.41548142e-01 8.83740923e-01 2.85684353e-01
   8.71319945e-01 6.80067912e-01 5.77036367e-01 4.23835018e-01
   6.89236297e-01 8.56026054e-02 4.94656522e-01 2.55361794e-02
   9.98519504e-01 6.33091479e-01 5.03522632e-01 6.37887483e-01
   3.26616313e-01 3.46444057e-01 6.68930086e-01 7.07982869e-01
   5.33684909e-01 4.83673838e-01 1.72097130e-01 5.13838885e-01
   9.41468034e-01 4.29642300e-01 5.94642633e-01 6.46539798e-01]
  [1.31395897e-01 6.47760794e-01 4.34133790e-01 6.94890035e-01
   9.79753083e-01 3.56894519e-01 9.13573437e-01 8.79894380e-01
   8.41578037e-01 3.69397283e-01 4.89569075e-01 8.94636309e-01
   7.61330924e-01 2.21804729e-01 3.98695544e-02 4.61003701e-01
   9.34445462e-01 6.07428462e-01 2.30923520e-01 8.14472920e-01
   8.76165870e-01 8.66608466e-01 7.08600142e-01 4.86892517e-01
   2.57563719e-01 5.71931371e-01 8.92074810e-01 8.01626864e-01]
  [7.48217624e-01 1.72849479e-01 9.24346637e-01 6.97956667e-01
   2.32804254e-01 3.08901172e-01 9.25672799e-01 2.03551685e-01
   3.51572147e-01 4.82844993e-02 6.32448282e-01 2.47459391e-01
   5.33259618e-01 7.33582659e-01 6.95989217e-01 1.99203899e-02
   1.84741889e-01 4.07121495e-01 1.07791995e-01 5.16673698e-01
   7.37596276e-01 3.48597510e-03 8.13134710e-01 4.84028434e-01
   4.00871294e-01 8.22847035e-01 5.37668320e-01 3.71778011e-01]
  [8.91562268e-01 7.36838877e-01 8.01692412e-01 9.55527716e-02
   2.78264696e-01 6.97018335e-01 5.33223165e-01 7.98325999e-01
   1.06271246e-01 5.45262148e-01 5.07878485e-02 1.96128478e-01
   5.97217916e-01 2.95894192e-01 1.67867645e-01 5.88617228e-01
   5.99555015e-01 8.63666341e-01 8.83829094e-02 4.05788328e-02
   8.60838928e-01 3.77679279e-01 8.75121801e-01 2.24654520e-01
   9.90628453e-01 7.25974363e-01 9.10896574e-01 1.74718756e-01]
  [6.46750750e-01 4.57634821e-01 2.00701868e-01 8.21365235e-01
   8.05095068e-01 4.76354978e-01 5.20281476e-01 6.87179395e-01
   5.73558512e-01 1.97654142e-01 3.01212295e-01 6.15155560e-01
   3.33501709e-01 2.66725200e-01 5.16457246e-01 6.96730701e-01
   1.61737481e-01 5.84255719e-01 4.60539579e-01 5.89708768e-01
   8.61454084e-01 8.05873183e-01 1.50750386e-01 9.73650011e-01
   1.64010196e-01 7.70113176e-01 6.61144660e-01 9.29921529e-01]
  [5.89036621e-01 9.73053663e-01 3.96389630e-01 2.86493079e-01
   7.97659451e-01 2.95855151e-02 6.22453964e-01 6.81431183e-01
   1.35209293e-01 1.67025619e-01 6.33269790e-01 1.03994577e-01
   2.19175517e-01 9.57665778e-01 4.40369320e-01 5.53794857e-01
   8.45113613e-01 8.01801478e-01 6.51388858e-01 1.16573513e-02
   4.17528381e-01 4.57406369e-02 1.90689629e-01 3.73566762e-01
   8.25614863e-01 5.21617834e-01 9.55930661e-01 8.86298636e-01]]]