[[[-2.62862996e-04 -2.62862996e-04 -3.44801128e-04 -3.44801128e-04
   -4.86640111e-04 -4.86640111e-04 -7.35661407e-04 -7.35661407e-04
   -8.69999854e-04 -8.69999854e-04 -6.84147767e-04 -6.84147767e-04
   -5.80217973e-04 -5.80217973e-04 -5.31396745e-04 -5.31396745e-04
   -5.38369849e-04 -5.38369849e-04 -6.60439356e-04 -6.60439356e-04
   -6.90533271e-04 -6.90533271e-04 -2.83703049e-04 -2.83703049e-04
   -9.46301541e-05 -9.46301541e-05]
  [-2.62862996e-04 -2.62862996e-04 -3.44801128e-04 -3.44801128e-04
   -4.86640111e-04 -4.86640111e-04 -7.35661407e-04 -7.35661407e-04
   -8.69999854e-04 -8.69999854e-04 -6.84147767e-04 -6.84147767e-04
   -5.80217973e-04 -5.80217973e-04 -5.31396745e-04 -5.31396745e-04
   -5.38369849e-04 -5.38369849e-04 -6.60439356e-04 -6.60439356e-04
   -6.90533271e-04 -6.90533271e-04 -2.83703049e-04 -2.83703049e-04
   -9.46301541e-05 -9.46301541e-05]
  [-5.17624428e-04 -5.17624428e-04 -8.00414889e-04 -8.00414889e-04
   -6.78841107e-04 -6.78841107e-04 -1.32527096e-03 -1.32527096e-03
   -1.26204817e-03 -1.26204817e-03 -9.68141830e-04 -9.68141830e-04
   -1.30241300e-03 -1.30241300e-03 -1.55236883e-03 -1.55236883e-03
   -1.50765219e-03 -1.50765219e-03 -1.59371697e-03 -1.59371697e-03
   -1.69224441e-03 -1.69224441e-03 -8.26897659e-04 -8.26897659e-04
   -3.58550252e-04 -3.58550252e-04]
  [-5.17624428e-04 -5.17624428e-04 -8.00414889e-04 -8.00414889e-04
   -6.78841107e-04 -6.78841107e-04 -1.32527096e-03 -1.32527096e-03
   -1.26204817e-03 -1.26204817e-03 -9.68141830e-04 -9.68141830e-04
   -1.30241300e-03 -1.30241300e-03 -1.55236883e-03 -1.55236883e-03
   -1.50765219e-03 -1.50765219e-03 -1.59371697e-03 -1.59371697e-03
   -1.69224441e-03 -1.69224441e-03 -8.26897659e-04 -8.26897659e-04
   -3.58550252e-04 -3.58550252e-04]
  [-8.10701098e-04 -8.10701098e-04 -9.57269618e-04 -9.57269618e-04
   -1.54708700e-03 -1.54708700e-03 -1.90695212e-03 -1.90695212e-03
   -1.85068805e-03 -1.85068805e-03 -1.27129117e-03 -1.27129117e-03
   -1.42162948e-03 -1.42162948e-03 -1.91017700e-03 -1.91017700e-03
   -2.04033564e-03 -2.04033564e-03 -1.70983924e-03 -1.70983924e-03
   -2.06246007e-03 -2.06246007e-03 -1.92475067e-03 -1.92475067e-03
   -7.45822310e-04 -7.45822310e-04]
  [-8.10701098e-04 -8.10701098e-04 -9.57269618e-04 -9.57269618e-04
   -1.54708700e-03 -1.54708700e-03 -1.90695212e-03 -1.90695212e-03
   -1.85068805e-03 -1.85068805e-03 -1.27129117e-03 -1.27129117e-03
   -1.42162948e-03 -1.42162948e-03 -1.91017700e-03 -1.91017700e-03
   -2.04033564e-03 -2.04033564e-03 -1.70983924e-03 -1.70983924e-03
   -2.06246007e-03 -2.06246007e-03 -1.92475067e-03 -1.92475067e-03
   -7.45822310e-04 -7.45822310e-04]
  [-6.15927313e-04 -6.15927313e-04 -9.64407444e-04 -9.64407444e-04
   -1.80287615e-03 -1.80287615e-03 -2.10026710e-03 -2.10026710e-03
   -2.56734610e-03 -2.56734610e-03 -1.85889808e-03 -1.85889808e-03
   -1.69073176e-03 -1.69073176e-03 -2.60987818e-03 -2.60987818e-03
   -2.97437324e-03 -2.97437324e-03 -1.76274569e-03 -1.76274569e-03
   -1.58934878e-03 -1.58934878e-03 -1.41028595e-03 -1.41028595e-03
   -5.86927846e-04 -5.86927846e-04]
  [-6.15927313e-04 -6.15927313e-04 -9.64407444e-04 -9.64407444e-04
   -1.80287615e-03 -1.80287615e-03 -2.10026710e-03 -2.10026710e-03
   -2.56734610e-03 -2.56734610e-03 -1.85889808e-03 -1.85889808e-03
   -1.69073176e-03 -1.69073176e-03 -2.60987818e-03 -2.60987818e-03
   -2.97437324e-03 -2.97437324e-03 -1.76274569e-03 -1.76274569e-03
   -1.58934878e-03 -1.58934878e-03 -1.41028595e-03 -1.41028595e-03
   -5.86927846e-04 -5.86927846e-04]
  [-4.68123659e-04 -4.68123659e-04 -1.16784416e-03 -1.16784416e-03
   -1.94528813e-03 -1.94528813e-03 -2.07993000e-03 -2.07993000e-03
   -2.06768812e-03 -2.06768812e-03 -1.77695369e-03 -1.77695369e-03
   -1.68776110e-03 -1.68776110e-03 -2.34737442e-03 -2.34737442e-03
   -2.04717063e-03 -2.04717063e-03 -1.67368118e-03 -1.67368118e-03
   -1.11473673e-03 -1.11473673e-03 -8.08447786e-04 -8.08447786e-04
   -5.88354968e-04 -5.88354968e-04]
  [-4.68123659e-04 -4.68123659e-04 -1.16784416e-03 -1.16784416e-03
   -1.94528813e-03 -1.94528813e-03 -2.07993000e-03 -2.07993000e-03
   -2.06768812e-03 -2.06768812e-03 -1.77695369e-03 -1.77695369e-03
   -1.68776110e-03 -1.68776110e-03 -2.34737442e-03 -2.34737442e-03
   -2.04717063e-03 -2.04717063e-03 -1.67368118e-03 -1.67368118e-03
   -1.11473673e-03 -1.11473673e-03 -8.08447786e-04 -8.08447786e-04
   -5.88354968e-04 -5.88354968e-04]
  [-5.52345291e-04 -5.52345291e-04 -1.40971858e-03 -1.40971858e-03
   -2.15109120e-03 -2.15109120e-03 -2.16033650e-03 -2.16033650e-03
   -1.62153712e-03 -1.62153712e-03 -1.77963783e-03 -1.77963783e-03
   -2.35745545e-03 -2.35745545e-03 -2.33526447e-03 -2.33526447e-03
   -1.62429299e-03 -1.62429299e-03 -1.60195589e-03 -1.60195589e-03
   -1.55755435e-03 -1.55755435e-03 -1.40364499e-03 -1.40364499e-03
   -7.41219374e-04 -7.41219374e-04]
  [-5.52345291e-04 -5.52345291e-04 -1.40971858e-03 -1.40971858e-03
   -2.15109120e-03 -2.15109120e-03 -2.16033650e-03 -2.16033650e-03
   -1.62153712e-03 -1.62153712e-03 -1.77963783e-03 -1.77963783e-03
   -2.35745545e-03 -2.35745545e-03 -2.33526447e-03 -2.33526447e-03
   -1.62429299e-03 -1.62429299e-03 -1.60195589e-03 -1.60195589e-03
   -1.55755435e-03 -1.55755435e-03 -1.40364499e-03 -1.40364499e-03
   -7.41219374e-04 -7.41219374e-04]
  [-5.25708374e-04 -5.25708374e-04 -1.63061857e-03 -1.63061857e-03
   -2.03795074e-03 -2.03795074e-03 -1.38252973e-03 -1.38252973e-03
   -1.67975076e-03 -1.67975076e-03 -2.38021473e-03 -2.38021473e-03
   -2.97274475e-03 -2.97274475e-03 -2.59428125e-03 -2.59428125e-03
   -2.08039579e-03 -2.08039579e-03 -1.82456414e-03 -1.82456414e-03
   -1.86980176e-03 -1.86980176e-03 -1.36767997e-03 -1.36767997e-03
   -6.49108236e-04 -6.49108236e-04]
  [-5.25708374e-04 -5.25708374e-04 -1.63061857e-03 -1.63061857e-03
   -2.03795074e-03 -2.03795074e-03 -1.38252973e-03 -1.38252973e-03
   -1.67975076e-03 -1.67975076e-03 -2.38021473e-03 -2.38021473e-03
   -2.97274475e-03 -2.97274475e-03 -2.59428125e-03 -2.59428125e-03
   -2.08039579e-03 -2.08039579e-03 -1.82456414e-03 -1.82456414e-03
   -1.86980176e-03 -1.86980176e-03 -1.36767997e-03 -1.36767997e-03
   -6.49108236e-04 -6.49108236e-04]
  [-7.18383133e-04 -7.18383133e-04 -1.15690013e-03 -1.15690013e-03
   -1.25656194e-03 -1.25656194e-03 -1.40221412e-03 -1.40221412e-03
   -1.91663381e-03 -1.91663381e-03 -2.07435027e-03 -2.07435027e-03
   -2.11487987e-03 -2.11487987e-03 -1.83880254e-03 -1.83880254e-03
   -2.28323067e-03 -2.28323067e-03 -2.16390203e-03 -2.16390203e-03
   -2.27558549e-03 -2.27558549e-03 -1.29555219e-03 -1.29555219e-03
   -5.31910701e-04 -5.31910701e-04]
  [-7.18383133e-04 -7.18383133e-04 -1.15690013e-03 -1.15690013e-03
   -1.25656194e-03 -1.25656194e-03 -1.40221412e-03 -1.40221412e-03
   -1.91663381e-03 -1.91663381e-03 -2.07435027e-03 -2.07435027e-03
   -2.11487987e-03 -2.11487987e-03 -1.83880254e-03 -1.83880254e-03
   -2.28323067e-03 -2.28323067e-03 -2.16390203e-03 -2.16390203e-03
   -2.27558549e-03 -2.27558549e-03 -1.29555219e-03 -1.29555219e-03
   -5.31910701e-04 -5.31910701e-04]
  [-6.59256118e-04 -6.59256118e-04 -1.14438994e-03 -1.14438994e-03
   -1.74811102e-03 -1.74811102e-03 -1.78019957e-03 -1.78019957e-03
   -2.33187855e-03 -2.33187855e-03 -2.26155728e-03 -2.26155728e-03
   -1.78541061e-03 -1.78541061e-03 -8.94743632e-04 -8.94743632e-04
   -1.05980012e-03 -1.05980012e-03 -1.65540948e-03 -1.65540948e-03
   -2.29765592e-03 -2.29765592e-03 -1.31099231e-03 -1.31099231e-03
   -5.72888512e-04 -5.72888512e-04]
  [-6.59256118e-04 -6.59256118e-04 -1.14438994e-03 -1.14438994e-03
   -1.74811102e-03 -1.74811102e-03 -1.78019957e-03 -1.78019957e-03
   -2.33187855e-03 -2.33187855e-03 -2.26155728e-03 -2.26155728e-03
   -1.78541061e-03 -1.78541061e-03 -8.94743632e-04 -8.94743632e-04
   -1.05980012e-03 -1.05980012e-03 -1.65540948e-03 -1.65540948e-03
   -2.29765592e-03 -2.29765592e-03 -1.31099231e-03 -1.31099231e-03
   -5.72888512e-04 -5.72888512e-04]
  [-4.64597919e-04 -4.64597919e-04 -1.47001866e-03 -1.47001866e-03
   -2.45467516e-03 -2.45467516e-03 -1.69971187e-03 -1.69971187e-03
   -2.07799557e-03 -2.07799557e-03 -1.90581237e-03 -1.90581237e-03
   -1.21398648e-03 -1.21398648e-03 -1.18872018e-03 -1.18872018e-03
   -1.68771013e-03 -1.68771013e-03 -1.75945916e-03 -1.75945916e-03
   -1.60306493e-03 -1.60306493e-03 -1.56970662e-03 -1.56970662e-03
   -5.83026891e-04 -5.83026891e-04]
  [-4.64597919e-04 -4.64597919e-04 -1.47001866e-03 -1.47001866e-03
   -2.45467516e-03 -2.45467516e-03 -1.69971187e-03 -1.69971187e-03
   -2.07799557e-03 -2.07799557e-03 -1.90581237e-03 -1.90581237e-03
   -1.21398648e-03 -1.21398648e-03 -1.18872018e-03 -1.18872018e-03
   -1.68771013e-03 -1.68771013e-03 -1.75945916e-03 -1.75945916e-03
   -1.60306493e-03 -1.60306493e-03 -1.56970662e-03 -1.56970662e-03
   -5.83026891e-04 -5.83026891e-04]
  [-7.74355133e-04 -7.74355133e-04 -1.35528992e-03 -1.35528992e-03
   -2.06375599e-03 -2.06375599e-03 -2.36558812e-03 -2.36558812e-03
   -2.20913600e-03 -2.20913600e-03 -1.85016816e-03 -1.85016816e-03
   -1.94828535e-03 -1.94828535e-03 -1.92411146e-03 -1.92411146e-03
   -1.68135864e-03 -1.68135864e-03 -1.77118036e-03 -1.77118036e-03
   -2.03412605e-03 -2.03412605e-03 -1.38029358e-03 -1.38029358e-03
   -4.76934607e-04 -4.76934607e-04]
  [-7.74355133e-04 -7.74355133e-04 -1.35528992e-03 -1.35528992e-03
   -2.06375599e-03 -2.06375599e-03 -2.36558812e-03 -2.36558812e-03
   -2.20913600e-03 -2.20913600e-03 -1.85016816e-03 -1.85016816e-03
   -1.94828535e-03 -1.94828535e-03 -1.92411146e-03 -1.92411146e-03
   -1.68135864e-03 -1.68135864e-03 -1.77118036e-03 -1.77118036e-03
   -2.03412605e-03 -2.03412605e-03 -1.38029358e-03 -1.38029358e-03
   -4.76934607e-04 -4.76934607e-04]
  [-5.02432651e-04 -5.02432651e-04 -6.11084047e-04 -6.11084047e-04
   -9.05329410e-04 -9.05329410e-04 -1.03496297e-03 -1.03496297e-03
   -1.42944991e-03 -1.42944991e-03 -1.31814049e-03 -1.31814049e-03
   -1.58864855e-03 -1.58864855e-03 -1.35062807e-03 -1.35062807e-03
   -1.32066760e-03 -1.32066760e-03 -1.22863929e-03 -1.22863929e-03
   -1.21866897e-03 -1.21866897e-03 -9.14015439e-04 -9.14015439e-04
   -3.28100301e-04 -3.28100301e-04]
  [-5.02432651e-04 -5.02432651e-04 -6.11084047e-04 -6.11084047e-04
   -9.05329410e-04 -9.05329410e-04 -1.03496297e-03 -1.03496297e-03
   -1.42944991e-03 -1.42944991e-03 -1.31814049e-03 -1.31814049e-03
   -1.58864855e-03 -1.58864855e-03 -1.35062807e-03 -1.35062807e-03
   -1.32066760e-03 -1.32066760e-03 -1.22863929e-03 -1.22863929e-03
   -1.21866897e-03 -1.21866897e-03 -9.14015439e-04 -9.14015439e-04
   -3.28100301e-04 -3.28100301e-04]
  [-1.91496349e-04 -1.91496349e-04 -4.02175604e-04 -4.02175604e-04
   -5.19277160e-04 -5.19277160e-04 -6.16669061e-04 -6.16669061e-04
   -7.25396315e-04 -7.25396315e-04 -6.66518434e-04 -6.66518434e-04
   -6.62865775e-04 -6.62865775e-04 -6.38326993e-04 -6.38326993e-04
   -7.11166878e-04 -7.11166878e-04 -8.89288392e-04 -8.89288392e-04
   -6.94082055e-04 -6.94082055e-04 -4.15083009e-04 -4.15083009e-04
   -1.24905489e-04 -1.24905489e-04]
  [-1.91496349e-04 -1.91496349e-04 -4.02175604e-04 -4.02175604e-04
   -5.19277160e-04 -5.19277160e-04 -6.16669061e-04 -6.16669061e-04
   -7.25396315e-04 -7.25396315e-04 -6.66518434e-04 -6.66518434e-04
   -6.62865775e-04 -6.62865775e-04 -6.38326993e-04 -6.38326993e-04
   -7.11166878e-04 -7.11166878e-04 -8.89288392e-04 -8.89288392e-04
   -6.94082055e-04 -6.94082055e-04 -4.15083009e-04 -4.15083009e-04
   -1.24905489e-04 -1.24905489e-04]]

 [[-2.62862996e-04 -2.62862996e-04 -3.44801128e-04 -3.44801128e-04
   -4.86640111e-04 -4.86640111e-04 -7.35661407e-04 -7.35661407e-04
   -8.69999854e-04 -8.69999854e-04 -6.84147767e-04 -6.84147767e-04
   -5.80217973e-04 -5.80217973e-04 -5.31396745e-04 -5.31396745e-04
   -5.38369849e-04 -5.38369849e-04 -6.60439356e-04 -6.60439356e-04
   -6.90533271e-04 -6.90533271e-04 -2.83703049e-04 -2.83703049e-04
   -9.46301541e-05 -9.46301541e-05]
  [-2.62862996e-04 -2.62862996e-04 -3.44801128e-04 -3.44801128e-04
   -4.86640111e-04 -4.86640111e-04 -7.35661407e-04 -7.35661407e-04
   -8.69999854e-04 -8.69999854e-04 -6.84147767e-04 -6.84147767e-04
   -5.80217973e-04 -5.80217973e-04 -5.31396745e-04 -5.31396745e-04
   -5.38369849e-04 -5.38369849e-04 -6.60439356e-04 -6.60439356e-04
   -6.90533271e-04 -6.90533271e-04 -2.83703049e-04 -2.83703049e-04
   -9.46301541e-05 -9.46301541e-05]
  [-5.17624428e-04 -5.17624428e-04 -8.00414889e-04 -8.00414889e-04
   -6.78841107e-04 -6.78841107e-04 -1.32527096e-03 -1.32527096e-03
   -1.26204817e-03 -1.26204817e-03 -9.68141830e-04 -9.68141830e-04
   -1.30241300e-03 -1.30241300e-03 -1.55236883e-03 -1.55236883e-03
   -1.50765219e-03 -1.50765219e-03 -1.59371697e-03 -1.59371697e-03
   -1.69224441e-03 -1.69224441e-03 -8.26897659e-04 -8.26897659e-04
   -3.58550252e-04 -3.58550252e-04]
  [-5.17624428e-04 -5.17624428e-04 -8.00414889e-04 -8.00414889e-04
   -6.78841107e-04 -6.78841107e-04 -1.32527096e-03 -1.32527096e-03
   -1.26204817e-03 -1.26204817e-03 -9.68141830e-04 -9.68141830e-04
   -1.30241300e-03 -1.30241300e-03 -1.55236883e-03 -1.55236883e-03
   -1.50765219e-03 -1.50765219e-03 -1.59371697e-03 -1.59371697e-03
   -1.69224441e-03 -1.69224441e-03 -8.26897659e-04 -8.26897659e-04
   -3.58550252e-04 -3.58550252e-04]
  [-8.10701098e-04 -8.10701098e-04 -9.57269618e-04 -9.57269618e-04
   -1.54708700e-03 -1.54708700e-03 -1.90695212e-03 -1.90695212e-03
   -1.85068805e-03 -1.85068805e-03 -1.27129117e-03 -1.27129117e-03
   -1.42162948e-03 -1.42162948e-03 -1.91017700e-03 -1.91017700e-03
   -2.04033564e-03 -2.04033564e-03 -1.70983924e-03 -1.70983924e-03
   -2.06246007e-03 -2.06246007e-03 -1.92475067e-03 -1.92475067e-03
   -7.45822310e-04 -7.45822310e-04]
  [-8.10701098e-04 -8.10701098e-04 -9.57269618e-04 -9.57269618e-04
   -1.54708700e-03 -1.54708700e-03 -1.90695212e-03 -1.90695212e-03
   -1.85068805e-03 -1.85068805e-03 -1.27129117e-03 -1.27129117e-03
   -1.42162948e-03 -1.42162948e-03 -1.91017700e-03 -1.91017700e-03
   -2.04033564e-03 -2.04033564e-03 -1.70983924e-03 -1.70983924e-03
   -2.06246007e-03 -2.06246007e-03 -1.92475067e-03 -1.92475067e-03
   -7.45822310e-04 -7.45822310e-04]
  [-6.15927313e-04 -6.15927313e-04 -9.64407444e-04 -9.64407444e-04
   -1.80287615e-03 -1.80287615e-03 -2.10026710e-03 -2.10026710e-03
   -2.56734610e-03 -2.56734610e-03 -1.85889808e-03 -1.85889808e-03
   -1.69073176e-03 -1.69073176e-03 -2.60987818e-03 -2.60987818e-03
   -2.97437324e-03 -2.97437324e-03 -1.76274569e-03 -1.76274569e-03
   -1.58934878e-03 -1.58934878e-03 -1.41028595e-03 -1.41028595e-03
   -5.86927846e-04 -5.86927846e-04]
  [-6.15927313e-04 -6.15927313e-04 -9.64407444e-04 -9.64407444e-04
   -1.80287615e-03 -1.80287615e-03 -2.10026710e-03 -2.10026710e-03
   -2.56734610e-03 -2.56734610e-03 -1.85889808e-03 -1.85889808e-03
   -1.69073176e-03 -1.69073176e-03 -2.60987818e-03 -2.60987818e-03
   -2.97437324e-03 -2.97437324e-03 -1.76274569e-03 -1.76274569e-03
   -1.58934878e-03 -1.58934878e-03 -1.41028595e-03 -1.41028595e-03
   -5.86927846e-04 -5.86927846e-04]
  [-4.68123659e-04 -4.68123659e-04 -1.16784416e-03 -1.16784416e-03
   -1.94528813e-03 -1.94528813e-03 -2.07993000e-03 -2.07993000e-03
   -2.06768812e-03 -2.06768812e-03 -1.77695369e-03 -1.77695369e-03
   -1.68776110e-03 -1.68776110e-03 -2.34737442e-03 -2.34737442e-03
   -2.04717063e-03 -2.04717063e-03 -1.67368118e-03 -1.67368118e-03
   -1.11473673e-03 -1.11473673e-03 -8.08447786e-04 -8.08447786e-04
   -5.88354968e-04 -5.88354968e-04]
  [-4.68123659e-04 -4.68123659e-04 -1.16784416e-03 -1.16784416e-03
   -1.94528813e-03 -1.94528813e-03 -2.07993000e-03 -2.07993000e-03
   -2.06768812e-03 -2.06768812e-03 -1.77695369e-03 -1.77695369e-03
   -1.68776110e-03 -1.68776110e-03 -2.34737442e-03 -2.34737442e-03
   -2.04717063e-03 -2.04717063e-03 -1.67368118e-03 -1.67368118e-03
   -1.11473673e-03 -1.11473673e-03 -8.08447786e-04 -8.08447786e-04
   -5.88354968e-04 -5.88354968e-04]
  [-5.52345291e-04 -5.52345291e-04 -1.40971858e-03 -1.40971858e-03
   -2.15109120e-03 -2.15109120e-03 -2.16033650e-03 -2.16033650e-03
   -1.62153712e-03 -1.62153712e-03 -1.77963783e-03 -1.77963783e-03
   -2.35745545e-03 -2.35745545e-03 -2.33526447e-03 -2.33526447e-03
   -1.62429299e-03 -1.62429299e-03 -1.60195589e-03 -1.60195589e-03
   -1.55755435e-03 -1.55755435e-03 -1.40364499e-03 -1.40364499e-03
   -7.41219374e-04 -7.41219374e-04]
  [-5.52345291e-04 -5.52345291e-04 -1.40971858e-03 -1.40971858e-03
   -2.15109120e-03 -2.15109120e-03 -2.16033650e-03 -2.16033650e-03
   -1.62153712e-03 -1.62153712e-03 -1.77963783e-03 -1.77963783e-03
   -2.35745545e-03 -2.35745545e-03 -2.33526447e-03 -2.33526447e-03
   -1.62429299e-03 -1.62429299e-03 -1.60195589e-03 -1.60195589e-03
   -1.55755435e-03 -1.55755435e-03 -1.40364499e-03 -1.40364499e-03
   -7.41219374e-04 -7.41219374e-04]
  [-5.25708374e-04 -5.25708374e-04 -1.63061857e-03 -1.63061857e-03
   -2.03795074e-03 -2.03795074e-03 -1.38252973e-03 -1.38252973e-03
   -1.67975076e-03 -1.67975076e-03 -2.38021473e-03 -2.38021473e-03
   -2.97274475e-03 -2.97274475e-03 -2.59428125e-03 -2.59428125e-03
   -2.08039579e-03 -2.08039579e-03 -1.82456414e-03 -1.82456414e-03
   -1.86980176e-03 -1.86980176e-03 -1.36767997e-03 -1.36767997e-03
   -6.49108236e-04 -6.49108236e-04]
  [-5.25708374e-04 -5.25708374e-04 -1.63061857e-03 -1.63061857e-03
   -2.03795074e-03 -2.03795074e-03 -1.38252973e-03 -1.38252973e-03
   -1.67975076e-03 -1.67975076e-03 -2.38021473e-03 -2.38021473e-03
   -2.97274475e-03 -2.97274475e-03 -2.59428125e-03 -2.59428125e-03
   -2.08039579e-03 -2.08039579e-03 -1.82456414e-03 -1.82456414e-03
   -1.86980176e-03 -1.86980176e-03 -1.36767997e-03 -1.36767997e-03
   -6.49108236e-04 -6.49108236e-04]
  [-7.18383133e-04 -7.18383133e-04 -1.15690013e-03 -1.15690013e-03
   -1.25656194e-03 -1.25656194e-03 -1.40221412e-03 -1.40221412e-03
   -1.91663381e-03 -1.91663381e-03 -2.07435027e-03 -2.07435027e-03
   -2.11487987e-03 -2.11487987e-03 -1.83880254e-03 -1.83880254e-03
   -2.28323067e-03 -2.28323067e-03 -2.16390203e-03 -2.16390203e-03
   -2.27558549e-03 -2.27558549e-03 -1.29555219e-03 -1.29555219e-03
   -5.31910701e-04 -5.31910701e-04]
  [-7.18383133e-04 -7.18383133e-04 -1.15690013e-03 -1.15690013e-03
   -1.25656194e-03 -1.25656194e-03 -1.40221412e-03 -1.40221412e-03
   -1.91663381e-03 -1.91663381e-03 -2.07435027e-03 -2.07435027e-03
   -2.11487987e-03 -2.11487987e-03 -1.83880254e-03 -1.83880254e-03
   -2.28323067e-03 -2.28323067e-03 -2.16390203e-03 -2.16390203e-03
   -2.27558549e-03 -2.27558549e-03 -1.29555219e-03 -1.29555219e-03
   -5.31910701e-04 -5.31910701e-04]
  [-6.59256118e-04 -6.59256118e-04 -1.14438994e-03 -1.14438994e-03
   -1.74811102e-03 -1.74811102e-03 -1.78019957e-03 -1.78019957e-03
   -2.33187855e-03 -2.33187855e-03 -2.26155728e-03 -2.26155728e-03
   -1.78541061e-03 -1.78541061e-03 -8.94743632e-04 -8.94743632e-04
   -1.05980012e-03 -1.05980012e-03 -1.65540948e-03 -1.65540948e-03
   -2.29765592e-03 -2.29765592e-03 -1.31099231e-03 -1.31099231e-03
   -5.72888512e-04 -5.72888512e-04]
  [-6.59256118e-04 -6.59256118e-04 -1.14438994e-03 -1.14438994e-03
   -1.74811102e-03 -1.74811102e-03 -1.78019957e-03 -1.78019957e-03
   -2.33187855e-03 -2.33187855e-03 -2.26155728e-03 -2.26155728e-03
   -1.78541061e-03 -1.78541061e-03 -8.94743632e-04 -8.94743632e-04
   -1.05980012e-03 -1.05980012e-03 -1.65540948e-03 -1.65540948e-03
   -2.29765592e-03 -2.29765592e-03 -1.31099231e-03 -1.31099231e-03
   -5.72888512e-04 -5.72888512e-04]
  [-4.64597919e-04 -4.64597919e-04 -1.47001866e-03 -1.47001866e-03
   -2.45467516e-03 -2.45467516e-03 -1.69971187e-03 -1.69971187e-03
   -2.07799557e-03 -2.07799557e-03 -1.90581237e-03 -1.90581237e-03
   -1.21398648e-03 -1.21398648e-03 -1.18872018e-03 -1.18872018e-03
   -1.68771013e-03 -1.68771013e-03 -1.75945916e-03 -1.75945916e-03
   -1.60306493e-03 -1.60306493e-03 -1.56970662e-03 -1.56970662e-03
   -5.83026891e-04 -5.83026891e-04]
  [-4.64597919e-04 -4.64597919e-04 -1.47001866e-03 -1.47001866e-03
   -2.45467516e-03 -2.45467516e-03 -1.69971187e-03 -1.69971187e-03
   -2.07799557e-03 -2.07799557e-03 -1.90581237e-03 -1.90581237e-03
   -1.21398648e-03 -1.21398648e-03 -1.18872018e-03 -1.18872018e-03
   -1.68771013e-03 -1.68771013e-03 -1.75945916e-03 -1.75945916e-03
   -1.60306493e-03 -1.60306493e-03 -1.56970662e-03 -1.56970662e-03
   -5.83026891e-04 -5.83026891e-04]
  [-7.74355133e-04 -7.74355133e-04 -1.35528992e-03 -1.35528992e-03
   -2.06375599e-03 -2.06375599e-03 -2.36558812e-03 -2.36558812e-03
   -2.20913600e-03 -2.20913600e-03 -1.85016816e-03 -1.85016816e-03
   -1.94828535e-03 -1.94828535e-03 -1.92411146e-03 -1.92411146e-03
   -1.68135864e-03 -1.68135864e-03 -1.77118036e-03 -1.77118036e-03
   -2.03412605e-03 -2.03412605e-03 -1.38029358e-03 -1.38029358e-03
   -4.76934607e-04 -4.76934607e-04]
  [-7.74355133e-04 -7.74355133e-04 -1.35528992e-03 -1.35528992e-03
   -2.06375599e-03 -2.06375599e-03 -2.36558812e-03 -2.36558812e-03
   -2.20913600e-03 -2.20913600e-03 -1.85016816e-03 -1.85016816e-03
   -1.94828535e-03 -1.94828535e-03 -1.92411146e-03 -1.92411146e-03
   -1.68135864e-03 -1.68135864e-03 -1.77118036e-03 -1.77118036e-03
   -2.03412605e-03 -2.03412605e-03 -1.38029358e-03 -1.38029358e-03
   -4.76934607e-04 -4.76934607e-04]
  [-5.02432651e-04 -5.02432651e-04 -6.11084047e-04 -6.11084047e-04
   -9.05329410e-04 -9.05329410e-04 -1.03496297e-03 -1.03496297e-03
   -1.42944991e-03 -1.42944991e-03 -1.31814049e-03 -1.31814049e-03
   -1.58864855e-03 -1.58864855e-03 -1.35062807e-03 -1.35062807e-03
   -1.32066760e-03 -1.32066760e-03 -1.22863929e-03 -1.22863929e-03
   -1.21866897e-03 -1.21866897e-03 -9.14015439e-04 -9.14015439e-04
   -3.28100301e-04 -3.28100301e-04]
  [-5.02432651e-04 -5.02432651e-04 -6.11084047e-04 -6.11084047e-04
   -9.05329410e-04 -9.05329410e-04 -1.03496297e-03 -1.03496297e-03
   -1.42944991e-03 -1.42944991e-03 -1.31814049e-03 -1.31814049e-03
   -1.58864855e-03 -1.58864855e-03 -1.35062807e-03 -1.35062807e-03
   -1.32066760e-03 -1.32066760e-03 -1.22863929e-03 -1.22863929e-03
   -1.21866897e-03 -1.21866897e-03 -9.14015439e-04 -9.14015439e-04
   -3.28100301e-04 -3.28100301e-04]
  [-1.91496349e-04 -1.91496349e-04 -4.02175604e-04 -4.02175604e-04
   -5.19277160e-04 -5.19277160e-04 -6.16669061e-04 -6.16669061e-04
   -7.25396315e-04 -7.25396315e-04 -6.66518434e-04 -6.66518434e-04
   -6.62865775e-04 -6.62865775e-04 -6.38326993e-04 -6.38326993e-04
   -7.11166878e-04 -7.11166878e-04 -8.89288392e-04 -8.89288392e-04
   -6.94082055e-04 -6.94082055e-04 -4.15083009e-04 -4.15083009e-04
   -1.24905489e-04 -1.24905489e-04]
  [-1.91496349e-04 -1.91496349e-04 -4.02175604e-04 -4.02175604e-04
   -5.19277160e-04 -5.19277160e-04 -6.16669061e-04 -6.16669061e-04
   -7.25396315e-04 -7.25396315e-04 -6.66518434e-04 -6.66518434e-04
   -6.62865775e-04 -6.62865775e-04 -6.38326993e-04 -6.38326993e-04
   -7.11166878e-04 -7.11166878e-04 -8.89288392e-04 -8.89288392e-04
   -6.94082055e-04 -6.94082055e-04 -4.15083009e-04 -4.15083009e-04
   -1.24905489e-04 -1.24905489e-04]]

 [[-2.62862996e-04 -2.62862996e-04 -3.44801128e-04 -3.44801128e-04
   -4.86640111e-04 -4.86640111e-04 -7.35661407e-04 -7.35661407e-04
   -8.69999854e-04 -8.69999854e-04 -6.84147767e-04 -6.84147767e-04
   -5.80217973e-04 -5.80217973e-04 -5.31396745e-04 -5.31396745e-04
   -5.38369849e-04 -5.38369849e-04 -6.60439356e-04 -6.60439356e-04
   -6.90533271e-04 -6.90533271e-04 -2.83703049e-04 -2.83703049e-04
   -9.46301541e-05 -9.46301541e-05]
  [-2.62862996e-04 -2.62862996e-04 -3.44801128e-04 -3.44801128e-04
   -4.86640111e-04 -4.86640111e-04 -7.35661407e-04 -7.35661407e-04
   -8.69999854e-04 -8.69999854e-04 -6.84147767e-04 -6.84147767e-04
   -5.80217973e-04 -5.80217973e-04 -5.31396745e-04 -5.31396745e-04
   -5.38369849e-04 -5.38369849e-04 -6.60439356e-04 -6.60439356e-04
   -6.90533271e-04 -6.90533271e-04 -2.83703049e-04 -2.83703049e-04
   -9.46301541e-05 -9.46301541e-05]
  [-5.17624428e-04 -5.17624428e-04 -8.00414889e-04 -8.00414889e-04
   -6.78841107e-04 -6.78841107e-04 -1.32527096e-03 -1.32527096e-03
   -1.26204817e-03 -1.26204817e-03 -9.68141830e-04 -9.68141830e-04
   -1.30241300e-03 -1.30241300e-03 -1.55236883e-03 -1.55236883e-03
   -1.50765219e-03 -1.50765219e-03 -1.59371697e-03 -1.59371697e-03
   -1.69224441e-03 -1.69224441e-03 -8.26897659e-04 -8.26897659e-04
   -3.58550252e-04 -3.58550252e-04]
  [-5.17624428e-04 -5.17624428e-04 -8.00414889e-04 -8.00414889e-04
   -6.78841107e-04 -6.78841107e-04 -1.32527096e-03 -1.32527096e-03
   -1.26204817e-03 -1.26204817e-03 -9.68141830e-04 -9.68141830e-04
   -1.30241300e-03 -1.30241300e-03 -1.55236883e-03 -1.55236883e-03
   -1.50765219e-03 -1.50765219e-03 -1.59371697e-03 -1.59371697e-03
   -1.69224441e-03 -1.69224441e-03 -8.26897659e-04 -8.26897659e-04
   -3.58550252e-04 -3.58550252e-04]
  [-8.10701098e-04 -8.10701098e-04 -9.57269618e-04 -9.57269618e-04
   -1.54708700e-03 -1.54708700e-03 -1.90695212e-03 -1.90695212e-03
   -1.85068805e-03 -1.85068805e-03 -1.27129117e-03 -1.27129117e-03
   -1.42162948e-03 -1.42162948e-03 -1.91017700e-03 -1.91017700e-03
   -2.04033564e-03 -2.04033564e-03 -1.70983924e-03 -1.70983924e-03
   -2.06246007e-03 -2.06246007e-03 -1.92475067e-03 -1.92475067e-03
   -7.45822310e-04 -7.45822310e-04]
  [-8.10701098e-04 -8.10701098e-04 -9.57269618e-04 -9.57269618e-04
   -1.54708700e-03 -1.54708700e-03 -1.90695212e-03 -1.90695212e-03
   -1.85068805e-03 -1.85068805e-03 -1.27129117e-03 -1.27129117e-03
   -1.42162948e-03 -1.42162948e-03 -1.91017700e-03 -1.91017700e-03
   -2.04033564e-03 -2.04033564e-03 -1.70983924e-03 -1.70983924e-03
   -2.06246007e-03 -2.06246007e-03 -1.92475067e-03 -1.92475067e-03
   -7.45822310e-04 -7.45822310e-04]
  [-6.15927313e-04 -6.15927313e-04 -9.64407444e-04 -9.64407444e-04
   -1.80287615e-03 -1.80287615e-03 -2.10026710e-03 -2.10026710e-03
   -2.56734610e-03 -2.56734610e-03 -1.85889808e-03 -1.85889808e-03
   -1.69073176e-03 -1.69073176e-03 -2.60987818e-03 -2.60987818e-03
   -2.97437324e-03 -2.97437324e-03 -1.76274569e-03 -1.76274569e-03
   -1.58934878e-03 -1.58934878e-03 -1.41028595e-03 -1.41028595e-03
   -5.86927846e-04 -5.86927846e-04]
  [-6.15927313e-04 -6.15927313e-04 -9.64407444e-04 -9.64407444e-04
   -1.80287615e-03 -1.80287615e-03 -2.10026710e-03 -2.10026710e-03
   -2.56734610e-03 -2.56734610e-03 -1.85889808e-03 -1.85889808e-03
   -1.69073176e-03 -1.69073176e-03 -2.60987818e-03 -2.60987818e-03
   -2.97437324e-03 -2.97437324e-03 -1.76274569e-03 -1.76274569e-03
   -1.58934878e-03 -1.58934878e-03 -1.41028595e-03 -1.41028595e-03
   -5.86927846e-04 -5.86927846e-04]
  [-4.68123659e-04 -4.68123659e-04 -1.16784416e-03 -1.16784416e-03
   -1.94528813e-03 -1.94528813e-03 -2.07993000e-03 -2.07993000e-03
   -2.06768812e-03 -2.06768812e-03 -1.77695369e-03 -1.77695369e-03
   -1.68776110e-03 -1.68776110e-03 -2.34737442e-03 -2.34737442e-03
   -2.04717063e-03 -2.04717063e-03 -1.67368118e-03 -1.67368118e-03
   -1.11473673e-03 -1.11473673e-03 -8.08447786e-04 -8.08447786e-04
   -5.88354968e-04 -5.88354968e-04]
  [-4.68123659e-04 -4.68123659e-04 -1.16784416e-03 -1.16784416e-03
   -1.94528813e-03 -1.94528813e-03 -2.07993000e-03 -2.07993000e-03
   -2.06768812e-03 -2.06768812e-03 -1.77695369e-03 -1.77695369e-03
   -1.68776110e-03 -1.68776110e-03 -2.34737442e-03 -2.34737442e-03
   -2.04717063e-03 -2.04717063e-03 -1.67368118e-03 -1.67368118e-03
   -1.11473673e-03 -1.11473673e-03 -8.08447786e-04 -8.08447786e-04
   -5.88354968e-04 -5.88354968e-04]
  [-5.52345291e-04 -5.52345291e-04 -1.40971858e-03 -1.40971858e-03
   -2.15109120e-03 -2.15109120e-03 -2.16033650e-03 -2.16033650e-03
   -1.62153712e-03 -1.62153712e-03 -1.77963783e-03 -1.77963783e-03
   -2.35745545e-03 -2.35745545e-03 -2.33526447e-03 -2.33526447e-03
   -1.62429299e-03 -1.62429299e-03 -1.60195589e-03 -1.60195589e-03
   -1.55755435e-03 -1.55755435e-03 -1.40364499e-03 -1.40364499e-03
   -7.41219374e-04 -7.41219374e-04]
  [-5.52345291e-04 -5.52345291e-04 -1.40971858e-03 -1.40971858e-03
   -2.15109120e-03 -2.15109120e-03 -2.16033650e-03 -2.16033650e-03
   -1.62153712e-03 -1.62153712e-03 -1.77963783e-03 -1.77963783e-03
   -2.35745545e-03 -2.35745545e-03 -2.33526447e-03 -2.33526447e-03
   -1.62429299e-03 -1.62429299e-03 -1.60195589e-03 -1.60195589e-03
   -1.55755435e-03 -1.55755435e-03 -1.40364499e-03 -1.40364499e-03
   -7.41219374e-04 -7.41219374e-04]
  [-5.25708374e-04 -5.25708374e-04 -1.63061857e-03 -1.63061857e-03
   -2.03795074e-03 -2.03795074e-03 -1.38252973e-03 -1.38252973e-03
   -1.67975076e-03 -1.67975076e-03 -2.38021473e-03 -2.38021473e-03
   -2.97274475e-03 -2.97274475e-03 -2.59428125e-03 -2.59428125e-03
   -2.08039579e-03 -2.08039579e-03 -1.82456414e-03 -1.82456414e-03
   -1.86980176e-03 -1.86980176e-03 -1.36767997e-03 -1.36767997e-03
   -6.49108236e-04 -6.49108236e-04]
  [-5.25708374e-04 -5.25708374e-04 -1.63061857e-03 -1.63061857e-03
   -2.03795074e-03 -2.03795074e-03 -1.38252973e-03 -1.38252973e-03
   -1.67975076e-03 -1.67975076e-03 -2.38021473e-03 -2.38021473e-03
   -2.97274475e-03 -2.97274475e-03 -2.59428125e-03 -2.59428125e-03
   -2.08039579e-03 -2.08039579e-03 -1.82456414e-03 -1.82456414e-03
   -1.86980176e-03 -1.86980176e-03 -1.36767997e-03 -1.36767997e-03
   -6.49108236e-04 -6.49108236e-04]
  [-7.18383133e-04 -7.18383133e-04 -1.15690013e-03 -1.15690013e-03
   -1.25656194e-03 -1.25656194e-03 -1.40221412e-03 -1.40221412e-03
   -1.91663381e-03 -1.91663381e-03 -2.07435027e-03 -2.07435027e-03
   -2.11487987e-03 -2.11487987e-03 -1.83880254e-03 -1.83880254e-03
   -2.28323067e-03 -2.28323067e-03 -2.16390203e-03 -2.16390203e-03
   -2.27558549e-03 -2.27558549e-03 -1.29555219e-03 -1.29555219e-03
   -5.31910701e-04 -5.31910701e-04]
  [-7.18383133e-04 -7.18383133e-04 -1.15690013e-03 -1.15690013e-03
   -1.25656194e-03 -1.25656194e-03 -1.40221412e-03 -1.40221412e-03
   -1.91663381e-03 -1.91663381e-03 -2.07435027e-03 -2.07435027e-03
   -2.11487987e-03 -2.11487987e-03 -1.83880254e-03 -1.83880254e-03
   -2.28323067e-03 -2.28323067e-03 -2.16390203e-03 -2.16390203e-03
   -2.27558549e-03 -2.27558549e-03 -1.29555219e-03 -1.29555219e-03
   -5.31910701e-04 -5.31910701e-04]
  [-6.59256118e-04 -6.59256118e-04 -1.14438994e-03 -1.14438994e-03
   -1.74811102e-03 -1.74811102e-03 -1.78019957e-03 -1.78019957e-03
   -2.33187855e-03 -2.33187855e-03 -2.26155728e-03 -2.26155728e-03
   -1.78541061e-03 -1.78541061e-03 -8.94743632e-04 -8.94743632e-04
   -1.05980012e-03 -1.05980012e-03 -1.65540948e-03 -1.65540948e-03
   -2.29765592e-03 -2.29765592e-03 -1.31099231e-03 -1.31099231e-03
   -5.72888512e-04 -5.72888512e-04]
  [-6.59256118e-04 -6.59256118e-04 -1.14438994e-03 -1.14438994e-03
   -1.74811102e-03 -1.74811102e-03 -1.78019957e-03 -1.78019957e-03
   -2.33187855e-03 -2.33187855e-03 -2.26155728e-03 -2.26155728e-03
   -1.78541061e-03 -1.78541061e-03 -8.94743632e-04 -8.94743632e-04
   -1.05980012e-03 -1.05980012e-03 -1.65540948e-03 -1.65540948e-03
   -2.29765592e-03 -2.29765592e-03 -1.31099231e-03 -1.31099231e-03
   -5.72888512e-04 -5.72888512e-04]
  [-4.64597919e-04 -4.64597919e-04 -1.47001866e-03 -1.47001866e-03
   -2.45467516e-03 -2.45467516e-03 -1.69971187e-03 -1.69971187e-03
   -2.07799557e-03 -2.07799557e-03 -1.90581237e-03 -1.90581237e-03
   -1.21398648e-03 -1.21398648e-03 -1.18872018e-03 -1.18872018e-03
   -1.68771013e-03 -1.68771013e-03 -1.75945916e-03 -1.75945916e-03
   -1.60306493e-03 -1.60306493e-03 -1.56970662e-03 -1.56970662e-03
   -5.83026891e-04 -5.83026891e-04]
  [-4.64597919e-04 -4.64597919e-04 -1.47001866e-03 -1.47001866e-03
   -2.45467516e-03 -2.45467516e-03 -1.69971187e-03 -1.69971187e-03
   -2.07799557e-03 -2.07799557e-03 -1.90581237e-03 -1.90581237e-03
   -1.21398648e-03 -1.21398648e-03 -1.18872018e-03 -1.18872018e-03
   -1.68771013e-03 -1.68771013e-03 -1.75945916e-03 -1.75945916e-03
   -1.60306493e-03 -1.60306493e-03 -1.56970662e-03 -1.56970662e-03
   -5.83026891e-04 -5.83026891e-04]
  [-7.74355133e-04 -7.74355133e-04 -1.35528992e-03 -1.35528992e-03
   -2.06375599e-03 -2.06375599e-03 -2.36558812e-03 -2.36558812e-03
   -2.20913600e-03 -2.20913600e-03 -1.85016816e-03 -1.85016816e-03
   -1.94828535e-03 -1.94828535e-03 -1.92411146e-03 -1.92411146e-03
   -1.68135864e-03 -1.68135864e-03 -1.77118036e-03 -1.77118036e-03
   -2.03412605e-03 -2.03412605e-03 -1.38029358e-03 -1.38029358e-03
   -4.76934607e-04 -4.76934607e-04]
  [-7.74355133e-04 -7.74355133e-04 -1.35528992e-03 -1.35528992e-03
   -2.06375599e-03 -2.06375599e-03 -2.36558812e-03 -2.36558812e-03
   -2.20913600e-03 -2.20913600e-03 -1.85016816e-03 -1.85016816e-03
   -1.94828535e-03 -1.94828535e-03 -1.92411146e-03 -1.92411146e-03
   -1.68135864e-03 -1.68135864e-03 -1.77118036e-03 -1.77118036e-03
   -2.03412605e-03 -2.03412605e-03 -1.38029358e-03 -1.38029358e-03
   -4.76934607e-04 -4.76934607e-04]
  [-5.02432651e-04 -5.02432651e-04 -6.11084047e-04 -6.11084047e-04
   -9.05329410e-04 -9.05329410e-04 -1.03496297e-03 -1.03496297e-03
   -1.42944991e-03 -1.42944991e-03 -1.31814049e-03 -1.31814049e-03
   -1.58864855e-03 -1.58864855e-03 -1.35062807e-03 -1.35062807e-03
   -1.32066760e-03 -1.32066760e-03 -1.22863929e-03 -1.22863929e-03
   -1.21866897e-03 -1.21866897e-03 -9.14015439e-04 -9.14015439e-04
   -3.28100301e-04 -3.28100301e-04]
  [-5.02432651e-04 -5.02432651e-04 -6.11084047e-04 -6.11084047e-04
   -9.05329410e-04 -9.05329410e-04 -1.03496297e-03 -1.03496297e-03
   -1.42944991e-03 -1.42944991e-03 -1.31814049e-03 -1.31814049e-03
   -1.58864855e-03 -1.58864855e-03 -1.35062807e-03 -1.35062807e-03
   -1.32066760e-03 -1.32066760e-03 -1.22863929e-03 -1.22863929e-03
   -1.21866897e-03 -1.21866897e-03 -9.14015439e-04 -9.14015439e-04
   -3.28100301e-04 -3.28100301e-04]
  [-1.91496349e-04 -1.91496349e-04 -4.02175604e-04 -4.02175604e-04
   -5.19277160e-04 -5.19277160e-04 -6.16669061e-04 -6.16669061e-04
   -7.25396315e-04 -7.25396315e-04 -6.66518434e-04 -6.66518434e-04
   -6.62865775e-04 -6.62865775e-04 -6.38326993e-04 -6.38326993e-04
   -7.11166878e-04 -7.11166878e-04 -8.89288392e-04 -8.89288392e-04
   -6.94082055e-04 -6.94082055e-04 -4.15083009e-04 -4.15083009e-04
   -1.24905489e-04 -1.24905489e-04]
  [-1.91496349e-04 -1.91496349e-04 -4.02175604e-04 -4.02175604e-04
   -5.19277160e-04 -5.19277160e-04 -6.16669061e-04 -6.16669061e-04
   -7.25396315e-04 -7.25396315e-04 -6.66518434e-04 -6.66518434e-04
   -6.62865775e-04 -6.62865775e-04 -6.38326993e-04 -6.38326993e-04
   -7.11166878e-04 -7.11166878e-04 -8.89288392e-04 -8.89288392e-04
   -6.94082055e-04 -6.94082055e-04 -4.15083009e-04 -4.15083009e-04
   -1.24905489e-04 -1.24905489e-04]]

 [[-2.62862996e-04 -2.62862996e-04 -3.44801128e-04 -3.44801128e-04
   -4.86640111e-04 -4.86640111e-04 -7.35661407e-04 -7.35661407e-04
   -8.69999854e-04 -8.69999854e-04 -6.84147767e-04 -6.84147767e-04
   -5.80217973e-04 -5.80217973e-04 -5.31396745e-04 -5.31396745e-04
   -5.38369849e-04 -5.38369849e-04 -6.60439356e-04 -6.60439356e-04
   -6.90533271e-04 -6.90533271e-04 -2.83703049e-04 -2.83703049e-04
   -9.46301541e-05 -9.46301541e-05]
  [-2.62862996e-04 -2.62862996e-04 -3.44801128e-04 -3.44801128e-04
   -4.86640111e-04 -4.86640111e-04 -7.35661407e-04 -7.35661407e-04
   -8.69999854e-04 -8.69999854e-04 -6.84147767e-04 -6.84147767e-04
   -5.80217973e-04 -5.80217973e-04 -5.31396745e-04 -5.31396745e-04
   -5.38369849e-04 -5.38369849e-04 -6.60439356e-04 -6.60439356e-04
   -6.90533271e-04 -6.90533271e-04 -2.83703049e-04 -2.83703049e-04
   -9.46301541e-05 -9.46301541e-05]
  [-5.17624428e-04 -5.17624428e-04 -8.00414889e-04 -8.00414889e-04
   -6.78841107e-04 -6.78841107e-04 -1.32527096e-03 -1.32527096e-03
   -1.26204817e-03 -1.26204817e-03 -9.68141830e-04 -9.68141830e-04
   -1.30241300e-03 -1.30241300e-03 -1.55236883e-03 -1.55236883e-03
   -1.50765219e-03 -1.50765219e-03 -1.59371697e-03 -1.59371697e-03
   -1.69224441e-03 -1.69224441e-03 -8.26897659e-04 -8.26897659e-04
   -3.58550252e-04 -3.58550252e-04]
  [-5.17624428e-04 -5.17624428e-04 -8.00414889e-04 -8.00414889e-04
   -6.78841107e-04 -6.78841107e-04 -1.32527096e-03 -1.32527096e-03
   -1.26204817e-03 -1.26204817e-03 -9.68141830e-04 -9.68141830e-04
   -1.30241300e-03 -1.30241300e-03 -1.55236883e-03 -1.55236883e-03
   -1.50765219e-03 -1.50765219e-03 -1.59371697e-03 -1.59371697e-03
   -1.69224441e-03 -1.69224441e-03 -8.26897659e-04 -8.26897659e-04
   -3.58550252e-04 -3.58550252e-04]
  [-8.10701098e-04 -8.10701098e-04 -9.57269618e-04 -9.57269618e-04
   -1.54708700e-03 -1.54708700e-03 -1.90695212e-03 -1.90695212e-03
   -1.85068805e-03 -1.85068805e-03 -1.27129117e-03 -1.27129117e-03
   -1.42162948e-03 -1.42162948e-03 -1.91017700e-03 -1.91017700e-03
   -2.04033564e-03 -2.04033564e-03 -1.70983924e-03 -1.70983924e-03
   -2.06246007e-03 -2.06246007e-03 -1.92475067e-03 -1.92475067e-03
   -7.45822310e-04 -7.45822310e-04]
  [-8.10701098e-04 -8.10701098e-04 -9.57269618e-04 -9.57269618e-04
   -1.54708700e-03 -1.54708700e-03 -1.90695212e-03 -1.90695212e-03
   -1.85068805e-03 -1.85068805e-03 -1.27129117e-03 -1.27129117e-03
   -1.42162948e-03 -1.42162948e-03 -1.91017700e-03 -1.91017700e-03
   -2.04033564e-03 -2.04033564e-03 -1.70983924e-03 -1.70983924e-03
   -2.06246007e-03 -2.06246007e-03 -1.92475067e-03 -1.92475067e-03
   -7.45822310e-04 -7.45822310e-04]
  [-6.15927313e-04 -6.15927313e-04 -9.64407444e-04 -9.64407444e-04
   -1.80287615e-03 -1.80287615e-03 -2.10026710e-03 -2.10026710e-03
   -2.56734610e-03 -2.56734610e-03 -1.85889808e-03 -1.85889808e-03
   -1.69073176e-03 -1.69073176e-03 -2.60987818e-03 -2.60987818e-03
   -2.97437324e-03 -2.97437324e-03 -1.76274569e-03 -1.76274569e-03
   -1.58934878e-03 -1.58934878e-03 -1.41028595e-03 -1.41028595e-03
   -5.86927846e-04 -5.86927846e-04]
  [-6.15927313e-04 -6.15927313e-04 -9.64407444e-04 -9.64407444e-04
   -1.80287615e-03 -1.80287615e-03 -2.10026710e-03 -2.10026710e-03
   -2.56734610e-03 -2.56734610e-03 -1.85889808e-03 -1.85889808e-03
   -1.69073176e-03 -1.69073176e-03 -2.60987818e-03 -2.60987818e-03
   -2.97437324e-03 -2.97437324e-03 -1.76274569e-03 -1.76274569e-03
   -1.58934878e-03 -1.58934878e-03 -1.41028595e-03 -1.41028595e-03
   -5.86927846e-04 -5.86927846e-04]
  [-4.68123659e-04 -4.68123659e-04 -1.16784416e-03 -1.16784416e-03
   -1.94528813e-03 -1.94528813e-03 -2.07993000e-03 -2.07993000e-03
   -2.06768812e-03 -2.06768812e-03 -1.77695369e-03 -1.77695369e-03
   -1.68776110e-03 -1.68776110e-03 -2.34737442e-03 -2.34737442e-03
   -2.04717063e-03 -2.04717063e-03 -1.67368118e-03 -1.67368118e-03
   -1.11473673e-03 -1.11473673e-03 -8.08447786e-04 -8.08447786e-04
   -5.88354968e-04 -5.88354968e-04]
  [-4.68123659e-04 -4.68123659e-04 -1.16784416e-03 -1.16784416e-03
   -1.94528813e-03 -1.94528813e-03 -2.07993000e-03 -2.07993000e-03
   -2.06768812e-03 -2.06768812e-03 -1.77695369e-03 -1.77695369e-03
   -1.68776110e-03 -1.68776110e-03 -2.34737442e-03 -2.34737442e-03
   -2.04717063e-03 -2.04717063e-03 -1.67368118e-03 -1.67368118e-03
   -1.11473673e-03 -1.11473673e-03 -8.08447786e-04 -8.08447786e-04
   -5.88354968e-04 -5.88354968e-04]
  [-5.52345291e-04 -5.52345291e-04 -1.40971858e-03 -1.40971858e-03
   -2.15109120e-03 -2.15109120e-03 -2.16033650e-03 -2.16033650e-03
   -1.62153712e-03 -1.62153712e-03 -1.77963783e-03 -1.77963783e-03
   -2.35745545e-03 -2.35745545e-03 -2.33526447e-03 -2.33526447e-03
   -1.62429299e-03 -1.62429299e-03 -1.60195589e-03 -1.60195589e-03
   -1.55755435e-03 -1.55755435e-03 -1.40364499e-03 -1.40364499e-03
   -7.41219374e-04 -7.41219374e-04]
  [-5.52345291e-04 -5.52345291e-04 -1.40971858e-03 -1.40971858e-03
   -2.15109120e-03 -2.15109120e-03 -2.16033650e-03 -2.16033650e-03
   -1.62153712e-03 -1.62153712e-03 -1.77963783e-03 -1.77963783e-03
   -2.35745545e-03 -2.35745545e-03 -2.33526447e-03 -2.33526447e-03
   -1.62429299e-03 -1.62429299e-03 -1.60195589e-03 -1.60195589e-03
   -1.55755435e-03 -1.55755435e-03 -1.40364499e-03 -1.40364499e-03
   -7.41219374e-04 -7.41219374e-04]
  [-5.25708374e-04 -5.25708374e-04 -1.63061857e-03 -1.63061857e-03
   -2.03795074e-03 -2.03795074e-03 -1.38252973e-03 -1.38252973e-03
   -1.67975076e-03 -1.67975076e-03 -2.38021473e-03 -2.38021473e-03
   -2.97274475e-03 -2.97274475e-03 -2.59428125e-03 -2.59428125e-03
   -2.08039579e-03 -2.08039579e-03 -1.82456414e-03 -1.82456414e-03
   -1.86980176e-03 -1.86980176e-03 -1.36767997e-03 -1.36767997e-03
   -6.49108236e-04 -6.49108236e-04]
  [-5.25708374e-04 -5.25708374e-04 -1.63061857e-03 -1.63061857e-03
   -2.03795074e-03 -2.03795074e-03 -1.38252973e-03 -1.38252973e-03
   -1.67975076e-03 -1.67975076e-03 -2.38021473e-03 -2.38021473e-03
   -2.97274475e-03 -2.97274475e-03 -2.59428125e-03 -2.59428125e-03
   -2.08039579e-03 -2.08039579e-03 -1.82456414e-03 -1.82456414e-03
   -1.86980176e-03 -1.86980176e-03 -1.36767997e-03 -1.36767997e-03
   -6.49108236e-04 -6.49108236e-04]
  [-7.18383133e-04 -7.18383133e-04 -1.15690013e-03 -1.15690013e-03
   -1.25656194e-03 -1.25656194e-03 -1.40221412e-03 -1.40221412e-03
   -1.91663381e-03 -1.91663381e-03 -2.07435027e-03 -2.07435027e-03
   -2.11487987e-03 -2.11487987e-03 -1.83880254e-03 -1.83880254e-03
   -2.28323067e-03 -2.28323067e-03 -2.16390203e-03 -2.16390203e-03
   -2.27558549e-03 -2.27558549e-03 -1.29555219e-03 -1.29555219e-03
   -5.31910701e-04 -5.31910701e-04]
  [-7.18383133e-04 -7.18383133e-04 -1.15690013e-03 -1.15690013e-03
   -1.25656194e-03 -1.25656194e-03 -1.40221412e-03 -1.40221412e-03
   -1.91663381e-03 -1.91663381e-03 -2.07435027e-03 -2.07435027e-03
   -2.11487987e-03 -2.11487987e-03 -1.83880254e-03 -1.83880254e-03
   -2.28323067e-03 -2.28323067e-03 -2.16390203e-03 -2.16390203e-03
   -2.27558549e-03 -2.27558549e-03 -1.29555219e-03 -1.29555219e-03
   -5.31910701e-04 -5.31910701e-04]
  [-6.59256118e-04 -6.59256118e-04 -1.14438994e-03 -1.14438994e-03
   -1.74811102e-03 -1.74811102e-03 -1.78019957e-03 -1.78019957e-03
   -2.33187855e-03 -2.33187855e-03 -2.26155728e-03 -2.26155728e-03
   -1.78541061e-03 -1.78541061e-03 -8.94743632e-04 -8.94743632e-04
   -1.05980012e-03 -1.05980012e-03 -1.65540948e-03 -1.65540948e-03
   -2.29765592e-03 -2.29765592e-03 -1.31099231e-03 -1.31099231e-03
   -5.72888512e-04 -5.72888512e-04]
  [-6.59256118e-04 -6.59256118e-04 -1.14438994e-03 -1.14438994e-03
   -1.74811102e-03 -1.74811102e-03 -1.78019957e-03 -1.78019957e-03
   -2.33187855e-03 -2.33187855e-03 -2.26155728e-03 -2.26155728e-03
   -1.78541061e-03 -1.78541061e-03 -8.94743632e-04 -8.94743632e-04
   -1.05980012e-03 -1.05980012e-03 -1.65540948e-03 -1.65540948e-03
   -2.29765592e-03 -2.29765592e-03 -1.31099231e-03 -1.31099231e-03
   -5.72888512e-04 -5.72888512e-04]
  [-4.64597919e-04 -4.64597919e-04 -1.47001866e-03 -1.47001866e-03
   -2.45467516e-03 -2.45467516e-03 -1.69971187e-03 -1.69971187e-03
   -2.07799557e-03 -2.07799557e-03 -1.90581237e-03 -1.90581237e-03
   -1.21398648e-03 -1.21398648e-03 -1.18872018e-03 -1.18872018e-03
   -1.68771013e-03 -1.68771013e-03 -1.75945916e-03 -1.75945916e-03
   -1.60306493e-03 -1.60306493e-03 -1.56970662e-03 -1.56970662e-03
   -5.83026891e-04 -5.83026891e-04]
  [-4.64597919e-04 -4.64597919e-04 -1.47001866e-03 -1.47001866e-03
   -2.45467516e-03 -2.45467516e-03 -1.69971187e-03 -1.69971187e-03
   -2.07799557e-03 -2.07799557e-03 -1.90581237e-03 -1.90581237e-03
   -1.21398648e-03 -1.21398648e-03 -1.18872018e-03 -1.18872018e-03
   -1.68771013e-03 -1.68771013e-03 -1.75945916e-03 -1.75945916e-03
   -1.60306493e-03 -1.60306493e-03 -1.56970662e-03 -1.56970662e-03
   -5.83026891e-04 -5.83026891e-04]
  [-7.74355133e-04 -7.74355133e-04 -1.35528992e-03 -1.35528992e-03
   -2.06375599e-03 -2.06375599e-03 -2.36558812e-03 -2.36558812e-03
   -2.20913600e-03 -2.20913600e-03 -1.85016816e-03 -1.85016816e-03
   -1.94828535e-03 -1.94828535e-03 -1.92411146e-03 -1.92411146e-03
   -1.68135864e-03 -1.68135864e-03 -1.77118036e-03 -1.77118036e-03
   -2.03412605e-03 -2.03412605e-03 -1.38029358e-03 -1.38029358e-03
   -4.76934607e-04 -4.76934607e-04]
  [-7.74355133e-04 -7.74355133e-04 -1.35528992e-03 -1.35528992e-03
   -2.06375599e-03 -2.06375599e-03 -2.36558812e-03 -2.36558812e-03
   -2.20913600e-03 -2.20913600e-03 -1.85016816e-03 -1.85016816e-03
   -1.94828535e-03 -1.94828535e-03 -1.92411146e-03 -1.92411146e-03
   -1.68135864e-03 -1.68135864e-03 -1.77118036e-03 -1.77118036e-03
   -2.03412605e-03 -2.03412605e-03 -1.38029358e-03 -1.38029358e-03
   -4.76934607e-04 -4.76934607e-04]
  [-5.02432651e-04 -5.02432651e-04 -6.11084047e-04 -6.11084047e-04
   -9.05329410e-04 -9.05329410e-04 -1.03496297e-03 -1.03496297e-03
   -1.42944991e-03 -1.42944991e-03 -1.31814049e-03 -1.31814049e-03
   -1.58864855e-03 -1.58864855e-03 -1.35062807e-03 -1.35062807e-03
   -1.32066760e-03 -1.32066760e-03 -1.22863929e-03 -1.22863929e-03
   -1.21866897e-03 -1.21866897e-03 -9.14015439e-04 -9.14015439e-04
   -3.28100301e-04 -3.28100301e-04]
  [-5.02432651e-04 -5.02432651e-04 -6.11084047e-04 -6.11084047e-04
   -9.05329410e-04 -9.05329410e-04 -1.03496297e-03 -1.03496297e-03
   -1.42944991e-03 -1.42944991e-03 -1.31814049e-03 -1.31814049e-03
   -1.58864855e-03 -1.58864855e-03 -1.35062807e-03 -1.35062807e-03
   -1.32066760e-03 -1.32066760e-03 -1.22863929e-03 -1.22863929e-03
   -1.21866897e-03 -1.21866897e-03 -9.14015439e-04 -9.14015439e-04
   -3.28100301e-04 -3.28100301e-04]
  [-1.91496349e-04 -1.91496349e-04 -4.02175604e-04 -4.02175604e-04
   -5.19277160e-04 -5.19277160e-04 -6.16669061e-04 -6.16669061e-04
   -7.25396315e-04 -7.25396315e-04 -6.66518434e-04 -6.66518434e-04
   -6.62865775e-04 -6.62865775e-04 -6.38326993e-04 -6.38326993e-04
   -7.11166878e-04 -7.11166878e-04 -8.89288392e-04 -8.89288392e-04
   -6.94082055e-04 -6.94082055e-04 -4.15083009e-04 -4.15083009e-04
   -1.24905489e-04 -1.24905489e-04]
  [-1.91496349e-04 -1.91496349e-04 -4.02175604e-04 -4.02175604e-04
   -5.19277160e-04 -5.19277160e-04 -6.16669061e-04 -6.16669061e-04
   -7.25396315e-04 -7.25396315e-04 -6.66518434e-04 -6.66518434e-04
   -6.62865775e-04 -6.62865775e-04 -6.38326993e-04 -6.38326993e-04
   -7.11166878e-04 -7.11166878e-04 -8.89288392e-04 -8.89288392e-04
   -6.94082055e-04 -6.94082055e-04 -4.15083009e-04 -4.15083009e-04
   -1.24905489e-04 -1.24905489e-04]]

 [[-2.62862996e-04 -2.62862996e-04 -3.44801128e-04 -3.44801128e-04
   -4.86640111e-04 -4.86640111e-04 -7.35661407e-04 -7.35661407e-04
   -8.69999854e-04 -8.69999854e-04 -6.84147767e-04 -6.84147767e-04
   -5.80217973e-04 -5.80217973e-04 -5.31396745e-04 -5.31396745e-04
   -5.38369849e-04 -5.38369849e-04 -6.60439356e-04 -6.60439356e-04
   -6.90533271e-04 -6.90533271e-04 -2.83703049e-04 -2.83703049e-04
   -9.46301541e-05 -9.46301541e-05]
  [-2.62862996e-04 -2.62862996e-04 -3.44801128e-04 -3.44801128e-04
   -4.86640111e-04 -4.86640111e-04 -7.35661407e-04 -7.35661407e-04
   -8.69999854e-04 -8.69999854e-04 -6.84147767e-04 -6.84147767e-04
   -5.80217973e-04 -5.80217973e-04 -5.31396745e-04 -5.31396745e-04
   -5.38369849e-04 -5.38369849e-04 -6.60439356e-04 -6.60439356e-04
   -6.90533271e-04 -6.90533271e-04 -2.83703049e-04 -2.83703049e-04
   -9.46301541e-05 -9.46301541e-05]
  [-5.17624428e-04 -5.17624428e-04 -8.00414889e-04 -8.00414889e-04
   -6.78841107e-04 -6.78841107e-04 -1.32527096e-03 -1.32527096e-03
   -1.26204817e-03 -1.26204817e-03 -9.68141830e-04 -9.68141830e-04
   -1.30241300e-03 -1.30241300e-03 -1.55236883e-03 -1.55236883e-03
   -1.50765219e-03 -1.50765219e-03 -1.59371697e-03 -1.59371697e-03
   -1.69224441e-03 -1.69224441e-03 -8.26897659e-04 -8.26897659e-04
   -3.58550252e-04 -3.58550252e-04]
  [-5.17624428e-04 -5.17624428e-04 -8.00414889e-04 -8.00414889e-04
   -6.78841107e-04 -6.78841107e-04 -1.32527096e-03 -1.32527096e-03
   -1.26204817e-03 -1.26204817e-03 -9.68141830e-04 -9.68141830e-04
   -1.30241300e-03 -1.30241300e-03 -1.55236883e-03 -1.55236883e-03
   -1.50765219e-03 -1.50765219e-03 -1.59371697e-03 -1.59371697e-03
   -1.69224441e-03 -1.69224441e-03 -8.26897659e-04 -8.26897659e-04
   -3.58550252e-04 -3.58550252e-04]
  [-8.10701098e-04 -8.10701098e-04 -9.57269618e-04 -9.57269618e-04
   -1.54708700e-03 -1.54708700e-03 -1.90695212e-03 -1.90695212e-03
   -1.85068805e-03 -1.85068805e-03 -1.27129117e-03 -1.27129117e-03
   -1.42162948e-03 -1.42162948e-03 -1.91017700e-03 -1.91017700e-03
   -2.04033564e-03 -2.04033564e-03 -1.70983924e-03 -1.70983924e-03
   -2.06246007e-03 -2.06246007e-03 -1.92475067e-03 -1.92475067e-03
   -7.45822310e-04 -7.45822310e-04]
  [-8.10701098e-04 -8.10701098e-04 -9.57269618e-04 -9.57269618e-04
   -1.54708700e-03 -1.54708700e-03 -1.90695212e-03 -1.90695212e-03
   -1.85068805e-03 -1.85068805e-03 -1.27129117e-03 -1.27129117e-03
   -1.42162948e-03 -1.42162948e-03 -1.91017700e-03 -1.91017700e-03
   -2.04033564e-03 -2.04033564e-03 -1.70983924e-03 -1.70983924e-03
   -2.06246007e-03 -2.06246007e-03 -1.92475067e-03 -1.92475067e-03
   -7.45822310e-04 -7.45822310e-04]
  [-6.15927313e-04 -6.15927313e-04 -9.64407444e-04 -9.64407444e-04
   -1.80287615e-03 -1.80287615e-03 -2.10026710e-03 -2.10026710e-03
   -2.56734610e-03 -2.56734610e-03 -1.85889808e-03 -1.85889808e-03
   -1.69073176e-03 -1.69073176e-03 -2.60987818e-03 -2.60987818e-03
   -2.97437324e-03 -2.97437324e-03 -1.76274569e-03 -1.76274569e-03
   -1.58934878e-03 -1.58934878e-03 -1.41028595e-03 -1.41028595e-03
   -5.86927846e-04 -5.86927846e-04]
  [-6.15927313e-04 -6.15927313e-04 -9.64407444e-04 -9.64407444e-04
   -1.80287615e-03 -1.80287615e-03 -2.10026710e-03 -2.10026710e-03
   -2.56734610e-03 -2.56734610e-03 -1.85889808e-03 -1.85889808e-03
   -1.69073176e-03 -1.69073176e-03 -2.60987818e-03 -2.60987818e-03
   -2.97437324e-03 -2.97437324e-03 -1.76274569e-03 -1.76274569e-03
   -1.58934878e-03 -1.58934878e-03 -1.41028595e-03 -1.41028595e-03
   -5.86927846e-04 -5.86927846e-04]
  [-4.68123659e-04 -4.68123659e-04 -1.16784416e-03 -1.16784416e-03
   -1.94528813e-03 -1.94528813e-03 -2.07993000e-03 -2.07993000e-03
   -2.06768812e-03 -2.06768812e-03 -1.77695369e-03 -1.77695369e-03
   -1.68776110e-03 -1.68776110e-03 -2.34737442e-03 -2.34737442e-03
   -2.04717063e-03 -2.04717063e-03 -1.67368118e-03 -1.67368118e-03
   -1.11473673e-03 -1.11473673e-03 -8.08447786e-04 -8.08447786e-04
   -5.88354968e-04 -5.88354968e-04]
  [-4.68123659e-04 -4.68123659e-04 -1.16784416e-03 -1.16784416e-03
   -1.94528813e-03 -1.94528813e-03 -2.07993000e-03 -2.07993000e-03
   -2.06768812e-03 -2.06768812e-03 -1.77695369e-03 -1.77695369e-03
   -1.68776110e-03 -1.68776110e-03 -2.34737442e-03 -2.34737442e-03
   -2.04717063e-03 -2.04717063e-03 -1.67368118e-03 -1.67368118e-03
   -1.11473673e-03 -1.11473673e-03 -8.08447786e-04 -8.08447786e-04
   -5.88354968e-04 -5.88354968e-04]
  [-5.52345291e-04 -5.52345291e-04 -1.40971858e-03 -1.40971858e-03
   -2.15109120e-03 -2.15109120e-03 -2.16033650e-03 -2.16033650e-03
   -1.62153712e-03 -1.62153712e-03 -1.77963783e-03 -1.77963783e-03
   -2.35745545e-03 -2.35745545e-03 -2.33526447e-03 -2.33526447e-03
   -1.62429299e-03 -1.62429299e-03 -1.60195589e-03 -1.60195589e-03
   -1.55755435e-03 -1.55755435e-03 -1.40364499e-03 -1.40364499e-03
   -7.41219374e-04 -7.41219374e-04]
  [-5.52345291e-04 -5.52345291e-04 -1.40971858e-03 -1.40971858e-03
   -2.15109120e-03 -2.15109120e-03 -2.16033650e-03 -2.16033650e-03
   -1.62153712e-03 -1.62153712e-03 -1.77963783e-03 -1.77963783e-03
   -2.35745545e-03 -2.35745545e-03 -2.33526447e-03 -2.33526447e-03
   -1.62429299e-03 -1.62429299e-03 -1.60195589e-03 -1.60195589e-03
   -1.55755435e-03 -1.55755435e-03 -1.40364499e-03 -1.40364499e-03
   -7.41219374e-04 -7.41219374e-04]
  [-5.25708374e-04 -5.25708374e-04 -1.63061857e-03 -1.63061857e-03
   -2.03795074e-03 -2.03795074e-03 -1.38252973e-03 -1.38252973e-03
   -1.67975076e-03 -1.67975076e-03 -2.38021473e-03 -2.38021473e-03
   -2.97274475e-03 -2.97274475e-03 -2.59428125e-03 -2.59428125e-03
   -2.08039579e-03 -2.08039579e-03 -1.82456414e-03 -1.82456414e-03
   -1.86980176e-03 -1.86980176e-03 -1.36767997e-03 -1.36767997e-03
   -6.49108236e-04 -6.49108236e-04]
  [-5.25708374e-04 -5.25708374e-04 -1.63061857e-03 -1.63061857e-03
   -2.03795074e-03 -2.03795074e-03 -1.38252973e-03 -1.38252973e-03
   -1.67975076e-03 -1.67975076e-03 -2.38021473e-03 -2.38021473e-03
   -2.97274475e-03 -2.97274475e-03 -2.59428125e-03 -2.59428125e-03
   -2.08039579e-03 -2.08039579e-03 -1.82456414e-03 -1.82456414e-03
   -1.86980176e-03 -1.86980176e-03 -1.36767997e-03 -1.36767997e-03
   -6.49108236e-04 -6.49108236e-04]
  [-7.18383133e-04 -7.18383133e-04 -1.15690013e-03 -1.15690013e-03
   -1.25656194e-03 -1.25656194e-03 -1.40221412e-03 -1.40221412e-03
   -1.91663381e-03 -1.91663381e-03 -2.07435027e-03 -2.07435027e-03
   -2.11487987e-03 -2.11487987e-03 -1.83880254e-03 -1.83880254e-03
   -2.28323067e-03 -2.28323067e-03 -2.16390203e-03 -2.16390203e-03
   -2.27558549e-03 -2.27558549e-03 -1.29555219e-03 -1.29555219e-03
   -5.31910701e-04 -5.31910701e-04]
  [-7.18383133e-04 -7.18383133e-04 -1.15690013e-03 -1.15690013e-03
   -1.25656194e-03 -1.25656194e-03 -1.40221412e-03 -1.40221412e-03
   -1.91663381e-03 -1.91663381e-03 -2.07435027e-03 -2.07435027e-03
   -2.11487987e-03 -2.11487987e-03 -1.83880254e-03 -1.83880254e-03
   -2.28323067e-03 -2.28323067e-03 -2.16390203e-03 -2.16390203e-03
   -2.27558549e-03 -2.27558549e-03 -1.29555219e-03 -1.29555219e-03
   -5.31910701e-04 -5.31910701e-04]
  [-6.59256118e-04 -6.59256118e-04 -1.14438994e-03 -1.14438994e-03
   -1.74811102e-03 -1.74811102e-03 -1.78019957e-03 -1.78019957e-03
   -2.33187855e-03 -2.33187855e-03 -2.26155728e-03 -2.26155728e-03
   -1.78541061e-03 -1.78541061e-03 -8.94743632e-04 -8.94743632e-04
   -1.05980012e-03 -1.05980012e-03 -1.65540948e-03 -1.65540948e-03
   -2.29765592e-03 -2.29765592e-03 -1.31099231e-03 -1.31099231e-03
   -5.72888512e-04 -5.72888512e-04]
  [-6.59256118e-04 -6.59256118e-04 -1.14438994e-03 -1.14438994e-03
   -1.74811102e-03 -1.74811102e-03 -1.78019957e-03 -1.78019957e-03
   -2.33187855e-03 -2.33187855e-03 -2.26155728e-03 -2.26155728e-03
   -1.78541061e-03 -1.78541061e-03 -8.94743632e-04 -8.94743632e-04
   -1.05980012e-03 -1.05980012e-03 -1.65540948e-03 -1.65540948e-03
   -2.29765592e-03 -2.29765592e-03 -1.31099231e-03 -1.31099231e-03
   -5.72888512e-04 -5.72888512e-04]
  [-4.64597919e-04 -4.64597919e-04 -1.47001866e-03 -1.47001866e-03
   -2.45467516e-03 -2.45467516e-03 -1.69971187e-03 -1.69971187e-03
   -2.07799557e-03 -2.07799557e-03 -1.90581237e-03 -1.90581237e-03
   -1.21398648e-03 -1.21398648e-03 -1.18872018e-03 -1.18872018e-03
   -1.68771013e-03 -1.68771013e-03 -1.75945916e-03 -1.75945916e-03
   -1.60306493e-03 -1.60306493e-03 -1.56970662e-03 -1.56970662e-03
   -5.83026891e-04 -5.83026891e-04]
  [-4.64597919e-04 -4.64597919e-04 -1.47001866e-03 -1.47001866e-03
   -2.45467516e-03 -2.45467516e-03 -1.69971187e-03 -1.69971187e-03
   -2.07799557e-03 -2.07799557e-03 -1.90581237e-03 -1.90581237e-03
   -1.21398648e-03 -1.21398648e-03 -1.18872018e-03 -1.18872018e-03
   -1.68771013e-03 -1.68771013e-03 -1.75945916e-03 -1.75945916e-03
   -1.60306493e-03 -1.60306493e-03 -1.56970662e-03 -1.56970662e-03
   -5.83026891e-04 -5.83026891e-04]
  [-7.74355133e-04 -7.74355133e-04 -1.35528992e-03 -1.35528992e-03
   -2.06375599e-03 -2.06375599e-03 -2.36558812e-03 -2.36558812e-03
   -2.20913600e-03 -2.20913600e-03 -1.85016816e-03 -1.85016816e-03
   -1.94828535e-03 -1.94828535e-03 -1.92411146e-03 -1.92411146e-03
   -1.68135864e-03 -1.68135864e-03 -1.77118036e-03 -1.77118036e-03
   -2.03412605e-03 -2.03412605e-03 -1.38029358e-03 -1.38029358e-03
   -4.76934607e-04 -4.76934607e-04]
  [-7.74355133e-04 -7.74355133e-04 -1.35528992e-03 -1.35528992e-03
   -2.06375599e-03 -2.06375599e-03 -2.36558812e-03 -2.36558812e-03
   -2.20913600e-03 -2.20913600e-03 -1.85016816e-03 -1.85016816e-03
   -1.94828535e-03 -1.94828535e-03 -1.92411146e-03 -1.92411146e-03
   -1.68135864e-03 -1.68135864e-03 -1.77118036e-03 -1.77118036e-03
   -2.03412605e-03 -2.03412605e-03 -1.38029358e-03 -1.38029358e-03
   -4.76934607e-04 -4.76934607e-04]
  [-5.02432651e-04 -5.02432651e-04 -6.11084047e-04 -6.11084047e-04
   -9.05329410e-04 -9.05329410e-04 -1.03496297e-03 -1.03496297e-03
   -1.42944991e-03 -1.42944991e-03 -1.31814049e-03 -1.31814049e-03
   -1.58864855e-03 -1.58864855e-03 -1.35062807e-03 -1.35062807e-03
   -1.32066760e-03 -1.32066760e-03 -1.22863929e-03 -1.22863929e-03
   -1.21866897e-03 -1.21866897e-03 -9.14015439e-04 -9.14015439e-04
   -3.28100301e-04 -3.28100301e-04]
  [-5.02432651e-04 -5.02432651e-04 -6.11084047e-04 -6.11084047e-04
   -9.05329410e-04 -9.05329410e-04 -1.03496297e-03 -1.03496297e-03
   -1.42944991e-03 -1.42944991e-03 -1.31814049e-03 -1.31814049e-03
   -1.58864855e-03 -1.58864855e-03 -1.35062807e-03 -1.35062807e-03
   -1.32066760e-03 -1.32066760e-03 -1.22863929e-03 -1.22863929e-03
   -1.21866897e-03 -1.21866897e-03 -9.14015439e-04 -9.14015439e-04
   -3.28100301e-04 -3.28100301e-04]
  [-1.91496349e-04 -1.91496349e-04 -4.02175604e-04 -4.02175604e-04
   -5.19277160e-04 -5.19277160e-04 -6.16669061e-04 -6.16669061e-04
   -7.25396315e-04 -7.25396315e-04 -6.66518434e-04 -6.66518434e-04
   -6.62865775e-04 -6.62865775e-04 -6.38326993e-04 -6.38326993e-04
   -7.11166878e-04 -7.11166878e-04 -8.89288392e-04 -8.89288392e-04
   -6.94082055e-04 -6.94082055e-04 -4.15083009e-04 -4.15083009e-04
   -1.24905489e-04 -1.24905489e-04]
  [-1.91496349e-04 -1.91496349e-04 -4.02175604e-04 -4.02175604e-04
   -5.19277160e-04 -5.19277160e-04 -6.16669061e-04 -6.16669061e-04
   -7.25396315e-04 -7.25396315e-04 -6.66518434e-04 -6.66518434e-04
   -6.62865775e-04 -6.62865775e-04 -6.38326993e-04 -6.38326993e-04
   -7.11166878e-04 -7.11166878e-04 -8.89288392e-04 -8.89288392e-04
   -6.94082055e-04 -6.94082055e-04 -4.15083009e-04 -4.15083009e-04
   -1.24905489e-04 -1.24905489e-04]]

 [[-2.62862996e-04 -2.62862996e-04 -3.44801128e-04 -3.44801128e-04
   -4.86640111e-04 -4.86640111e-04 -7.35661407e-04 -7.35661407e-04
   -8.69999854e-04 -8.69999854e-04 -6.84147767e-04 -6.84147767e-04
   -5.80217973e-04 -5.80217973e-04 -5.31396745e-04 -5.31396745e-04
   -5.38369849e-04 -5.38369849e-04 -6.60439356e-04 -6.60439356e-04
   -6.90533271e-04 -6.90533271e-04 -2.83703049e-04 -2.83703049e-04
   -9.46301541e-05 -9.46301541e-05]
  [-2.62862996e-04 -2.62862996e-04 -3.44801128e-04 -3.44801128e-04
   -4.86640111e-04 -4.86640111e-04 -7.35661407e-04 -7.35661407e-04
   -8.69999854e-04 -8.69999854e-04 -6.84147767e-04 -6.84147767e-04
   -5.80217973e-04 -5.80217973e-04 -5.31396745e-04 -5.31396745e-04
   -5.38369849e-04 -5.38369849e-04 -6.60439356e-04 -6.60439356e-04
   -6.90533271e-04 -6.90533271e-04 -2.83703049e-04 -2.83703049e-04
   -9.46301541e-05 -9.46301541e-05]
  [-5.17624428e-04 -5.17624428e-04 -8.00414889e-04 -8.00414889e-04
   -6.78841107e-04 -6.78841107e-04 -1.32527096e-03 -1.32527096e-03
   -1.26204817e-03 -1.26204817e-03 -9.68141830e-04 -9.68141830e-04
   -1.30241300e-03 -1.30241300e-03 -1.55236883e-03 -1.55236883e-03
   -1.50765219e-03 -1.50765219e-03 -1.59371697e-03 -1.59371697e-03
   -1.69224441e-03 -1.69224441e-03 -8.26897659e-04 -8.26897659e-04
   -3.58550252e-04 -3.58550252e-04]
  [-5.17624428e-04 -5.17624428e-04 -8.00414889e-04 -8.00414889e-04
   -6.78841107e-04 -6.78841107e-04 -1.32527096e-03 -1.32527096e-03
   -1.26204817e-03 -1.26204817e-03 -9.68141830e-04 -9.68141830e-04
   -1.30241300e-03 -1.30241300e-03 -1.55236883e-03 -1.55236883e-03
   -1.50765219e-03 -1.50765219e-03 -1.59371697e-03 -1.59371697e-03
   -1.69224441e-03 -1.69224441e-03 -8.26897659e-04 -8.26897659e-04
   -3.58550252e-04 -3.58550252e-04]
  [-8.10701098e-04 -8.10701098e-04 -9.57269618e-04 -9.57269618e-04
   -1.54708700e-03 -1.54708700e-03 -1.90695212e-03 -1.90695212e-03
   -1.85068805e-03 -1.85068805e-03 -1.27129117e-03 -1.27129117e-03
   -1.42162948e-03 -1.42162948e-03 -1.91017700e-03 -1.91017700e-03
   -2.04033564e-03 -2.04033564e-03 -1.70983924e-03 -1.70983924e-03
   -2.06246007e-03 -2.06246007e-03 -1.92475067e-03 -1.92475067e-03
   -7.45822310e-04 -7.45822310e-04]
  [-8.10701098e-04 -8.10701098e-04 -9.57269618e-04 -9.57269618e-04
   -1.54708700e-03 -1.54708700e-03 -1.90695212e-03 -1.90695212e-03
   -1.85068805e-03 -1.85068805e-03 -1.27129117e-03 -1.27129117e-03
   -1.42162948e-03 -1.42162948e-03 -1.91017700e-03 -1.91017700e-03
   -2.04033564e-03 -2.04033564e-03 -1.70983924e-03 -1.70983924e-03
   -2.06246007e-03 -2.06246007e-03 -1.92475067e-03 -1.92475067e-03
   -7.45822310e-04 -7.45822310e-04]
  [-6.15927313e-04 -6.15927313e-04 -9.64407444e-04 -9.64407444e-04
   -1.80287615e-03 -1.80287615e-03 -2.10026710e-03 -2.10026710e-03
   -2.56734610e-03 -2.56734610e-03 -1.85889808e-03 -1.85889808e-03
   -1.69073176e-03 -1.69073176e-03 -2.60987818e-03 -2.60987818e-03
   -2.97437324e-03 -2.97437324e-03 -1.76274569e-03 -1.76274569e-03
   -1.58934878e-03 -1.58934878e-03 -1.41028595e-03 -1.41028595e-03
   -5.86927846e-04 -5.86927846e-04]
  [-6.15927313e-04 -6.15927313e-04 -9.64407444e-04 -9.64407444e-04
   -1.80287615e-03 -1.80287615e-03 -2.10026710e-03 -2.10026710e-03
   -2.56734610e-03 -2.56734610e-03 -1.85889808e-03 -1.85889808e-03
   -1.69073176e-03 -1.69073176e-03 -2.60987818e-03 -2.60987818e-03
   -2.97437324e-03 -2.97437324e-03 -1.76274569e-03 -1.76274569e-03
   -1.58934878e-03 -1.58934878e-03 -1.41028595e-03 -1.41028595e-03
   -5.86927846e-04 -5.86927846e-04]
  [-4.68123659e-04 -4.68123659e-04 -1.16784416e-03 -1.16784416e-03
   -1.94528813e-03 -1.94528813e-03 -2.07993000e-03 -2.07993000e-03
   -2.06768812e-03 -2.06768812e-03 -1.77695369e-03 -1.77695369e-03
   -1.68776110e-03 -1.68776110e-03 -2.34737442e-03 -2.34737442e-03
   -2.04717063e-03 -2.04717063e-03 -1.67368118e-03 -1.67368118e-03
   -1.11473673e-03 -1.11473673e-03 -8.08447786e-04 -8.08447786e-04
   -5.88354968e-04 -5.88354968e-04]
  [-4.68123659e-04 -4.68123659e-04 -1.16784416e-03 -1.16784416e-03
   -1.94528813e-03 -1.94528813e-03 -2.07993000e-03 -2.07993000e-03
   -2.06768812e-03 -2.06768812e-03 -1.77695369e-03 -1.77695369e-03
   -1.68776110e-03 -1.68776110e-03 -2.34737442e-03 -2.34737442e-03
   -2.04717063e-03 -2.04717063e-03 -1.67368118e-03 -1.67368118e-03
   -1.11473673e-03 -1.11473673e-03 -8.08447786e-04 -8.08447786e-04
   -5.88354968e-04 -5.88354968e-04]
  [-5.52345291e-04 -5.52345291e-04 -1.40971858e-03 -1.40971858e-03
   -2.15109120e-03 -2.15109120e-03 -2.16033650e-03 -2.16033650e-03
   -1.62153712e-03 -1.62153712e-03 -1.77963783e-03 -1.77963783e-03
   -2.35745545e-03 -2.35745545e-03 -2.33526447e-03 -2.33526447e-03
   -1.62429299e-03 -1.62429299e-03 -1.60195589e-03 -1.60195589e-03
   -1.55755435e-03 -1.55755435e-03 -1.40364499e-03 -1.40364499e-03
   -7.41219374e-04 -7.41219374e-04]
  [-5.52345291e-04 -5.52345291e-04 -1.40971858e-03 -1.40971858e-03
   -2.15109120e-03 -2.15109120e-03 -2.16033650e-03 -2.16033650e-03
   -1.62153712e-03 -1.62153712e-03 -1.77963783e-03 -1.77963783e-03
   -2.35745545e-03 -2.35745545e-03 -2.33526447e-03 -2.33526447e-03
   -1.62429299e-03 -1.62429299e-03 -1.60195589e-03 -1.60195589e-03
   -1.55755435e-03 -1.55755435e-03 -1.40364499e-03 -1.40364499e-03
   -7.41219374e-04 -7.41219374e-04]
  [-5.25708374e-04 -5.25708374e-04 -1.63061857e-03 -1.63061857e-03
   -2.03795074e-03 -2.03795074e-03 -1.38252973e-03 -1.38252973e-03
   -1.67975076e-03 -1.67975076e-03 -2.38021473e-03 -2.38021473e-03
   -2.97274475e-03 -2.97274475e-03 -2.59428125e-03 -2.59428125e-03
   -2.08039579e-03 -2.08039579e-03 -1.82456414e-03 -1.82456414e-03
   -1.86980176e-03 -1.86980176e-03 -1.36767997e-03 -1.36767997e-03
   -6.49108236e-04 -6.49108236e-04]
  [-5.25708374e-04 -5.25708374e-04 -1.63061857e-03 -1.63061857e-03
   -2.03795074e-03 -2.03795074e-03 -1.38252973e-03 -1.38252973e-03
   -1.67975076e-03 -1.67975076e-03 -2.38021473e-03 -2.38021473e-03
   -2.97274475e-03 -2.97274475e-03 -2.59428125e-03 -2.59428125e-03
   -2.08039579e-03 -2.08039579e-03 -1.82456414e-03 -1.82456414e-03
   -1.86980176e-03 -1.86980176e-03 -1.36767997e-03 -1.36767997e-03
   -6.49108236e-04 -6.49108236e-04]
  [-7.18383133e-04 -7.18383133e-04 -1.15690013e-03 -1.15690013e-03
   -1.25656194e-03 -1.25656194e-03 -1.40221412e-03 -1.40221412e-03
   -1.91663381e-03 -1.91663381e-03 -2.07435027e-03 -2.07435027e-03
   -2.11487987e-03 -2.11487987e-03 -1.83880254e-03 -1.83880254e-03
   -2.28323067e-03 -2.28323067e-03 -2.16390203e-03 -2.16390203e-03
   -2.27558549e-03 -2.27558549e-03 -1.29555219e-03 -1.29555219e-03
   -5.31910701e-04 -5.31910701e-04]
  [-7.18383133e-04 -7.18383133e-04 -1.15690013e-03 -1.15690013e-03
   -1.25656194e-03 -1.25656194e-03 -1.40221412e-03 -1.40221412e-03
   -1.91663381e-03 -1.91663381e-03 -2.07435027e-03 -2.07435027e-03
   -2.11487987e-03 -2.11487987e-03 -1.83880254e-03 -1.83880254e-03
   -2.28323067e-03 -2.28323067e-03 -2.16390203e-03 -2.16390203e-03
   -2.27558549e-03 -2.27558549e-03 -1.29555219e-03 -1.29555219e-03
   -5.31910701e-04 -5.31910701e-04]
  [-6.59256118e-04 -6.59256118e-04 -1.14438994e-03 -1.14438994e-03
   -1.74811102e-03 -1.74811102e-03 -1.78019957e-03 -1.78019957e-03
   -2.33187855e-03 -2.33187855e-03 -2.26155728e-03 -2.26155728e-03
   -1.78541061e-03 -1.78541061e-03 -8.94743632e-04 -8.94743632e-04
   -1.05980012e-03 -1.05980012e-03 -1.65540948e-03 -1.65540948e-03
   -2.29765592e-03 -2.29765592e-03 -1.31099231e-03 -1.31099231e-03
   -5.72888512e-04 -5.72888512e-04]
  [-6.59256118e-04 -6.59256118e-04 -1.14438994e-03 -1.14438994e-03
   -1.74811102e-03 -1.74811102e-03 -1.78019957e-03 -1.78019957e-03
   -2.33187855e-03 -2.33187855e-03 -2.26155728e-03 -2.26155728e-03
   -1.78541061e-03 -1.78541061e-03 -8.94743632e-04 -8.94743632e-04
   -1.05980012e-03 -1.05980012e-03 -1.65540948e-03 -1.65540948e-03
   -2.29765592e-03 -2.29765592e-03 -1.31099231e-03 -1.31099231e-03
   -5.72888512e-04 -5.72888512e-04]
  [-4.64597919e-04 -4.64597919e-04 -1.47001866e-03 -1.47001866e-03
   -2.45467516e-03 -2.45467516e-03 -1.69971187e-03 -1.69971187e-03
   -2.07799557e-03 -2.07799557e-03 -1.90581237e-03 -1.90581237e-03
   -1.21398648e-03 -1.21398648e-03 -1.18872018e-03 -1.18872018e-03
   -1.68771013e-03 -1.68771013e-03 -1.75945916e-03 -1.75945916e-03
   -1.60306493e-03 -1.60306493e-03 -1.56970662e-03 -1.56970662e-03
   -5.83026891e-04 -5.83026891e-04]
  [-4.64597919e-04 -4.64597919e-04 -1.47001866e-03 -1.47001866e-03
   -2.45467516e-03 -2.45467516e-03 -1.69971187e-03 -1.69971187e-03
   -2.07799557e-03 -2.07799557e-03 -1.90581237e-03 -1.90581237e-03
   -1.21398648e-03 -1.21398648e-03 -1.18872018e-03 -1.18872018e-03
   -1.68771013e-03 -1.68771013e-03 -1.75945916e-03 -1.75945916e-03
   -1.60306493e-03 -1.60306493e-03 -1.56970662e-03 -1.56970662e-03
   -5.83026891e-04 -5.83026891e-04]
  [-7.74355133e-04 -7.74355133e-04 -1.35528992e-03 -1.35528992e-03
   -2.06375599e-03 -2.06375599e-03 -2.36558812e-03 -2.36558812e-03
   -2.20913600e-03 -2.20913600e-03 -1.85016816e-03 -1.85016816e-03
   -1.94828535e-03 -1.94828535e-03 -1.92411146e-03 -1.92411146e-03
   -1.68135864e-03 -1.68135864e-03 -1.77118036e-03 -1.77118036e-03
   -2.03412605e-03 -2.03412605e-03 -1.38029358e-03 -1.38029358e-03
   -4.76934607e-04 -4.76934607e-04]
  [-7.74355133e-04 -7.74355133e-04 -1.35528992e-03 -1.35528992e-03
   -2.06375599e-03 -2.06375599e-03 -2.36558812e-03 -2.36558812e-03
   -2.20913600e-03 -2.20913600e-03 -1.85016816e-03 -1.85016816e-03
   -1.94828535e-03 -1.94828535e-03 -1.92411146e-03 -1.92411146e-03
   -1.68135864e-03 -1.68135864e-03 -1.77118036e-03 -1.77118036e-03
   -2.03412605e-03 -2.03412605e-03 -1.38029358e-03 -1.38029358e-03
   -4.76934607e-04 -4.76934607e-04]
  [-5.02432651e-04 -5.02432651e-04 -6.11084047e-04 -6.11084047e-04
   -9.05329410e-04 -9.05329410e-04 -1.03496297e-03 -1.03496297e-03
   -1.42944991e-03 -1.42944991e-03 -1.31814049e-03 -1.31814049e-03
   -1.58864855e-03 -1.58864855e-03 -1.35062807e-03 -1.35062807e-03
   -1.32066760e-03 -1.32066760e-03 -1.22863929e-03 -1.22863929e-03
   -1.21866897e-03 -1.21866897e-03 -9.14015439e-04 -9.14015439e-04
   -3.28100301e-04 -3.28100301e-04]
  [-5.02432651e-04 -5.02432651e-04 -6.11084047e-04 -6.11084047e-04
   -9.05329410e-04 -9.05329410e-04 -1.03496297e-03 -1.03496297e-03
   -1.42944991e-03 -1.42944991e-03 -1.31814049e-03 -1.31814049e-03
   -1.58864855e-03 -1.58864855e-03 -1.35062807e-03 -1.35062807e-03
   -1.32066760e-03 -1.32066760e-03 -1.22863929e-03 -1.22863929e-03
   -1.21866897e-03 -1.21866897e-03 -9.14015439e-04 -9.14015439e-04
   -3.28100301e-04 -3.28100301e-04]
  [-1.91496349e-04 -1.91496349e-04 -4.02175604e-04 -4.02175604e-04
   -5.19277160e-04 -5.19277160e-04 -6.16669061e-04 -6.16669061e-04
   -7.25396315e-04 -7.25396315e-04 -6.66518434e-04 -6.66518434e-04
   -6.62865775e-04 -6.62865775e-04 -6.38326993e-04 -6.38326993e-04
   -7.11166878e-04 -7.11166878e-04 -8.89288392e-04 -8.89288392e-04
   -6.94082055e-04 -6.94082055e-04 -4.15083009e-04 -4.15083009e-04
   -1.24905489e-04 -1.24905489e-04]
  [-1.91496349e-04 -1.91496349e-04 -4.02175604e-04 -4.02175604e-04
   -5.19277160e-04 -5.19277160e-04 -6.16669061e-04 -6.16669061e-04
   -7.25396315e-04 -7.25396315e-04 -6.66518434e-04 -6.66518434e-04
   -6.62865775e-04 -6.62865775e-04 -6.38326993e-04 -6.38326993e-04
   -7.11166878e-04 -7.11166878e-04 -8.89288392e-04 -8.89288392e-04
   -6.94082055e-04 -6.94082055e-04 -4.15083009e-04 -4.15083009e-04
   -1.24905489e-04 -1.24905489e-04]]]