[[[0.00272344 0.00245674 0.00289995 0.00322631 0.00304039 0.00292308
   0.00332119 0.00364518 0.00391491 0.00400811 0.0036911 ]
  [0.0026775  0.00258767 0.00303348 0.00319252 0.00303469 0.00314544
   0.00389332 0.00417839 0.00414262 0.00404297 0.00389496]
  [0.00272732 0.00287216 0.00334972 0.00339461 0.00305187 0.00327161
   0.00382738 0.00410079 0.00349602 0.00319567 0.00323929]
  [0.00287957 0.00323102 0.00358742 0.00362043 0.00349679 0.00379531
   0.00410221 0.00402837 0.00321226 0.00281629 0.00269811]
  [0.00318807 0.00346714 0.00328488 0.0033852  0.00376842 0.0042516
   0.0042234  0.00380393 0.00298244 0.00275988 0.00282718]
  [0.0031906  0.00318067 0.00294534 0.00319391 0.00388795 0.00433157
   0.00423063 0.00377334 0.00337525 0.00329234 0.00327679]
  [0.00309827 0.00282417 0.00290548 0.00337523 0.003915   0.00388593
   0.00368103 0.00328143 0.00341172 0.00355732 0.00349359]
  [0.00307388 0.00296345 0.00324485 0.00337239 0.00354388 0.00294223
   0.00261284 0.00253125 0.00315829 0.00340213 0.00337351]
  [0.0033444  0.00350902 0.00368507 0.00360961 0.00345256 0.00268133
   0.00227944 0.00220707 0.00278405 0.00336659 0.00338531]
  [0.00337129 0.00342302 0.00357718 0.00351231 0.00344338 0.00303025
   0.00277053 0.00273813 0.00283597 0.00320064 0.00309719]
  [0.00312513 0.00301998 0.00344613 0.00360867 0.00373992 0.003551
   0.00330496 0.00332594 0.00336778 0.00362039 0.0030708 ]]

 [[0.00272344 0.00245674 0.00289995 0.00322631 0.00304039 0.00292308
   0.00332119 0.00364518 0.00391491 0.00400811 0.0036911 ]
  [0.0026775  0.00258767 0.00303348 0.00319252 0.00303469 0.00314544
   0.00389332 0.00417839 0.00414262 0.00404297 0.00389496]
  [0.00272732 0.00287216 0.00334972 0.00339461 0.00305187 0.00327161
   0.00382738 0.00410079 0.00349602 0.00319567 0.00323929]
  [0.00287957 0.00323102 0.00358742 0.00362043 0.00349679 0.00379531
   0.00410221 0.00402837 0.00321226 0.00281629 0.00269811]
  [0.00318807 0.00346714 0.00328488 0.0033852  0.00376842 0.0042516
   0.0042234  0.00380393 0.00298244 0.00275988 0.00282718]
  [0.0031906  0.00318067 0.00294534 0.00319391 0.00388795 0.00433157
   0.00423063 0.00377334 0.00337525 0.00329234 0.00327679]
  [0.00309827 0.00282417 0.00290548 0.00337523 0.003915   0.00388593
   0.00368103 0.00328143 0.00341172 0.00355732 0.00349359]
  [0.00307388 0.00296345 0.00324485 0.00337239 0.00354388 0.00294223
   0.00261284 0.00253125 0.00315829 0.00340213 0.00337351]
  [0.0033444  0.00350902 0.00368507 0.00360961 0.00345256 0.00268133
   0.00227944 0.00220707 0.00278405 0.00336659 0.00338531]
  [0.00337129 0.00342302 0.00357718 0.00351231 0.00344338 0.00303025
   0.00277053 0.00273813 0.00283597 0.00320064 0.00309719]
  [0.00312513 0.00301998 0.00344613 0.00360867 0.00373992 0.003551
   0.00330496 0.00332594 0.00336778 0.00362039 0.0030708 ]]

 [[0.00272344 0.00245674 0.00289995 0.00322631 0.00304039 0.00292308
   0.00332119 0.00364518 0.00391491 0.00400811 0.0036911 ]
  [0.0026775  0.00258767 0.00303348 0.00319252 0.00303469 0.00314544
   0.00389332 0.00417839 0.00414262 0.00404297 0.00389496]
  [0.00272732 0.00287216 0.00334972 0.00339461 0.00305187 0.00327161
   0.00382738 0.00410079 0.00349602 0.00319567 0.00323929]
  [0.00287957 0.00323102 0.00358742 0.00362043 0.00349679 0.00379531
   0.00410221 0.00402837 0.00321226 0.00281629 0.00269811]
  [0.00318807 0.00346714 0.00328488 0.0033852  0.00376842 0.0042516
   0.0042234  0.00380393 0.00298244 0.00275988 0.00282718]
  [0.0031906  0.00318067 0.00294534 0.00319391 0.00388795 0.00433157
   0.00423063 0.00377334 0.00337525 0.00329234 0.00327679]
  [0.00309827 0.00282417 0.00290548 0.00337523 0.003915   0.00388593
   0.00368103 0.00328143 0.00341172 0.00355732 0.00349359]
  [0.00307388 0.00296345 0.00324485 0.00337239 0.00354388 0.00294223
   0.00261284 0.00253125 0.00315829 0.00340213 0.00337351]
  [0.0033444  0.00350902 0.00368507 0.00360961 0.00345256 0.00268133
   0.00227944 0.00220707 0.00278405 0.00336659 0.00338531]
  [0.00337129 0.00342302 0.00357718 0.00351231 0.00344338 0.00303025
   0.00277053 0.00273813 0.00283597 0.00320064 0.00309719]
  [0.00312513 0.00301998 0.00344613 0.00360867 0.00373992 0.003551
   0.00330496 0.00332594 0.00336778 0.00362039 0.0030708 ]]

 [[0.00272344 0.00245674 0.00289995 0.00322631 0.00304039 0.00292308
   0.00332119 0.00364518 0.00391491 0.00400811 0.0036911 ]
  [0.0026775  0.00258767 0.00303348 0.00319252 0.00303469 0.00314544
   0.00389332 0.00417839 0.00414262 0.00404297 0.00389496]
  [0.00272732 0.00287216 0.00334972 0.00339461 0.00305187 0.00327161
   0.00382738 0.00410079 0.00349602 0.00319567 0.00323929]
  [0.00287957 0.00323102 0.00358742 0.00362043 0.00349679 0.00379531
   0.00410221 0.00402837 0.00321226 0.00281629 0.00269811]
  [0.00318807 0.00346714 0.00328488 0.0033852  0.00376842 0.0042516
   0.0042234  0.00380393 0.00298244 0.00275988 0.00282718]
  [0.0031906  0.00318067 0.00294534 0.00319391 0.00388795 0.00433157
   0.00423063 0.00377334 0.00337525 0.00329234 0.00327679]
  [0.00309827 0.00282417 0.00290548 0.00337523 0.003915   0.00388593
   0.00368103 0.00328143 0.00341172 0.00355732 0.00349359]
  [0.00307388 0.00296345 0.00324485 0.00337239 0.00354388 0.00294223
   0.00261284 0.00253125 0.00315829 0.00340213 0.00337351]
  [0.0033444  0.00350902 0.00368507 0.00360961 0.00345256 0.00268133
   0.00227944 0.00220707 0.00278405 0.00336659 0.00338531]
  [0.00337129 0.00342302 0.00357718 0.00351231 0.00344338 0.00303025
   0.00277053 0.00273813 0.00283597 0.00320064 0.00309719]
  [0.00312513 0.00301998 0.00344613 0.00360867 0.00373992 0.003551
   0.00330496 0.00332594 0.00336778 0.00362039 0.0030708 ]]

 [[0.00272344 0.00245674 0.00289995 0.00322631 0.00304039 0.00292308
   0.00332119 0.00364518 0.00391491 0.00400811 0.0036911 ]
  [0.0026775  0.00258767 0.00303348 0.00319252 0.00303469 0.00314544
   0.00389332 0.00417839 0.00414262 0.00404297 0.00389496]
  [0.00272732 0.00287216 0.00334972 0.00339461 0.00305187 0.00327161
   0.00382738 0.00410079 0.00349602 0.00319567 0.00323929]
  [0.00287957 0.00323102 0.00358742 0.00362043 0.00349679 0.00379531
   0.00410221 0.00402837 0.00321226 0.00281629 0.00269811]
  [0.00318807 0.00346714 0.00328488 0.0033852  0.00376842 0.0042516
   0.0042234  0.00380393 0.00298244 0.00275988 0.00282718]
  [0.0031906  0.00318067 0.00294534 0.00319391 0.00388795 0.00433157
   0.00423063 0.00377334 0.00337525 0.00329234 0.00327679]
  [0.00309827 0.00282417 0.00290548 0.00337523 0.003915   0.00388593
   0.00368103 0.00328143 0.00341172 0.00355732 0.00349359]
  [0.00307388 0.00296345 0.00324485 0.00337239 0.00354388 0.00294223
   0.00261284 0.00253125 0.00315829 0.00340213 0.00337351]
  [0.0033444  0.00350902 0.00368507 0.00360961 0.00345256 0.00268133
   0.00227944 0.00220707 0.00278405 0.00336659 0.00338531]
  [0.00337129 0.00342302 0.00357718 0.00351231 0.00344338 0.00303025
   0.00277053 0.00273813 0.00283597 0.00320064 0.00309719]
  [0.00312513 0.00301998 0.00344613 0.00360867 0.00373992 0.003551
   0.00330496 0.00332594 0.00336778 0.00362039 0.0030708 ]]

 [[0.00272344 0.00245674 0.00289995 0.00322631 0.00304039 0.00292308
   0.00332119 0.00364518 0.00391491 0.00400811 0.0036911 ]
  [0.0026775  0.00258767 0.00303348 0.00319252 0.00303469 0.00314544
   0.00389332 0.00417839 0.00414262 0.00404297 0.00389496]
  [0.00272732 0.00287216 0.00334972 0.00339461 0.00305187 0.00327161
   0.00382738 0.00410079 0.00349602 0.00319567 0.00323929]
  [0.00287957 0.00323102 0.00358742 0.00362043 0.00349679 0.00379531
   0.00410221 0.00402837 0.00321226 0.00281629 0.00269811]
  [0.00318807 0.00346714 0.00328488 0.0033852  0.00376842 0.0042516
   0.0042234  0.00380393 0.00298244 0.00275988 0.00282718]
  [0.0031906  0.00318067 0.00294534 0.00319391 0.00388795 0.00433157
   0.00423063 0.00377334 0.00337525 0.00329234 0.00327679]
  [0.00309827 0.00282417 0.00290548 0.00337523 0.003915   0.00388593
   0.00368103 0.00328143 0.00341172 0.00355732 0.00349359]
  [0.00307388 0.00296345 0.00324485 0.00337239 0.00354388 0.00294223
   0.00261284 0.00253125 0.00315829 0.00340213 0.00337351]
  [0.0033444  0.00350902 0.00368507 0.00360961 0.00345256 0.00268133
   0.00227944 0.00220707 0.00278405 0.00336659 0.00338531]
  [0.00337129 0.00342302 0.00357718 0.00351231 0.00344338 0.00303025
   0.00277053 0.00273813 0.00283597 0.00320064 0.00309719]
  [0.00312513 0.00301998 0.00344613 0.00360867 0.00373992 0.003551
   0.00330496 0.00332594 0.00336778 0.00362039 0.0030708 ]]

 [[0.00272344 0.00245674 0.00289995 0.00322631 0.00304039 0.00292308
   0.00332119 0.00364518 0.00391491 0.00400811 0.0036911 ]
  [0.0026775  0.00258767 0.00303348 0.00319252 0.00303469 0.00314544
   0.00389332 0.00417839 0.00414262 0.00404297 0.00389496]
  [0.00272732 0.00287216 0.00334972 0.00339461 0.00305187 0.00327161
   0.00382738 0.00410079 0.00349602 0.00319567 0.00323929]
  [0.00287957 0.00323102 0.00358742 0.00362043 0.00349679 0.00379531
   0.00410221 0.00402837 0.00321226 0.00281629 0.00269811]
  [0.00318807 0.00346714 0.00328488 0.0033852  0.00376842 0.0042516
   0.0042234  0.00380393 0.00298244 0.00275988 0.00282718]
  [0.0031906  0.00318067 0.00294534 0.00319391 0.00388795 0.00433157
   0.00423063 0.00377334 0.00337525 0.00329234 0.00327679]
  [0.00309827 0.00282417 0.00290548 0.00337523 0.003915   0.00388593
   0.00368103 0.00328143 0.00341172 0.00355732 0.00349359]
  [0.00307388 0.00296345 0.00324485 0.00337239 0.00354388 0.00294223
   0.00261284 0.00253125 0.00315829 0.00340213 0.00337351]
  [0.0033444  0.00350902 0.00368507 0.00360961 0.00345256 0.00268133
   0.00227944 0.00220707 0.00278405 0.00336659 0.00338531]
  [0.00337129 0.00342302 0.00357718 0.00351231 0.00344338 0.00303025
   0.00277053 0.00273813 0.00283597 0.00320064 0.00309719]
  [0.00312513 0.00301998 0.00344613 0.00360867 0.00373992 0.003551
   0.00330496 0.00332594 0.00336778 0.00362039 0.0030708 ]]

 [[0.00272344 0.00245674 0.00289995 0.00322631 0.00304039 0.00292308
   0.00332119 0.00364518 0.00391491 0.00400811 0.0036911 ]
  [0.0026775  0.00258767 0.00303348 0.00319252 0.00303469 0.00314544
   0.00389332 0.00417839 0.00414262 0.00404297 0.00389496]
  [0.00272732 0.00287216 0.00334972 0.00339461 0.00305187 0.00327161
   0.00382738 0.00410079 0.00349602 0.00319567 0.00323929]
  [0.00287957 0.00323102 0.00358742 0.00362043 0.00349679 0.00379531
   0.00410221 0.00402837 0.00321226 0.00281629 0.00269811]
  [0.00318807 0.00346714 0.00328488 0.0033852  0.00376842 0.0042516
   0.0042234  0.00380393 0.00298244 0.00275988 0.00282718]
  [0.0031906  0.00318067 0.00294534 0.00319391 0.00388795 0.00433157
   0.00423063 0.00377334 0.00337525 0.00329234 0.00327679]
  [0.00309827 0.00282417 0.00290548 0.00337523 0.003915   0.00388593
   0.00368103 0.00328143 0.00341172 0.00355732 0.00349359]
  [0.00307388 0.00296345 0.00324485 0.00337239 0.00354388 0.00294223
   0.00261284 0.00253125 0.00315829 0.00340213 0.00337351]
  [0.0033444  0.00350902 0.00368507 0.00360961 0.00345256 0.00268133
   0.00227944 0.00220707 0.00278405 0.00336659 0.00338531]
  [0.00337129 0.00342302 0.00357718 0.00351231 0.00344338 0.00303025
   0.00277053 0.00273813 0.00283597 0.00320064 0.00309719]
  [0.00312513 0.00301998 0.00344613 0.00360867 0.00373992 0.003551
   0.00330496 0.00332594 0.00336778 0.00362039 0.0030708 ]]

 [[0.00272344 0.00245674 0.00289995 0.00322631 0.00304039 0.00292308
   0.00332119 0.00364518 0.00391491 0.00400811 0.0036911 ]
  [0.0026775  0.00258767 0.00303348 0.00319252 0.00303469 0.00314544
   0.00389332 0.00417839 0.00414262 0.00404297 0.00389496]
  [0.00272732 0.00287216 0.00334972 0.00339461 0.00305187 0.00327161
   0.00382738 0.00410079 0.00349602 0.00319567 0.00323929]
  [0.00287957 0.00323102 0.00358742 0.00362043 0.00349679 0.00379531
   0.00410221 0.00402837 0.00321226 0.00281629 0.00269811]
  [0.00318807 0.00346714 0.00328488 0.0033852  0.00376842 0.0042516
   0.0042234  0.00380393 0.00298244 0.00275988 0.00282718]
  [0.0031906  0.00318067 0.00294534 0.00319391 0.00388795 0.00433157
   0.00423063 0.00377334 0.00337525 0.00329234 0.00327679]
  [0.00309827 0.00282417 0.00290548 0.00337523 0.003915   0.00388593
   0.00368103 0.00328143 0.00341172 0.00355732 0.00349359]
  [0.00307388 0.00296345 0.00324485 0.00337239 0.00354388 0.00294223
   0.00261284 0.00253125 0.00315829 0.00340213 0.00337351]
  [0.0033444  0.00350902 0.00368507 0.00360961 0.00345256 0.00268133
   0.00227944 0.00220707 0.00278405 0.00336659 0.00338531]
  [0.00337129 0.00342302 0.00357718 0.00351231 0.00344338 0.00303025
   0.00277053 0.00273813 0.00283597 0.00320064 0.00309719]
  [0.00312513 0.00301998 0.00344613 0.00360867 0.00373992 0.003551
   0.00330496 0.00332594 0.00336778 0.00362039 0.0030708 ]]

 [[0.00272344 0.00245674 0.00289995 0.00322631 0.00304039 0.00292308
   0.00332119 0.00364518 0.00391491 0.00400811 0.0036911 ]
  [0.0026775  0.00258767 0.00303348 0.00319252 0.00303469 0.00314544
   0.00389332 0.00417839 0.00414262 0.00404297 0.00389496]
  [0.00272732 0.00287216 0.00334972 0.00339461 0.00305187 0.00327161
   0.00382738 0.00410079 0.00349602 0.00319567 0.00323929]
  [0.00287957 0.00323102 0.00358742 0.00362043 0.00349679 0.00379531
   0.00410221 0.00402837 0.00321226 0.00281629 0.00269811]
  [0.00318807 0.00346714 0.00328488 0.0033852  0.00376842 0.0042516
   0.0042234  0.00380393 0.00298244 0.00275988 0.00282718]
  [0.0031906  0.00318067 0.00294534 0.00319391 0.00388795 0.00433157
   0.00423063 0.00377334 0.00337525 0.00329234 0.00327679]
  [0.00309827 0.00282417 0.00290548 0.00337523 0.003915   0.00388593
   0.00368103 0.00328143 0.00341172 0.00355732 0.00349359]
  [0.00307388 0.00296345 0.00324485 0.00337239 0.00354388 0.00294223
   0.00261284 0.00253125 0.00315829 0.00340213 0.00337351]
  [0.0033444  0.00350902 0.00368507 0.00360961 0.00345256 0.00268133
   0.00227944 0.00220707 0.00278405 0.00336659 0.00338531]
  [0.00337129 0.00342302 0.00357718 0.00351231 0.00344338 0.00303025
   0.00277053 0.00273813 0.00283597 0.00320064 0.00309719]
  [0.00312513 0.00301998 0.00344613 0.00360867 0.00373992 0.003551
   0.00330496 0.00332594 0.00336778 0.00362039 0.0030708 ]]

 [[0.00272344 0.00245674 0.00289995 0.00322631 0.00304039 0.00292308
   0.00332119 0.00364518 0.00391491 0.00400811 0.0036911 ]
  [0.0026775  0.00258767 0.00303348 0.00319252 0.00303469 0.00314544
   0.00389332 0.00417839 0.00414262 0.00404297 0.00389496]
  [0.00272732 0.00287216 0.00334972 0.00339461 0.00305187 0.00327161
   0.00382738 0.00410079 0.00349602 0.00319567 0.00323929]
  [0.00287957 0.00323102 0.00358742 0.00362043 0.00349679 0.00379531
   0.00410221 0.00402837 0.00321226 0.00281629 0.00269811]
  [0.00318807 0.00346714 0.00328488 0.0033852  0.00376842 0.0042516
   0.0042234  0.00380393 0.00298244 0.00275988 0.00282718]
  [0.0031906  0.00318067 0.00294534 0.00319391 0.00388795 0.00433157
   0.00423063 0.00377334 0.00337525 0.00329234 0.00327679]
  [0.00309827 0.00282417 0.00290548 0.00337523 0.003915   0.00388593
   0.00368103 0.00328143 0.00341172 0.00355732 0.00349359]
  [0.00307388 0.00296345 0.00324485 0.00337239 0.00354388 0.00294223
   0.00261284 0.00253125 0.00315829 0.00340213 0.00337351]
  [0.0033444  0.00350902 0.00368507 0.00360961 0.00345256 0.00268133
   0.00227944 0.00220707 0.00278405 0.00336659 0.00338531]
  [0.00337129 0.00342302 0.00357718 0.00351231 0.00344338 0.00303025
   0.00277053 0.00273813 0.00283597 0.00320064 0.00309719]
  [0.00312513 0.00301998 0.00344613 0.00360867 0.00373992 0.003551
   0.00330496 0.00332594 0.00336778 0.00362039 0.0030708 ]]

 [[0.00272344 0.00245674 0.00289995 0.00322631 0.00304039 0.00292308
   0.00332119 0.00364518 0.00391491 0.00400811 0.0036911 ]
  [0.0026775  0.00258767 0.00303348 0.00319252 0.00303469 0.00314544
   0.00389332 0.00417839 0.00414262 0.00404297 0.00389496]
  [0.00272732 0.00287216 0.00334972 0.00339461 0.00305187 0.00327161
   0.00382738 0.00410079 0.00349602 0.00319567 0.00323929]
  [0.00287957 0.00323102 0.00358742 0.00362043 0.00349679 0.00379531
   0.00410221 0.00402837 0.00321226 0.00281629 0.00269811]
  [0.00318807 0.00346714 0.00328488 0.0033852  0.00376842 0.0042516
   0.0042234  0.00380393 0.00298244 0.00275988 0.00282718]
  [0.0031906  0.00318067 0.00294534 0.00319391 0.00388795 0.00433157
   0.00423063 0.00377334 0.00337525 0.00329234 0.00327679]
  [0.00309827 0.00282417 0.00290548 0.00337523 0.003915   0.00388593
   0.00368103 0.00328143 0.00341172 0.00355732 0.00349359]
  [0.00307388 0.00296345 0.00324485 0.00337239 0.00354388 0.00294223
   0.00261284 0.00253125 0.00315829 0.00340213 0.00337351]
  [0.0033444  0.00350902 0.00368507 0.00360961 0.00345256 0.00268133
   0.00227944 0.00220707 0.00278405 0.00336659 0.00338531]
  [0.00337129 0.00342302 0.00357718 0.00351231 0.00344338 0.00303025
   0.00277053 0.00273813 0.00283597 0.00320064 0.00309719]
  [0.00312513 0.00301998 0.00344613 0.00360867 0.00373992 0.003551
   0.00330496 0.00332594 0.00336778 0.00362039 0.0030708 ]]

 [[0.00272344 0.00245674 0.00289995 0.00322631 0.00304039 0.00292308
   0.00332119 0.00364518 0.00391491 0.00400811 0.0036911 ]
  [0.0026775  0.00258767 0.00303348 0.00319252 0.00303469 0.00314544
   0.00389332 0.00417839 0.00414262 0.00404297 0.00389496]
  [0.00272732 0.00287216 0.00334972 0.00339461 0.00305187 0.00327161
   0.00382738 0.00410079 0.00349602 0.00319567 0.00323929]
  [0.00287957 0.00323102 0.00358742 0.00362043 0.00349679 0.00379531
   0.00410221 0.00402837 0.00321226 0.00281629 0.00269811]
  [0.00318807 0.00346714 0.00328488 0.0033852  0.00376842 0.0042516
   0.0042234  0.00380393 0.00298244 0.00275988 0.00282718]
  [0.0031906  0.00318067 0.00294534 0.00319391 0.00388795 0.00433157
   0.00423063 0.00377334 0.00337525 0.00329234 0.00327679]
  [0.00309827 0.00282417 0.00290548 0.00337523 0.003915   0.00388593
   0.00368103 0.00328143 0.00341172 0.00355732 0.00349359]
  [0.00307388 0.00296345 0.00324485 0.00337239 0.00354388 0.00294223
   0.00261284 0.00253125 0.00315829 0.00340213 0.00337351]
  [0.0033444  0.00350902 0.00368507 0.00360961 0.00345256 0.00268133
   0.00227944 0.00220707 0.00278405 0.00336659 0.00338531]
  [0.00337129 0.00342302 0.00357718 0.00351231 0.00344338 0.00303025
   0.00277053 0.00273813 0.00283597 0.00320064 0.00309719]
  [0.00312513 0.00301998 0.00344613 0.00360867 0.00373992 0.003551
   0.00330496 0.00332594 0.00336778 0.00362039 0.0030708 ]]

 [[0.00272344 0.00245674 0.00289995 0.00322631 0.00304039 0.00292308
   0.00332119 0.00364518 0.00391491 0.00400811 0.0036911 ]
  [0.0026775  0.00258767 0.00303348 0.00319252 0.00303469 0.00314544
   0.00389332 0.00417839 0.00414262 0.00404297 0.00389496]
  [0.00272732 0.00287216 0.00334972 0.00339461 0.00305187 0.00327161
   0.00382738 0.00410079 0.00349602 0.00319567 0.00323929]
  [0.00287957 0.00323102 0.00358742 0.00362043 0.00349679 0.00379531
   0.00410221 0.00402837 0.00321226 0.00281629 0.00269811]
  [0.00318807 0.00346714 0.00328488 0.0033852  0.00376842 0.0042516
   0.0042234  0.00380393 0.00298244 0.00275988 0.00282718]
  [0.0031906  0.00318067 0.00294534 0.00319391 0.00388795 0.00433157
   0.00423063 0.00377334 0.00337525 0.00329234 0.00327679]
  [0.00309827 0.00282417 0.00290548 0.00337523 0.003915   0.00388593
   0.00368103 0.00328143 0.00341172 0.00355732 0.00349359]
  [0.00307388 0.00296345 0.00324485 0.00337239 0.00354388 0.00294223
   0.00261284 0.00253125 0.00315829 0.00340213 0.00337351]
  [0.0033444  0.00350902 0.00368507 0.00360961 0.00345256 0.00268133
   0.00227944 0.00220707 0.00278405 0.00336659 0.00338531]
  [0.00337129 0.00342302 0.00357718 0.00351231 0.00344338 0.00303025
   0.00277053 0.00273813 0.00283597 0.00320064 0.00309719]
  [0.00312513 0.00301998 0.00344613 0.00360867 0.00373992 0.003551
   0.00330496 0.00332594 0.00336778 0.00362039 0.0030708 ]]

 [[0.00272344 0.00245674 0.00289995 0.00322631 0.00304039 0.00292308
   0.00332119 0.00364518 0.00391491 0.00400811 0.0036911 ]
  [0.0026775  0.00258767 0.00303348 0.00319252 0.00303469 0.00314544
   0.00389332 0.00417839 0.00414262 0.00404297 0.00389496]
  [0.00272732 0.00287216 0.00334972 0.00339461 0.00305187 0.00327161
   0.00382738 0.00410079 0.00349602 0.00319567 0.00323929]
  [0.00287957 0.00323102 0.00358742 0.00362043 0.00349679 0.00379531
   0.00410221 0.00402837 0.00321226 0.00281629 0.00269811]
  [0.00318807 0.00346714 0.00328488 0.0033852  0.00376842 0.0042516
   0.0042234  0.00380393 0.00298244 0.00275988 0.00282718]
  [0.0031906  0.00318067 0.00294534 0.00319391 0.00388795 0.00433157
   0.00423063 0.00377334 0.00337525 0.00329234 0.00327679]
  [0.00309827 0.00282417 0.00290548 0.00337523 0.003915   0.00388593
   0.00368103 0.00328143 0.00341172 0.00355732 0.00349359]
  [0.00307388 0.00296345 0.00324485 0.00337239 0.00354388 0.00294223
   0.00261284 0.00253125 0.00315829 0.00340213 0.00337351]
  [0.0033444  0.00350902 0.00368507 0.00360961 0.00345256 0.00268133
   0.00227944 0.00220707 0.00278405 0.00336659 0.00338531]
  [0.00337129 0.00342302 0.00357718 0.00351231 0.00344338 0.00303025
   0.00277053 0.00273813 0.00283597 0.00320064 0.00309719]
  [0.00312513 0.00301998 0.00344613 0.00360867 0.00373992 0.003551
   0.00330496 0.00332594 0.00336778 0.00362039 0.0030708 ]]

 [[0.00272344 0.00245674 0.00289995 0.00322631 0.00304039 0.00292308
   0.00332119 0.00364518 0.00391491 0.00400811 0.0036911 ]
  [0.0026775  0.00258767 0.00303348 0.00319252 0.00303469 0.00314544
   0.00389332 0.00417839 0.00414262 0.00404297 0.00389496]
  [0.00272732 0.00287216 0.00334972 0.00339461 0.00305187 0.00327161
   0.00382738 0.00410079 0.00349602 0.00319567 0.00323929]
  [0.00287957 0.00323102 0.00358742 0.00362043 0.00349679 0.00379531
   0.00410221 0.00402837 0.00321226 0.00281629 0.00269811]
  [0.00318807 0.00346714 0.00328488 0.0033852  0.00376842 0.0042516
   0.0042234  0.00380393 0.00298244 0.00275988 0.00282718]
  [0.0031906  0.00318067 0.00294534 0.00319391 0.00388795 0.00433157
   0.00423063 0.00377334 0.00337525 0.00329234 0.00327679]
  [0.00309827 0.00282417 0.00290548 0.00337523 0.003915   0.00388593
   0.00368103 0.00328143 0.00341172 0.00355732 0.00349359]
  [0.00307388 0.00296345 0.00324485 0.00337239 0.00354388 0.00294223
   0.00261284 0.00253125 0.00315829 0.00340213 0.00337351]
  [0.0033444  0.00350902 0.00368507 0.00360961 0.00345256 0.00268133
   0.00227944 0.00220707 0.00278405 0.00336659 0.00338531]
  [0.00337129 0.00342302 0.00357718 0.00351231 0.00344338 0.00303025
   0.00277053 0.00273813 0.00283597 0.00320064 0.00309719]
  [0.00312513 0.00301998 0.00344613 0.00360867 0.00373992 0.003551
   0.00330496 0.00332594 0.00336778 0.00362039 0.0030708 ]]]