[[ 0.92816804  0.2823378   0.89864111  0.48229678  0.62146848  0.94263886
   0.72444322  0.13527625  0.17154889  0.84693608  0.64286227  0.60212061
   0.23730021  0.37906714  0.41307375  0.68249341  0.11170306  0.35427781
   0.61360695  0.80430413  0.86581707  0.42707516  0.32116351  0.57089074
   0.38243413  0.44462845  0.20884124  0.96307219  0.68465087  0.34773534
   0.01780265  0.5659391   0.91817629  0.0270084   0.95912865  0.83195642
   0.41932234  0.70627958  0.34881058  0.37104963  0.58320534  0.49245105
   0.34471778  0.58451297  0.51441346  0.24863699  0.87164959  0.71312313
   0.68409231  0.03834132  0.45036084  0.7944661   0.77939483  0.13170916
   0.76930882  0.67067452  0.40118123  0.55238791  0.77482231  0.53589586
   0.6257096   0.26477164  0.19580336  0.04395206  0.18201813  0.21241814
   0.13347055  0.28847035  0.54721224  0.25445144  0.2287616   0.71934828
   0.37149025  0.02088979  0.40994277  0.03009993  0.65720038  0.43999027
   0.76046517  0.59970265  0.56398904  0.73476483  0.40775843  0.04030157
   0.70346217  0.32743826  0.87260957  0.79031356  0.12599544  0.54021901
   0.76090953  0.64075941  0.26800092  0.41909302  0.80509318  0.629312
   0.39016922  0.45878897  0.68945242 -0.00332     0.20341496  0.25510984
   0.56506785  0.97390164  0.06148256  0.46884472  0.91031715  0.80140703
  -0.00184205  0.51194139  0.70538259  0.3267202   0.53437074  0.43093569
   0.65560803  0.70095835  0.36897838  0.15232072  0.45666281  0.32990506]]