[[[[-0.11447647 -0.05490199 -0.08392788]
   [-0.08002402 -0.01476791 -0.04673632]
   [-0.08902695 -0.02485905 -0.06484203]]]


 [[[-0.11395569 -0.05505246 -0.0832074 ]
   [-0.08029635 -0.01466919 -0.04686919]
   [-0.08912852 -0.02535017 -0.06453959]]]


 [[[-0.11389258 -0.05464018 -0.08311808]
   [-0.0800832  -0.01413531 -0.04671909]
   [-0.08973526 -0.02536471 -0.06471953]]]


 [[[-0.11478138 -0.05464539 -0.08371201]
   [-0.08062329 -0.01460866 -0.04683055]
   [-0.08912578 -0.02488018 -0.06466679]]]


 [[[-0.11368937 -0.05483259 -0.08316921]
   [-0.07980461 -0.01431604 -0.04649242]
   [-0.08910781 -0.02579842 -0.06473635]]]


 [[[-0.11451222 -0.05492929 -0.08339852]
   [-0.08024741 -0.01449119 -0.04646806]
   [-0.08902256 -0.02563345 -0.06467669]]]]