[[[[0.01397049 0.01274972 0.01269382]
   [0.0145663  0.01298327 0.01253849]
   [0.01371729 0.01181846 0.01210247]]

  [[0.01409431 0.01352056 0.01297804]
   [0.01402264 0.01255019 0.01196401]
   [0.01399266 0.01234999 0.01164978]]

  [[0.01371827 0.01281554 0.01323246]
   [0.01408027 0.01288407 0.01250487]
   [0.01436254 0.0119483  0.01146208]]

  [[0.01442107 0.01340676 0.0131658 ]
   [0.0147688  0.0126554  0.01252245]
   [0.01384526 0.01163166 0.01147998]]

  [[0.01441537 0.01348482 0.01304526]
   [0.01478774 0.012449   0.01241285]
   [0.0135404  0.01160776 0.01148923]]

  [[0.01392434 0.01334884 0.01324867]
   [0.01465927 0.01321126 0.01243717]
   [0.01396055 0.01188724 0.01132307]]]


 [[[0.01412692 0.01284738 0.01297239]
   [0.01425231 0.01291082 0.01168718]
   [0.01423429 0.0115537  0.01194835]]

  [[0.01386638 0.01272181 0.01298632]
   [0.01446283 0.01234298 0.01167437]
   [0.01410888 0.01186644 0.01141304]]

  [[0.01448276 0.013193   0.01330996]
   [0.01420019 0.01299491 0.01168102]
   [0.01388326 0.01159323 0.01181011]]

  [[0.01401454 0.01295687 0.01306496]
   [0.01444791 0.01297404 0.01170382]
   [0.01376717 0.01173866 0.01119282]]

  [[0.01433596 0.01318443 0.01289846]
   [0.01429024 0.01267137 0.01226972]
   [0.01425401 0.01133064 0.01115357]]

  [[0.01422484 0.01335963 0.01308799]
   [0.01390091 0.01242285 0.01220689]
   [0.01419031 0.01161147 0.01197735]]]


 [[[0.01455387 0.01340961 0.01250444]
   [0.01382852 0.01275138 0.01254134]
   [0.01355761 0.01142171 0.0114251 ]]

  [[0.01395704 0.0129725  0.01246289]
   [0.01473338 0.01257105 0.01252853]
   [0.0142783  0.01159591 0.01100396]]

  [[0.01410726 0.01334699 0.01333973]
   [0.01440271 0.01252546 0.01252568]
   [0.01384205 0.01178095 0.01121179]]

  [[0.01389941 0.01278706 0.01322288]
   [0.01463246 0.01284161 0.01243322]
   [0.01386191 0.01199432 0.01177295]]

  [[0.0143706  0.0131398  0.01265071]
   [0.01451268 0.01315741 0.01244473]
   [0.01395301 0.0113462  0.01154171]]

  [[0.01389421 0.01336903 0.01249796]
   [0.01445179 0.01228275 0.01173691]
   [0.01384906 0.01171934 0.01136226]]]


 [[[0.01363477 0.01329983 0.01297671]
   [0.01412385 0.0125697  0.01244247]
   [0.01416566 0.01215526 0.01195006]]

  [[0.01395981 0.01245417 0.01288319]
   [0.01371096 0.01291954 0.01214668]
   [0.01417094 0.01217689 0.01176833]]

  [[0.01385144 0.01283594 0.01241731]
   [0.01439074 0.01302538 0.01158115]
   [0.01393798 0.01125743 0.01181757]]

  [[0.01391963 0.01338538 0.01247024]
   [0.01417652 0.01265823 0.01211915]
   [0.0141004  0.01160102 0.01191223]]

  [[0.01421378 0.01257595 0.01264114]
   [0.01390399 0.0126108  0.01184011]
   [0.01371673 0.01143519 0.01109445]]

  [[0.01378335 0.01297002 0.0123852 ]
   [0.01371012 0.01254906 0.01177502]
   [0.01371735 0.01211056 0.01182683]]]


 [[[0.01406172 0.01285173 0.01245205]
   [0.01432578 0.0129871  0.01217769]
   [0.01388617 0.01216491 0.01107032]]

  [[0.01356211 0.01290068 0.01262266]
   [0.01405405 0.01302305 0.01167894]
   [0.01379803 0.01150771 0.0115193 ]]

  [[0.01453188 0.01321185 0.01291628]
   [0.01437644 0.01316249 0.01154609]
   [0.01395744 0.01152489 0.0118441 ]]

  [[0.01383215 0.01301661 0.01307222]
   [0.0140457  0.01274001 0.01222407]
   [0.01386725 0.0119351  0.01126384]]

  [[0.01419707 0.01249106 0.01320439]
   [0.01422755 0.01310456 0.01188255]
   [0.01377572 0.01207971 0.01155275]]

  [[0.01450586 0.01279165 0.01234306]
   [0.01457021 0.01307969 0.01224805]
   [0.01348404 0.01190478 0.01144435]]]


 [[[0.01432446 0.01280561 0.0123659 ]
   [0.01377108 0.01274507 0.01234084]
   [0.01435305 0.01210112 0.01142382]]

  [[0.01374253 0.01298451 0.01277515]
   [0.01436134 0.01291508 0.01225041]
   [0.01377929 0.01132858 0.01107764]]

  [[0.01431511 0.01316964 0.01284114]
   [0.01424133 0.0123713  0.01203275]
   [0.01395231 0.0120682  0.01170852]]

  [[0.01455105 0.01308926 0.01275518]
   [0.0144458  0.01275386 0.01243545]
   [0.01353967 0.01194608 0.01170961]]

  [[0.01377637 0.01275279 0.01290464]
   [0.0142807  0.01320408 0.0119281 ]
   [0.01375135 0.01155539 0.01130484]]

  [[0.01412506 0.01273924 0.0127461 ]
   [0.01464594 0.01247019 0.0116747 ]
   [0.01396495 0.01171021 0.01157553]]]


 [[[0.0136466  0.01319364 0.01294985]
   [0.01443979 0.01268728 0.01199847]
   [0.01432659 0.01210899 0.01111298]]

  [[0.01421478 0.01331459 0.01251411]
   [0.01394025 0.01258992 0.0122003 ]
   [0.01407066 0.01182429 0.01169056]]

  [[0.01441612 0.01310025 0.01231157]
   [0.01476297 0.01302066 0.01234015]
   [0.0140671  0.01225594 0.01126804]]

  [[0.01425908 0.01280401 0.01251457]
   [0.01454247 0.01274617 0.01199471]
   [0.01344722 0.01168766 0.01137531]]

  [[0.01447056 0.01317576 0.01292733]
   [0.01461133 0.01285976 0.01188699]
   [0.0136269  0.01183609 0.01184733]]

  [[0.01364852 0.01264229 0.01231302]
   [0.01386603 0.01288989 0.01185962]
   [0.01408585 0.01147705 0.01096148]]]


 [[[0.01391493 0.01272524 0.01315074]
   [0.01391578 0.01275287 0.01183361]
   [0.01345232 0.01185043 0.01137412]]

  [[0.01426904 0.01260768 0.01297698]
   [0.01381168 0.01259782 0.01172183]
   [0.01378964 0.01182507 0.01140863]]

  [[0.01371947 0.01267689 0.01250206]
   [0.01365244 0.01304453 0.01243141]
   [0.01400955 0.01121286 0.01143126]]

  [[0.0140886  0.01331128 0.01279368]
   [0.01376343 0.0129287  0.01241112]
   [0.01428772 0.01213789 0.01135431]]

  [[0.01415882 0.0129934  0.01304343]
   [0.01380894 0.01304004 0.01180187]
   [0.01402066 0.01140576 0.01183604]]

  [[0.01420016 0.01321616 0.01276272]
   [0.0141345  0.01227514 0.01164938]
   [0.01417182 0.0115426  0.01162477]]]


 [[[0.0136303  0.01242974 0.01265606]
   [0.01384512 0.01236093 0.01235719]
   [0.01390431 0.01142268 0.01122252]]

  [[0.01443906 0.01339648 0.01262864]
   [0.01398456 0.0131293  0.01223535]
   [0.01398059 0.0116199  0.01179772]]

  [[0.01440212 0.01295646 0.01284928]
   [0.01425415 0.01247159 0.01184279]
   [0.01344587 0.01146511 0.0118036 ]]

  [[0.01385207 0.0129938  0.01280006]
   [0.01383433 0.01282812 0.0117229 ]
   [0.01358238 0.01174365 0.01161587]]

  [[0.01369253 0.01243463 0.01291652]
   [0.013779   0.01293786 0.01235395]
   [0.01342769 0.01184568 0.01146505]]

  [[0.01443383 0.01270458 0.01245962]
   [0.01461077 0.01239207 0.01175244]
   [0.01420351 0.01202348 0.01187662]]]


 [[[0.01385325 0.01308464 0.0133558 ]
   [0.01468324 0.01288492 0.01188985]
   [0.01384904 0.01214238 0.01193044]]

  [[0.0141268  0.01260625 0.01301882]
   [0.0139318  0.01299521 0.01226813]
   [0.01355338 0.01141044 0.01112841]]

  [[0.01421456 0.01282646 0.01314823]
   [0.01449611 0.01273593 0.01216449]
   [0.0143028  0.01219417 0.01182364]]

  [[0.01458127 0.01292054 0.01289288]
   [0.01474414 0.01231147 0.01181958]
   [0.01412396 0.0115556  0.01151443]]

  [[0.01435849 0.01299394 0.01285385]
   [0.01430186 0.01298725 0.01204964]
   [0.01351373 0.01137097 0.0115391 ]]

  [[0.01397238 0.01258483 0.01334068]
   [0.01431109 0.0127602  0.01221148]
   [0.01386348 0.01140329 0.01195941]]]


 [[[0.01381785 0.01284812 0.01252293]
   [0.01433622 0.0122674  0.01200825]
   [0.01401366 0.01227971 0.01117229]]

  [[0.01415037 0.01345521 0.01256513]
   [0.01378246 0.01295618 0.01210593]
   [0.013585   0.01165628 0.01152358]]

  [[0.01391684 0.01275168 0.01304537]
   [0.01392046 0.01275723 0.01156974]
   [0.01357097 0.01188398 0.01147408]]

  [[0.01379623 0.01248962 0.01237786]
   [0.01448726 0.01300045 0.01178969]
   [0.01413752 0.01222933 0.01123855]]

  [[0.01395196 0.01316985 0.01258991]
   [0.01441033 0.01289732 0.01207468]
   [0.01370441 0.01183553 0.01181975]]

  [[0.01423723 0.01301666 0.01256936]
   [0.01386536 0.01223488 0.01241362]
   [0.01423985 0.01153843 0.01142437]]]


 [[[0.01364954 0.01257277 0.01300545]
   [0.01417182 0.01292172 0.01172751]
   [0.01337506 0.01195685 0.01170556]]

  [[0.01419243 0.01340475 0.01279024]
   [0.01439986 0.01281875 0.01196985]
   [0.01396882 0.01125327 0.01113714]]

  [[0.01444798 0.01294541 0.01280307]
   [0.01433426 0.01254629 0.01157295]
   [0.01340124 0.0117222  0.011116  ]]

  [[0.01358864 0.01334088 0.01244824]
   [0.01420102 0.01258962 0.01220025]
   [0.01423408 0.01125693 0.01105732]]

  [[0.01355478 0.01247521 0.0129285 ]
   [0.01396065 0.01280726 0.01181915]
   [0.01408093 0.01153888 0.01129437]]

  [[0.013744   0.01296409 0.01271603]
   [0.01446731 0.01217073 0.01219487]
   [0.0136044  0.01149498 0.01161687]]]


 [[[0.0142479  0.01325719 0.01262378]
   [0.01367916 0.01313818 0.01185497]
   [0.01337106 0.01172065 0.01112787]]

  [[0.01387475 0.01249489 0.01253061]
   [0.01457727 0.01289456 0.01244279]
   [0.01333582 0.0121402  0.01133338]]

  [[0.01371041 0.01256385 0.01242633]
   [0.01401069 0.01240009 0.01241983]
   [0.01402425 0.01133302 0.01128823]]

  [[0.0140499  0.01292166 0.01282427]
   [0.01399162 0.01252517 0.01172484]
   [0.01384972 0.01141812 0.01124112]]

  [[0.01441067 0.01331193 0.01279887]
   [0.01442184 0.01280465 0.0117353 ]
   [0.01330895 0.01141485 0.01191214]]

  [[0.01370228 0.01305646 0.01246329]
   [0.01453794 0.01294566 0.01216712]
   [0.01354793 0.01162082 0.01127758]]]


 [[[0.01460798 0.01265888 0.01258864]
   [0.01441762 0.0131868  0.01200136]
   [0.01387121 0.01228872 0.01115562]]

  [[0.01429081 0.01348085 0.01277164]
   [0.01402805 0.0127152  0.01171341]
   [0.01347326 0.01225105 0.01155664]]

  [[0.01415881 0.01293876 0.01325324]
   [0.01461126 0.01307968 0.01246772]
   [0.01410705 0.01200853 0.01134682]]

  [[0.01374818 0.01346049 0.01332862]
   [0.01412789 0.01291408 0.01231472]
   [0.01401576 0.01149737 0.01126905]]

  [[0.01385963 0.01318493 0.01299057]
   [0.01407959 0.01241541 0.01187323]
   [0.01439355 0.01231429 0.01180587]]

  [[0.01399241 0.01297111 0.01281711]
   [0.01384457 0.01254938 0.01258973]
   [0.01442881 0.01230169 0.01153474]]]


 [[[0.01420053 0.01301439 0.01285729]
   [0.01444176 0.01275331 0.01188409]
   [0.01370756 0.01191311 0.01199453]]

  [[0.01376743 0.01335084 0.01255519]
   [0.01441895 0.01253648 0.01162961]
   [0.0134563  0.01204033 0.01136514]]

  [[0.01394285 0.01313189 0.01283229]
   [0.01431034 0.01302852 0.01194023]
   [0.01376244 0.01187576 0.01189575]]

  [[0.01420719 0.01253542 0.01286376]
   [0.01405221 0.01259765 0.01185887]
   [0.01403324 0.01176232 0.01121919]]

  [[0.01407642 0.01310033 0.01258314]
   [0.01451713 0.01300093 0.01257795]
   [0.01347309 0.0119013  0.01149485]]

  [[0.01403504 0.01276057 0.01326788]
   [0.01392906 0.01238319 0.01162265]
   [0.01358459 0.01187945 0.01197666]]]


 [[[0.01405902 0.01313233 0.01252063]
   [0.01396659 0.01266388 0.01161004]
   [0.01371044 0.01176835 0.01108605]]

  [[0.01447238 0.01287048 0.01305953]
   [0.01378004 0.01260242 0.0123882 ]
   [0.01395657 0.01147263 0.011449  ]]

  [[0.01356531 0.01299248 0.01276205]
   [0.01448356 0.01234454 0.01190714]
   [0.01392215 0.01208092 0.01172349]]

  [[0.01444953 0.01285505 0.01235233]
   [0.01469934 0.01305762 0.01245376]
   [0.01356434 0.01186356 0.01196361]]

  [[0.01406503 0.01255654 0.01298189]
   [0.01368865 0.01305588 0.01187135]
   [0.01364727 0.01170385 0.01172434]]

  [[0.01396585 0.01329925 0.01289802]
   [0.01385841 0.01250686 0.01240905]
   [0.01431692 0.01143701 0.01158086]]]]