[[-7.30301641e-02 -3.34390852e-02 -1.33731423e-02  9.40366281e-03
  -7.23507260e-02 -2.61612189e-02 -1.59570626e-02 -5.29809342e-02
  -3.40013260e-02  9.00304536e-03  1.93257775e-02 -6.43079373e-02
  -6.10059022e-02 -9.42510194e-02 -2.56046010e-03 -8.64933107e-02
  -3.41549494e-03 -2.52923810e-03 -2.42107186e-02 -6.96221001e-02
   7.88336540e-03 -5.85697584e-04  1.49989574e-03 -5.09432805e-02
   3.56296071e-03 -1.32124532e-02 -3.73869696e-02 -1.88824662e-02
  -6.52917283e-02 -8.11068345e-02  7.48605727e-03 -3.74716025e-02
   2.79581755e-03 -1.16663748e-02  1.28260474e-02  1.46319349e-02
  -5.84548086e-02 -9.51863711e-02  1.39153380e-02 -7.92915798e-02]
 [-7.47444501e-02 -3.40495505e-02 -1.49678279e-02  9.06496923e-03
  -7.38750367e-02 -2.69163090e-02 -1.67820138e-02 -5.42057574e-02
  -3.48951538e-02  8.66773640e-03  1.83447931e-02 -6.58817001e-02
  -6.17343877e-02 -9.51985966e-02 -3.17178834e-03 -8.75334217e-02
  -4.43569936e-03 -2.95261480e-03 -2.46299229e-02 -7.10901094e-02
   7.02096223e-03 -1.49411113e-03 -6.31366792e-05 -5.19586897e-02
   2.22959746e-03 -1.47554527e-02 -3.87795384e-02 -1.95950114e-02
  -6.65517835e-02 -8.16810733e-02  5.97592177e-03 -3.86695742e-02
   1.64227462e-03 -1.34441311e-02  1.07895016e-02  1.38331776e-02
  -5.96114910e-02 -9.57440871e-02  1.22707723e-02 -8.00904843e-02]
 [-7.32761615e-02 -3.37309146e-02 -1.39480082e-02  9.96970786e-03
  -7.28394810e-02 -2.56199360e-02 -1.54254714e-02 -5.30680563e-02
  -3.39434609e-02  9.29926058e-03  1.94619705e-02 -6.47699050e-02
  -6.13488438e-02 -9.41840755e-02 -2.45146858e-03 -8.68856496e-02
  -2.79230520e-03 -2.44968036e-03 -2.43971260e-02 -6.92433925e-02
   7.49398455e-03 -3.72630594e-04  1.73606822e-03 -5.09361433e-02
   3.10872735e-03 -1.40712136e-02 -3.73636450e-02 -1.82797454e-02
  -6.49745625e-02 -8.10476248e-02  7.58875788e-03 -3.72286915e-02
   2.94781100e-03 -1.20408287e-02  1.27047502e-02  1.41348167e-02
  -5.83050104e-02 -9.51451236e-02  1.32901850e-02 -7.94261948e-02]
 [-7.41054778e-02 -3.37162633e-02 -1.48391110e-02  9.43877479e-03
  -7.32517220e-02 -2.69160248e-02 -1.66263791e-02 -5.38539577e-02
  -3.47553653e-02  8.85535426e-03  1.92051958e-02 -6.54375500e-02
  -6.14359848e-02 -9.55476499e-02 -2.76490158e-03 -8.74918484e-02
  -3.90713776e-03 -3.40649233e-03 -2.47705587e-02 -7.02328573e-02
   7.25705616e-03 -1.21485929e-03  2.67841632e-04 -5.14960160e-02
   2.45550521e-03 -1.44353938e-02 -3.81648288e-02 -1.91312658e-02
  -6.58019179e-02 -8.21638890e-02  6.20149440e-03 -3.83966245e-02
   2.08322531e-03 -1.27854466e-02  1.15396605e-02  1.41332998e-02
  -5.87330101e-02 -9.58675917e-02  1.29337537e-02 -8.01917004e-02]
 [-7.45349272e-02 -3.34916601e-02 -1.41082162e-02  9.67893541e-03
  -7.30498767e-02 -2.59661412e-02 -1.60524403e-02 -5.36025657e-02
  -3.44365798e-02  8.97994021e-03  1.88350033e-02 -6.47544877e-02
  -6.19573629e-02 -9.47038227e-02 -3.14833019e-03 -8.71651098e-02
  -3.53476784e-03 -2.92217170e-03 -2.43492551e-02 -7.05796471e-02
   6.83057591e-03 -6.66781590e-04  1.42891022e-03 -5.12157660e-02
   3.01672835e-03 -1.41003612e-02 -3.85926687e-02 -1.86957498e-02
  -6.54556907e-02 -8.19391235e-02  6.59825486e-03 -3.77530988e-02
   1.84991140e-03 -1.30482614e-02  1.17956823e-02  1.37842841e-02
  -5.87788632e-02 -9.53147068e-02  1.36863196e-02 -7.98950172e-02]
 [-7.40258530e-02 -3.30307943e-02 -1.32217330e-02  1.00433668e-02
  -7.22920931e-02 -2.61160610e-02 -1.60586552e-02 -5.34421610e-02
  -3.39114779e-02  9.60993248e-03  2.03135798e-02 -6.50232943e-02
  -6.10905798e-02 -9.44065330e-02 -2.11627417e-03 -8.71794280e-02
  -3.33279676e-03 -1.92683926e-03 -2.42506782e-02 -6.93250548e-02
   7.71767033e-03 -1.29094089e-04  2.07797425e-03 -5.04855257e-02
   3.70653172e-03 -1.33105435e-02 -3.81418649e-02 -1.85964016e-02
  -6.46369941e-02 -8.08216433e-02  7.77289955e-03 -3.74458768e-02
   2.97425475e-03 -1.15920709e-02  1.21028332e-02  1.46326619e-02
  -5.83356459e-02 -9.51019341e-02  1.40369187e-02 -7.93132611e-02]
 [-7.42136893e-02 -3.40448050e-02 -1.38861503e-02  9.25626744e-03
  -7.25613737e-02 -2.59452726e-02 -1.64631149e-02 -5.35459646e-02
  -3.36353436e-02  8.79526009e-03  1.90305299e-02 -6.53681988e-02
  -6.11444573e-02 -9.45290017e-02 -3.04456098e-03 -8.73896883e-02
  -3.71540470e-03 -2.95084746e-03 -2.46321915e-02 -7.01162606e-02
   7.66231322e-03 -3.89506545e-04  6.77821365e-04 -5.05694681e-02
   3.33994090e-03 -1.36459343e-02 -3.78971049e-02 -1.88246061e-02
  -6.55400845e-02 -8.09312918e-02  7.00157107e-03 -3.74222585e-02
   2.68710486e-03 -1.21301585e-02  1.18483734e-02  1.45071643e-02
  -5.86149993e-02 -9.52880930e-02  1.38266834e-02 -8.00229584e-02]
 [-7.54592265e-02 -3.43813038e-02 -1.51370364e-02  8.96544373e-03
  -7.41574778e-02 -2.73769470e-02 -1.70716124e-02 -5.42971195e-02
  -3.48506777e-02  7.81355683e-03  1.79420875e-02 -6.64153476e-02
  -6.28449279e-02 -9.54844619e-02 -3.99046893e-03 -8.84953385e-02
  -4.33108944e-03 -3.64225816e-03 -2.58053091e-02 -7.11701332e-02
   6.61143012e-03 -1.92292972e-03  4.76582999e-04 -5.17432973e-02
   2.48832356e-03 -1.48654969e-02 -3.87791037e-02 -1.99188691e-02
  -6.64581563e-02 -8.18520512e-02  5.94968232e-03 -3.84705231e-02
   7.11361882e-04 -1.29618942e-02  1.12987207e-02  1.31485152e-02
  -5.91153389e-02 -9.66163582e-02  1.27715233e-02 -8.09657848e-02]
 [-7.46414008e-02 -3.43065171e-02 -1.49464011e-02  8.59621886e-03
  -7.38861999e-02 -2.75568980e-02 -1.73581438e-02 -5.40623731e-02
  -3.49416640e-02  8.31918181e-03  1.79731211e-02 -6.59129085e-02
  -6.25878747e-02 -9.57489443e-02 -3.94911160e-03 -8.80882864e-02
  -4.87593521e-03 -3.71808443e-03 -2.52522174e-02 -7.05521754e-02
   6.84382465e-03 -1.41869968e-03 -2.00585756e-04 -5.16918109e-02
   2.60693499e-03 -1.46629386e-02 -3.91748538e-02 -2.00842242e-02
  -6.64896917e-02 -8.18211391e-02  6.01915358e-03 -3.85076664e-02
   6.84095775e-04 -1.34803634e-02  1.08334811e-02  1.25970240e-02
  -5.90015679e-02 -9.57548189e-02  1.20334392e-02 -8.02522604e-02]
 [-7.38385054e-02 -3.31391578e-02 -1.37406123e-02  9.97502722e-03
  -7.26474085e-02 -2.56134063e-02 -1.58178008e-02 -5.36493165e-02
  -3.34579881e-02  8.84744840e-03  1.94551851e-02 -6.45973937e-02
  -6.14981209e-02 -9.50382403e-02 -2.44204447e-03 -8.73161052e-02
  -3.58670877e-03 -2.08930463e-03 -2.40908375e-02 -6.98238682e-02
   7.93945837e-03 -2.88606413e-04  1.77393810e-03 -5.09300529e-02
   3.28834832e-03 -1.34250667e-02 -3.83231863e-02 -1.90399308e-02
  -6.47534033e-02 -8.08217164e-02  7.16867610e-03 -3.73094113e-02
   2.17612817e-03 -1.23660787e-02  1.23395447e-02  1.48697476e-02
  -5.88000891e-02 -9.45182196e-02  1.34534446e-02 -7.92606564e-02]
 [-7.41975670e-02 -3.33949817e-02 -1.38232869e-02  8.72768073e-03
  -7.30901986e-02 -2.68945729e-02 -1.58277286e-02 -5.35126403e-02
  -3.44868641e-02  8.83478130e-03  1.90394013e-02 -6.49309803e-02
  -6.12510356e-02 -9.53202160e-02 -3.29585907e-03 -8.69062257e-02
  -3.96320178e-03 -2.31757303e-03 -2.45076491e-02 -7.03992612e-02
   7.54377630e-03 -3.68501283e-04  1.02457835e-03 -5.11797693e-02
   2.94871274e-03 -1.43859374e-02 -3.78463361e-02 -1.86569819e-02
  -6.54895549e-02 -8.11809038e-02  6.41314062e-03 -3.76256247e-02
   1.55254148e-03 -1.21375544e-02  1.12609061e-02  1.35152294e-02
  -5.84415390e-02 -9.47325514e-02  1.35109362e-02 -7.99764841e-02]
 [-7.37554130e-02 -3.41505054e-02 -1.45477804e-02  9.55261551e-03
  -7.33503560e-02 -2.66550292e-02 -1.65227732e-02 -5.40494504e-02
  -3.39996182e-02  8.47472467e-03  1.87462924e-02 -6.49771999e-02
  -6.17921704e-02 -9.51690014e-02 -2.93573947e-03 -8.70151451e-02
  -3.34101058e-03 -3.01232481e-03 -2.44740117e-02 -6.99666915e-02
   7.17700647e-03 -5.81122342e-04  8.00052951e-04 -5.10678107e-02
   2.61304868e-03 -1.44277555e-02 -3.81243016e-02 -1.93941630e-02
  -6.56905452e-02 -8.17427157e-02  7.18468162e-03 -3.74983595e-02
   2.42553326e-03 -1.30272598e-02  1.19501585e-02  1.36491515e-02
  -5.85940942e-02 -9.54026659e-02  1.36753908e-02 -7.94227841e-02]
 [-7.49271823e-02 -3.41458656e-02 -1.53223487e-02  9.08262694e-03
  -7.37438822e-02 -2.67347230e-02 -1.68649830e-02 -5.40795811e-02
  -3.51569898e-02  8.16267976e-03  1.81468266e-02 -6.56542419e-02
  -6.22442313e-02 -9.62220069e-02 -3.43842599e-03 -8.81694069e-02
  -4.61907193e-03 -3.25370450e-03 -2.49487974e-02 -7.12225299e-02
   6.47640418e-03 -1.73666043e-03  7.85633664e-04 -5.15569009e-02
   2.73942061e-03 -1.52470171e-02 -3.88044862e-02 -1.96740294e-02
  -6.60210274e-02 -8.23642907e-02  5.92353199e-03 -3.89400310e-02
   1.41650097e-03 -1.34082469e-02  1.10359460e-02  1.34921752e-02
  -5.92136683e-02 -9.59186721e-02  1.27950556e-02 -8.01075089e-02]
 [-7.46974593e-02 -3.45371401e-02 -1.40807536e-02  8.64498075e-03
  -7.37064913e-02 -2.70031636e-02 -1.64114706e-02 -5.37241407e-02
  -3.45528013e-02  8.38781296e-03  1.88520007e-02 -6.57909446e-02
  -6.20011121e-02 -9.53353803e-02 -3.51654598e-03 -8.75222826e-02
  -4.09683908e-03 -3.37034501e-03 -2.49570162e-02 -7.00596418e-02
   6.60609662e-03 -1.36298685e-03  1.95962686e-04 -5.10916229e-02
   3.09699056e-03 -1.42374468e-02 -3.82895122e-02 -1.92082704e-02
  -6.63084072e-02 -8.14000409e-02  6.10270643e-03 -3.80530412e-02
   1.16476717e-03 -1.30552768e-02  1.08856419e-02  1.33473360e-02
  -5.90182326e-02 -9.59243618e-02  1.25097992e-02 -8.03841620e-02]
 [-7.48175384e-02 -3.37549421e-02 -1.46225817e-02  8.89071903e-03
  -7.31782061e-02 -2.64944394e-02 -1.68737718e-02 -5.35976486e-02
  -3.41101800e-02  8.88399554e-03  1.90106244e-02 -6.55181780e-02
  -6.20929446e-02 -9.58337172e-02 -3.17332734e-03 -8.74580887e-02
  -4.21052581e-03 -2.83034354e-03 -2.47177680e-02 -7.00266710e-02
   6.90850005e-03 -1.05146528e-03  9.68935795e-04 -5.18467490e-02
   3.10587367e-03 -1.50346592e-02 -3.89741883e-02 -1.92918611e-02
  -6.61981590e-02 -8.13772039e-02  5.96459607e-03 -3.79332057e-02
   1.67719518e-03 -1.34517582e-02  1.11959040e-02  1.39072118e-02
  -5.95420588e-02 -9.59044754e-02  1.31491627e-02 -7.98847986e-02]
 [-7.42351799e-02 -3.34708639e-02 -1.42888983e-02  9.32119017e-03
  -7.24941713e-02 -2.67832778e-02 -1.57499818e-02 -5.35614819e-02
  -3.37729938e-02  8.67787680e-03  1.88500945e-02 -6.48774822e-02
  -6.18533771e-02 -9.43771112e-02 -2.73322111e-03 -8.68955373e-02
  -3.59989155e-03 -2.98811213e-03 -2.47442702e-02 -6.95850583e-02
   7.67204979e-03 -3.27564159e-04  1.09427800e-03 -5.09002595e-02
   3.04932530e-03 -1.40641167e-02 -3.85350870e-02 -1.90643670e-02
  -6.50809140e-02 -8.14343790e-02  6.42252923e-03 -3.76328286e-02
   2.12437068e-03 -1.20087807e-02  1.16577073e-02  1.37756888e-02
  -5.89969189e-02 -9.55484259e-02  1.36541401e-02 -7.97327372e-02]
 [-7.47054447e-02 -3.42383042e-02 -1.47566460e-02  8.01603415e-03
  -7.39618473e-02 -2.76737471e-02 -1.66752275e-02 -5.50192266e-02
  -3.49016837e-02  8.54301831e-03  1.87161593e-02 -6.59298648e-02
  -6.20454136e-02 -9.59255938e-02 -3.49994872e-03 -8.78699048e-02
  -4.48644452e-03 -3.26026976e-03 -2.52588505e-02 -7.12308274e-02
   5.87094865e-03 -2.05020202e-03 -2.76623929e-04 -5.22598564e-02
   2.36262406e-03 -1.51876822e-02 -3.91660053e-02 -1.96360133e-02
  -6.60545055e-02 -8.20993987e-02  5.88641532e-03 -3.92133436e-02
   6.60908857e-04 -1.35388125e-02  1.05571071e-02  1.28541726e-02
  -6.00833525e-02 -9.58744289e-02  1.22224356e-02 -8.09605235e-02]
 [-7.49493408e-02 -3.43618883e-02 -1.43088849e-02  9.08631901e-03
  -7.31387409e-02 -2.64535187e-02 -1.67112894e-02 -5.42908503e-02
  -3.41842378e-02  8.31277697e-03  1.91946922e-02 -6.53712447e-02
  -6.20386473e-02 -9.54401508e-02 -3.33374759e-03 -8.83672920e-02
  -3.83059530e-03 -2.76895147e-03 -2.50273890e-02 -7.07934478e-02
   6.79633171e-03 -6.48340763e-04  9.59725719e-05 -5.19153273e-02
   3.10523900e-03 -1.50256844e-02 -3.84270901e-02 -1.92307345e-02
  -6.61231559e-02 -8.15975363e-02  5.93357070e-03 -3.87825117e-02
   1.69869342e-03 -1.30131791e-02  1.17094603e-02  1.31846894e-02
  -5.94915208e-02 -9.60764208e-02  1.28904367e-02 -8.05692504e-02]
 [-7.44570232e-02 -3.36781947e-02 -1.37931096e-02  9.48006047e-03
  -7.24821383e-02 -2.66824800e-02 -1.61105634e-02 -5.34309050e-02
  -3.41535210e-02  9.14046455e-03  1.93133013e-02 -6.57062216e-02
  -6.16930965e-02 -9.55409058e-02 -2.55877461e-03 -8.75787316e-02
  -3.60781476e-03 -3.12258336e-03 -2.48147727e-02 -6.99775160e-02
   7.52516385e-03 -8.61763264e-04  1.32507435e-03 -5.08780994e-02
   2.97936079e-03 -1.44837590e-02 -3.80035244e-02 -1.93951874e-02
  -6.51452411e-02 -8.16024580e-02  6.20925654e-03 -3.77654647e-02
   1.45537170e-03 -1.22736011e-02  1.11953153e-02  1.39818856e-02
  -5.88298921e-02 -9.50635841e-02  1.32560504e-02 -7.96780317e-02]
 [-7.40162124e-02 -3.30879380e-02 -1.37657478e-02  9.13974288e-03
  -7.28341144e-02 -2.59208560e-02 -1.58821004e-02 -5.38217417e-02
  -3.43909160e-02  9.10233888e-03  1.96025551e-02 -6.50617943e-02
  -6.08627832e-02 -9.51402254e-02 -2.76583155e-03 -8.65839582e-02
  -2.91720314e-03 -2.26294815e-03 -2.41619825e-02 -6.98772920e-02
   7.61094448e-03 -1.33821472e-04  1.07456269e-03 -5.06807081e-02
   2.88490362e-03 -1.37503830e-02 -3.76297981e-02 -1.88968423e-02
  -6.51635602e-02 -8.13241155e-02  7.16283714e-03 -3.72371662e-02
   2.12458560e-03 -1.21518623e-02  1.25012833e-02  1.39548333e-02
  -5.89121772e-02 -9.45334004e-02  1.31655945e-02 -7.93793515e-02]
 [-7.38862686e-02 -3.28754828e-02 -1.39336690e-02  9.81671746e-03
  -7.23197991e-02 -2.57319540e-02 -1.52880250e-02 -5.33043813e-02
  -3.40066354e-02  8.87032886e-03  1.96044077e-02 -6.43929964e-02
  -6.14964714e-02 -9.48565999e-02 -2.36732030e-03 -8.70515145e-02
  -3.18483179e-03 -2.17946786e-03 -2.44360347e-02 -6.93348817e-02
   7.92402022e-03 -5.77520301e-04  1.14279035e-03 -5.09319575e-02
   3.06576673e-03 -1.35090962e-02 -3.80989612e-02 -1.81686139e-02
  -6.52113828e-02 -8.08138577e-02  7.39931122e-03 -3.76680460e-02
   2.70838220e-03 -1.25249048e-02  1.20644189e-02  1.43610126e-02
  -5.87622721e-02 -9.47833955e-02  1.38617173e-02 -7.92249057e-02]
 [-7.43098206e-02 -3.44392524e-02 -1.44420969e-02  8.56769293e-03
  -7.35829793e-02 -2.67714836e-02 -1.67853587e-02 -5.41814847e-02
  -3.44059277e-02  8.90399527e-03  1.93324178e-02 -6.54879331e-02
  -6.13620816e-02 -9.54614801e-02 -3.49403931e-03 -8.78512089e-02
  -3.70106416e-03 -3.38038138e-03 -2.50349841e-02 -7.05887269e-02
   6.74833306e-03 -1.04800122e-03  7.09422699e-04 -5.16622705e-02
   2.81833538e-03 -1.43134317e-02 -3.88118281e-02 -1.94318626e-02
  -6.56252234e-02 -8.15259385e-02  6.77340299e-03 -3.81794408e-02
   1.83007314e-03 -1.31171504e-02  1.17185372e-02  1.35595886e-02
  -5.85323634e-02 -9.55202136e-02  1.26671487e-02 -8.04900881e-02]
 [-7.46262169e-02 -3.48642934e-02 -1.45578459e-02  8.85458813e-03
  -7.31992211e-02 -2.65852466e-02 -1.64916167e-02 -5.46790388e-02
  -3.46811945e-02  7.83807411e-03  1.83594538e-02 -6.58124697e-02
  -6.16824353e-02 -9.51604523e-02 -3.65699363e-03 -8.82129749e-02
  -3.72168054e-03 -3.10365434e-03 -2.47860889e-02 -7.03357307e-02
   7.04629264e-03 -1.48690037e-03  7.96856328e-04 -5.15220415e-02
   2.08995948e-03 -1.50881099e-02 -3.89221878e-02 -1.93637074e-02
  -6.56257633e-02 -8.23099542e-02  6.42754641e-03 -3.82144138e-02
   1.27831540e-03 -1.31935411e-02  1.10856311e-02  1.32699625e-02
  -5.93236976e-02 -9.58850132e-02  1.29921603e-02 -8.04689431e-02]
 [-7.37550386e-02 -3.40322885e-02 -1.38620125e-02  8.76284407e-03
  -7.24854754e-02 -2.67153108e-02 -1.61532624e-02 -5.42002374e-02
  -3.43831827e-02  9.22409474e-03  1.91302592e-02 -6.56171248e-02
  -6.17478642e-02 -9.50715841e-02 -2.84612601e-03 -8.71327760e-02
  -3.43230970e-03 -2.75376674e-03 -2.45715077e-02 -7.04483938e-02
   7.22787465e-03 -1.07619463e-03  7.61428433e-04 -5.15874331e-02
   2.86467793e-03 -1.40574467e-02 -3.87774395e-02 -1.90998001e-02
  -6.55644615e-02 -8.17843444e-02  6.76092327e-03 -3.81044024e-02
   1.94398768e-03 -1.25663281e-02  1.15996174e-02  1.33280533e-02
  -5.90683998e-02 -9.48604810e-02  1.34269658e-02 -7.95195436e-02]
 [-7.48560752e-02 -3.45467350e-02 -1.47701418e-02  8.79792856e-03
  -7.31971685e-02 -2.63993092e-02 -1.60383969e-02 -5.40733483e-02
  -3.43844169e-02  8.29749209e-03  1.87993152e-02 -6.57197870e-02
  -6.21516326e-02 -9.55871091e-02 -2.75542332e-03 -8.80976239e-02
  -4.22081853e-03 -2.81185531e-03 -2.50245641e-02 -7.03881769e-02
   6.85828978e-03 -1.42316035e-03  7.47010486e-04 -5.09927164e-02
   2.35434007e-03 -1.48891470e-02 -3.88661050e-02 -1.97768131e-02
  -6.61679999e-02 -8.13713262e-02  6.53022878e-03 -3.83820246e-02
   1.78600710e-03 -1.33189805e-02  1.16590605e-02  1.31708628e-02
  -5.91490282e-02 -9.57689625e-02  1.33399147e-02 -8.04029478e-02]
 [-7.39437895e-02 -3.41093390e-02 -1.46006611e-02  9.37089318e-03
  -7.36779562e-02 -2.67707242e-02 -1.69098087e-02 -5.37728178e-02
  -3.49360535e-02  8.72809993e-03  1.90693479e-02 -6.51103115e-02
  -6.14267026e-02 -9.53575578e-02 -3.58048359e-03 -8.74112256e-02
  -4.17393252e-03 -3.36106734e-03 -2.49188802e-02 -7.02464416e-02
   6.90945749e-03 -8.46162617e-04  8.17358094e-04 -5.11067945e-02
   2.64260651e-03 -1.50088799e-02 -3.84423020e-02 -1.95804730e-02
  -6.62317233e-02 -8.14347597e-02  6.47394579e-03 -3.85663836e-02
   2.07403061e-03 -1.25719686e-02  1.09350883e-02  1.38892119e-02
  -5.92232477e-02 -9.56560278e-02  1.29841335e-02 -8.02319187e-02]
 [-7.52915210e-02 -3.41881593e-02 -1.47260996e-02  8.58062712e-03
  -7.40065151e-02 -2.68471403e-02 -1.69113295e-02 -5.48617805e-02
  -3.53349122e-02  7.94907083e-03  1.83565340e-02 -6.55665995e-02
  -6.21099457e-02 -9.54988966e-02 -3.40057748e-03 -8.77855667e-02
  -4.08626403e-03 -3.89457779e-03 -2.56831253e-02 -7.12909403e-02
   6.18918392e-03 -1.95404981e-03 -1.40076787e-04 -5.16058158e-02
   2.74414222e-03 -1.45623004e-02 -3.92692200e-02 -1.97823246e-02
  -6.62050377e-02 -8.21983433e-02  6.19576249e-03 -3.84936553e-02
   1.20443712e-03 -1.31861093e-02  1.14312012e-02  1.33889020e-02
  -5.93084155e-02 -9.60242140e-02  1.27406609e-02 -8.03467416e-02]
 [-7.38449976e-02 -3.28652367e-02 -1.38442937e-02  9.71271519e-03
  -7.20919154e-02 -2.57231696e-02 -1.56314165e-02 -5.34558081e-02
  -3.39272310e-02  9.44167766e-03  1.99541586e-02 -6.41369359e-02
  -6.05548787e-02 -9.43565041e-02 -2.55897625e-03 -8.71636883e-02
  -2.86073367e-03 -1.63404677e-03 -2.38460931e-02 -6.98776586e-02
   7.92271959e-03  5.20575959e-06  1.23530011e-03 -5.04679635e-02
   3.59729523e-03 -1.36038416e-02 -3.76840021e-02 -1.78995594e-02
  -6.51920851e-02 -8.13285860e-02  7.34722300e-03 -3.73878870e-02
   2.80699942e-03 -1.18800043e-02  1.25814676e-02  1.46536153e-02
  -5.86027827e-02 -9.51566984e-02  1.44060578e-02 -7.91492993e-02]
 [-7.41054230e-02 -3.36406729e-02 -1.44144746e-02  9.18230165e-03
  -7.23139355e-02 -2.60660295e-02 -1.64963317e-02 -5.31558248e-02
  -3.40208332e-02  8.63748047e-03  1.97615482e-02 -6.45649734e-02
  -6.14364625e-02 -9.50392397e-02 -2.73874592e-03 -8.71537676e-02
  -3.80590143e-03 -2.90624622e-03 -2.43650579e-02 -7.03929234e-02
   7.30607386e-03 -8.67813595e-04  1.09018287e-03 -5.11100560e-02
   2.88576430e-03 -1.35939054e-02 -3.82928306e-02 -1.88221803e-02
  -6.50670606e-02 -8.14511167e-02  7.10899062e-03 -3.76982965e-02
   2.46869936e-03 -1.28267336e-02  1.16147017e-02  1.41156879e-02
  -5.83671914e-02 -9.51617762e-02  1.30089436e-02 -7.98899366e-02]
 [-7.46388321e-02 -3.40516560e-02 -1.50965934e-02  8.39099206e-03
  -7.36006611e-02 -2.68597452e-02 -1.62817948e-02 -5.44690921e-02
  -3.44447189e-02  8.28260782e-03  1.86701227e-02 -6.55526582e-02
  -6.16225828e-02 -9.57900993e-02 -3.84258933e-03 -8.75622295e-02
  -3.96534726e-03 -3.33116960e-03 -2.46948686e-02 -7.03486153e-02
   6.29101255e-03 -1.37349016e-03  4.32931078e-04 -5.15174368e-02
   2.16045204e-03 -1.46045649e-02 -3.87300399e-02 -1.91891407e-02
  -6.56454053e-02 -8.20154724e-02  5.96144146e-03 -3.80876515e-02
   1.01225510e-03 -1.33784324e-02  1.13843689e-02  1.31045786e-02
  -5.90180389e-02 -9.58964392e-02  1.24640885e-02 -7.98630396e-02]
 [-7.54067955e-02 -3.48553061e-02 -1.52265981e-02  8.35040503e-03
  -7.35316263e-02 -2.71502902e-02 -1.69140969e-02 -5.52271359e-02
  -3.47215544e-02  8.37567077e-03  1.81463816e-02 -6.61848372e-02
  -6.28256082e-02 -9.64108417e-02 -3.87227964e-03 -8.82134665e-02
  -4.78840117e-03 -3.57327711e-03 -2.56825563e-02 -7.10991829e-02
   5.82385816e-03 -1.90635109e-03 -2.14297826e-05 -5.17972627e-02
   2.08961485e-03 -1.47469289e-02 -3.90412628e-02 -2.00562550e-02
  -6.65485133e-02 -8.30057708e-02  5.29957635e-03 -3.86055319e-02
   8.01967009e-04 -1.36473516e-02  1.12298073e-02  1.34096098e-02
  -6.01738871e-02 -9.68437615e-02  1.25993408e-02 -8.13462657e-02]
 [-7.45304366e-02 -3.39889510e-02 -1.41467362e-02  9.05803748e-03
  -7.32546787e-02 -2.60144558e-02 -1.66114216e-02 -5.33826032e-02
  -3.45338682e-02  8.81077292e-03  1.93003291e-02 -6.49553551e-02
  -6.18600146e-02 -9.49285137e-02 -3.18548016e-03 -8.78035388e-02
  -3.82674620e-03 -2.67051655e-03 -2.45285307e-02 -6.97473922e-02
   6.78725013e-03 -4.17452436e-04  5.75115406e-04 -5.09168866e-02
   3.45605541e-03 -1.46491227e-02 -3.78971557e-02 -1.91585825e-02
  -6.53287550e-02 -8.19376342e-02  6.28208151e-03 -3.80617925e-02
   2.11426132e-03 -1.27723011e-02  1.13053427e-02  1.39511528e-02
  -5.92391149e-02 -9.52580023e-02  1.26668823e-02 -8.02695310e-02]
 [-7.31625409e-02 -3.28658317e-02 -1.41126096e-02  9.79495143e-03
  -7.29514673e-02 -2.61126398e-02 -1.55266527e-02 -5.37209609e-02
  -3.38658561e-02  9.67672874e-03  2.02776105e-02 -6.50438404e-02
  -6.12076322e-02 -9.50816179e-02 -2.56722068e-03 -8.65770643e-02
  -3.47549748e-03 -2.11539126e-03 -2.42134876e-02 -6.95863781e-02
   8.05850897e-03  1.21918163e-05  1.84826695e-03 -5.07219259e-02
   3.20456916e-03 -1.37822072e-02 -3.75276985e-02 -1.82138874e-02
  -6.54517705e-02 -8.09282997e-02  7.78245332e-03 -3.72943174e-02
   2.27651242e-03 -1.16332306e-02  1.26135587e-02  1.42351574e-02
  -5.77901734e-02 -9.51987790e-02  1.43177625e-02 -7.91841687e-02]
 [-7.55292776e-02 -3.48130023e-02 -1.53521762e-02  8.68820310e-03
  -7.37092879e-02 -2.72088264e-02 -1.71947925e-02 -5.51868996e-02
  -3.54043047e-02  8.11445751e-03  1.80478671e-02 -6.59592330e-02
  -6.30735610e-02 -9.59377453e-02 -4.09816348e-03 -8.84453913e-02
  -4.31404764e-03 -3.60535877e-03 -2.50688412e-02 -7.16525297e-02
   6.18718791e-03 -1.86599595e-03 -2.01039711e-04 -5.17246499e-02
   2.43167102e-03 -1.54187536e-02 -3.92537760e-02 -1.98500961e-02
  -6.69531113e-02 -8.29782752e-02  6.00901318e-03 -3.88798176e-02
   1.35309954e-03 -1.38639900e-02  1.05805662e-02  1.34298788e-02
  -5.97526533e-02 -9.64253871e-02  1.26799811e-02 -8.09957413e-02]
 [-7.30862977e-02 -3.27514209e-02 -1.32711261e-02  9.97864755e-03
  -7.27382979e-02 -2.59532538e-02 -1.58277752e-02 -5.34948613e-02
  -3.39586111e-02  9.43442631e-03  1.98047631e-02 -6.44727206e-02
  -6.08636450e-02 -9.47497306e-02 -2.27811620e-03 -8.65320106e-02
  -2.73240501e-03 -1.96880322e-03 -2.41937061e-02 -6.91539617e-02
   7.41303340e-03 -1.85494770e-04  1.74015236e-03 -5.05616056e-02
   4.03606103e-03 -1.33238378e-02 -3.74600862e-02 -1.79647184e-02
  -6.48823181e-02 -8.13994098e-02  7.74447057e-03 -3.72245605e-02
   2.49816504e-03 -1.23814966e-02  1.24316932e-02  1.47979951e-02
  -5.82178216e-02 -9.51051400e-02  1.39186930e-02 -7.93245664e-02]
 [-7.35322968e-02 -3.32730649e-02 -1.40811521e-02  9.53930613e-03
  -7.28140088e-02 -2.58223236e-02 -1.59709691e-02 -5.36780818e-02
  -3.42082591e-02  9.22239869e-03  1.98361780e-02 -6.45375672e-02
  -6.07766828e-02 -9.44877494e-02 -2.82092871e-03 -8.74260240e-02
  -3.14229688e-03 -2.01472236e-03 -2.45890223e-02 -7.02579792e-02
   7.22238763e-03 -1.47927669e-04  1.78813392e-03 -5.02875114e-02
   3.41961879e-03 -1.37244845e-02 -3.81412764e-02 -1.86570584e-02
  -6.52181697e-02 -8.13937207e-02  7.13385271e-03 -3.72615039e-02
   2.15326851e-03 -1.22984765e-02  1.17453988e-02  1.46457315e-02
  -5.84759234e-02 -9.47025453e-02  1.33445573e-02 -7.93449963e-02]
 [-7.48898855e-02 -3.40060145e-02 -1.40861520e-02  8.69013390e-03
  -7.31439349e-02 -2.72409081e-02 -1.66324477e-02 -5.36750159e-02
  -3.41871280e-02  8.76960663e-03  1.85669017e-02 -6.54866452e-02
  -6.19616951e-02 -9.55035058e-02 -2.98829190e-03 -8.80430944e-02
  -3.93233434e-03 -3.14021423e-03 -2.50247546e-02 -7.07551718e-02
   7.12043550e-03 -1.28150996e-03  4.67683075e-04 -5.10131164e-02
   2.80447042e-03 -1.41626173e-02 -3.88034245e-02 -1.97901599e-02
  -6.59929776e-02 -8.16003438e-02  6.50530712e-03 -3.83624890e-02
   1.31783263e-03 -1.25162711e-02  1.10370384e-02  1.40078573e-02
  -5.90059325e-02 -9.60082162e-02  1.26008621e-02 -8.02759739e-02]
 [-7.40613832e-02 -3.39351283e-02 -1.36284207e-02  9.34034633e-03
  -7.29598892e-02 -2.63394973e-02 -1.60057054e-02 -5.33772806e-02
  -3.37460892e-02  9.20244303e-03  1.88808741e-02 -6.50429460e-02
  -6.12083611e-02 -9.47104332e-02 -2.51816984e-03 -8.76305116e-02
  -3.62690347e-03 -2.99357647e-03 -2.43246288e-02 -7.01458466e-02
   6.97588948e-03 -3.96997597e-04  1.33980508e-03 -5.05637732e-02
   3.55954792e-03 -1.43001122e-02 -3.85775006e-02 -1.92438356e-02
  -6.49821084e-02 -8.14286112e-02  6.72147372e-03 -3.77532756e-02
   2.55503024e-03 -1.25590688e-02  1.14738095e-02  1.45156745e-02
  -5.90600141e-02 -9.47231411e-02  1.32332005e-02 -7.95262040e-02]
 [-7.44753963e-02 -3.46701474e-02 -1.46668631e-02  9.02340701e-03
  -7.33120321e-02 -2.66657963e-02 -1.70586380e-02 -5.37284785e-02
  -3.51066593e-02  8.37097785e-03  1.83273540e-02 -6.53448291e-02
  -6.17230330e-02 -9.50284583e-02 -3.63981145e-03 -8.77686041e-02
  -4.41282244e-03 -3.60677262e-03 -2.48279951e-02 -7.08855738e-02
   6.68974452e-03 -1.38111114e-03  1.01880753e-04 -5.18652363e-02
   2.66227069e-03 -1.42231733e-02 -3.93121173e-02 -1.96593765e-02
  -6.56637750e-02 -8.18881538e-02  6.23526191e-03 -3.83288981e-02
   1.78016920e-03 -1.28843575e-02  1.09620858e-02  1.36044542e-02
  -5.92278363e-02 -9.58496093e-02  1.30891542e-02 -7.98302509e-02]
 [-7.42643277e-02 -3.40147999e-02 -1.42801526e-02  8.88488857e-03
  -7.36534200e-02 -2.65444506e-02 -1.62200782e-02 -5.37794717e-02
  -3.48591438e-02  7.99482043e-03  1.84004049e-02 -6.59679880e-02
  -6.16631271e-02 -9.49431690e-02 -3.33323346e-03 -8.74081609e-02
  -4.40468761e-03 -3.45123626e-03 -2.55179771e-02 -7.08266495e-02
   6.65820855e-03 -1.01121209e-03  3.81753973e-04 -5.12305036e-02
   2.54276927e-03 -1.50978468e-02 -3.90022708e-02 -1.93456009e-02
  -6.61637956e-02 -8.14462928e-02  6.20971994e-03 -3.82400564e-02
   1.58507788e-03 -1.32951098e-02  1.15661962e-02  1.30001120e-02
  -5.90790883e-02 -9.54911331e-02  1.23427366e-02 -8.01682862e-02]
 [-7.44655156e-02 -3.39338710e-02 -1.39960105e-02  9.28848560e-03
  -7.32462022e-02 -2.66786752e-02 -1.58048089e-02 -5.36870288e-02
  -3.45457718e-02  9.07915208e-03  1.93893566e-02 -6.56087784e-02
  -6.15721611e-02 -9.50654513e-02 -2.70478126e-03 -8.77132687e-02
  -3.43906351e-03 -2.74547336e-03 -2.41946355e-02 -7.03124345e-02
   6.84235187e-03 -6.52683447e-04  1.32242771e-03 -5.12331439e-02
   2.99271136e-03 -1.45263060e-02 -3.87422453e-02 -1.86633846e-02
  -6.61456261e-02 -8.16766821e-02  6.76040493e-03 -3.82113071e-02
   1.62625367e-03 -1.27078176e-02  1.14122886e-02  1.40061846e-02
  -5.85154681e-02 -9.50970868e-02  1.32815510e-02 -8.00760707e-02]
 [-7.45413142e-02 -3.40093907e-02 -1.42017184e-02  9.39474436e-03
  -7.31450768e-02 -2.63674922e-02 -1.64604522e-02 -5.36121620e-02
  -3.46819573e-02  8.52937140e-03  1.92113725e-02 -6.50934568e-02
  -6.20078932e-02 -9.56826680e-02 -2.98477163e-03 -8.76964214e-02
  -4.02844098e-03 -2.58281532e-03 -2.49246192e-02 -7.07278398e-02
   7.02503558e-03 -7.50035431e-04  1.20063681e-03 -5.08912905e-02
   2.64362437e-03 -1.47261785e-02 -3.82951326e-02 -1.88195052e-02
  -6.60339985e-02 -8.20259366e-02  6.71424183e-03 -3.84151790e-02
   1.45958044e-03 -1.30510907e-02  1.12833552e-02  1.33594891e-02
  -5.92286707e-02 -9.55051854e-02  1.31692761e-02 -7.96533991e-02]
 [-7.47268140e-02 -3.45398195e-02 -1.46462180e-02  9.15022145e-03
  -7.34693340e-02 -2.64176920e-02 -1.63138445e-02 -5.37299883e-02
  -3.50113536e-02  8.53827335e-03  1.87595572e-02 -6.58846901e-02
  -6.22209403e-02 -9.58368223e-02 -3.06710526e-03 -8.83053680e-02
  -3.82745202e-03 -3.24537025e-03 -2.47542943e-02 -7.09069728e-02
   6.61757279e-03 -1.32251495e-03  9.87751120e-04 -5.15603629e-02
   2.94035123e-03 -1.46582787e-02 -3.90071484e-02 -1.98753838e-02
  -6.61220950e-02 -8.20028394e-02  6.22229388e-03 -3.84048531e-02
   1.74581110e-03 -1.25647369e-02  1.13139312e-02  1.40088237e-02
  -5.92310530e-02 -9.60292010e-02  1.23809181e-02 -8.02211686e-02]
 [-7.40476634e-02 -3.38306899e-02 -1.43691394e-02  8.83915453e-03
  -7.30253771e-02 -2.66615486e-02 -1.58459743e-02 -5.33163717e-02
  -3.41041369e-02  8.85768751e-03  1.89376299e-02 -6.52310725e-02
  -6.18628978e-02 -9.54959893e-02 -3.34523538e-03 -8.69519826e-02
  -3.78571235e-03 -2.60343601e-03 -2.44896219e-02 -6.99537072e-02
   7.17188189e-03 -3.45675831e-04  1.17819021e-03 -5.14433650e-02
   3.12741449e-03 -1.40678643e-02 -3.80478066e-02 -1.92908845e-02
  -6.59662473e-02 -8.16821855e-02  6.22994596e-03 -3.78518516e-02
   1.58920961e-03 -1.26719089e-02  1.15290566e-02  1.38805661e-02
  -5.90991109e-02 -9.49672188e-02  1.26441859e-02 -7.95952513e-02]
 [-7.38423329e-02 -3.41043612e-02 -1.41182964e-02  8.98457454e-03
  -7.30362874e-02 -2.69777719e-02 -1.67872564e-02 -5.43196510e-02
  -3.46732862e-02  8.90606566e-03  1.94550435e-02 -6.57150087e-02
  -6.18476082e-02 -9.56650215e-02 -2.54969144e-03 -8.75429111e-02
  -3.95033110e-03 -2.69305665e-03 -2.46384814e-02 -7.01221437e-02
   6.74142647e-03 -6.04679728e-04  1.18533003e-03 -5.13701137e-02
   3.07388159e-03 -1.40491758e-02 -3.85641538e-02 -1.91048842e-02
  -6.59236456e-02 -8.20465999e-02  6.40454273e-03 -3.78150939e-02
   2.14629663e-03 -1.26826091e-02  1.19749711e-02  1.40911604e-02
  -5.89620528e-02 -9.58711153e-02  1.29013420e-02 -7.99939672e-02]
 [-7.46950991e-02 -3.43147368e-02 -1.45856429e-02  8.61908702e-03
  -7.30858246e-02 -2.73093366e-02 -1.71040156e-02 -5.46303293e-02
  -3.50088514e-02  8.40300357e-03  1.85093928e-02 -6.57729842e-02
  -6.18781500e-02 -9.59169488e-02 -3.31367768e-03 -8.75657519e-02
  -4.38018953e-03 -3.32314793e-03 -2.55352279e-02 -7.09059389e-02
   6.52865680e-03 -9.49364177e-04  5.01042408e-05 -5.11623540e-02
   2.01791746e-03 -1.47521348e-02 -3.87295720e-02 -1.97289898e-02
  -6.65842564e-02 -8.22031475e-02  5.74249547e-03 -3.83014989e-02
   1.27084383e-03 -1.27459022e-02  1.06906865e-02  1.32683429e-02
  -5.97170724e-02 -9.54803108e-02  1.24068962e-02 -8.04477340e-02]
 [-7.34301117e-02 -3.31138350e-02 -1.38742136e-02  1.00869044e-02
  -7.23069570e-02 -2.63671217e-02 -1.57403054e-02 -5.35011578e-02
  -3.38472376e-02  9.55476905e-03  1.96000840e-02 -6.43230054e-02
  -6.08956233e-02 -9.43773237e-02 -2.51306367e-03 -8.74195951e-02
  -3.40627666e-03 -2.69472180e-03 -2.42884376e-02 -6.91907119e-02
   7.75437855e-03 -6.28189751e-04  1.17490583e-03 -5.05437065e-02
   3.32637561e-03 -1.34099095e-02 -3.82840120e-02 -1.84109117e-02
  -6.49599376e-02 -8.10127644e-02  6.93981099e-03 -3.70325086e-02
   2.30828689e-03 -1.18999387e-02  1.21422970e-02  1.41510018e-02
  -5.78375112e-02 -9.51985139e-02  1.34097004e-02 -7.95737612e-02]
 [-7.39704389e-02 -3.33750960e-02 -1.37660679e-02  9.43570307e-03
  -7.29877441e-02 -2.65596960e-02 -1.64544518e-02 -5.39812465e-02
  -3.43411994e-02  8.51987224e-03  1.94302227e-02 -6.49849855e-02
  -6.10976653e-02 -9.45331508e-02 -2.37943976e-03 -8.76164151e-02
  -3.71739129e-03 -2.17846115e-03 -2.43599004e-02 -6.96962468e-02
   7.59496779e-03 -5.43292504e-04  1.22975839e-03 -5.11632955e-02
   3.34193121e-03 -1.42945751e-02 -3.78969800e-02 -1.84836228e-02
  -6.51788846e-02 -8.16206608e-02  6.92376374e-03 -3.77668268e-02
   1.74715347e-03 -1.21606475e-02  1.15078975e-02  1.35966430e-02
  -5.80784245e-02 -9.47767337e-02  1.32646219e-02 -7.92906730e-02]
 [-7.37369975e-02 -3.38523914e-02 -1.40547601e-02  9.08895311e-03
  -7.25184123e-02 -2.67348178e-02 -1.61015883e-02 -5.38935024e-02
  -3.37211819e-02  8.55779239e-03  1.94109276e-02 -6.48167577e-02
  -6.09131881e-02 -9.52224705e-02 -3.13234854e-03 -8.67485005e-02
  -3.95112915e-03 -2.84147062e-03 -2.46695473e-02 -7.03239040e-02
   6.92925162e-03 -7.52095801e-04  7.28854855e-04 -5.08722847e-02
   2.65252894e-03 -1.40056375e-02 -3.81297612e-02 -1.94171312e-02
  -6.59025829e-02 -8.09049683e-02  7.26751113e-03 -3.77230586e-02
   2.08563681e-03 -1.21040577e-02  1.17169946e-02  1.38019111e-02
  -5.88611873e-02 -9.49918028e-02  1.33100750e-02 -7.92168922e-02]
 [-7.56988122e-02 -3.50068663e-02 -1.53780391e-02  8.27338693e-03
  -7.35181639e-02 -2.69319718e-02 -1.73641741e-02 -5.51635245e-02
  -3.55214096e-02  8.45815381e-03  1.85418597e-02 -6.66572978e-02
  -6.23410307e-02 -9.61684263e-02 -3.51068911e-03 -8.87378042e-02
  -4.56418370e-03 -3.96970332e-03 -2.51956203e-02 -7.14939524e-02
   5.89153845e-03 -1.14254741e-03  8.89835053e-05 -5.21796739e-02
   2.52641156e-03 -1.47827678e-02 -3.92665056e-02 -1.97628502e-02
  -6.62078948e-02 -8.29510348e-02  5.66920126e-03 -3.87657190e-02
   6.47165603e-04 -1.33062251e-02  1.11106382e-02  1.27965252e-02
  -5.97625005e-02 -9.63863791e-02  1.25774560e-02 -8.06143118e-02]
 [-7.44531037e-02 -3.39875278e-02 -1.44284496e-02  9.14495261e-03
  -7.32329307e-02 -2.70771410e-02 -1.66752781e-02 -5.43695938e-02
  -3.41551248e-02  9.06612285e-03  1.90728649e-02 -6.53138226e-02
  -6.15418986e-02 -9.50404521e-02 -3.64298113e-03 -8.73965115e-02
  -3.67857203e-03 -3.11505758e-03 -2.48470029e-02 -7.03328269e-02
   7.01768519e-03 -1.10981323e-03  2.27920223e-04 -5.15464445e-02
   2.85441927e-03 -1.43377522e-02 -3.87508430e-02 -1.89602421e-02
  -6.55894679e-02 -8.19456191e-02  6.25974306e-03 -3.82990149e-02
   1.61406278e-03 -1.26974866e-02  1.13479600e-02  1.37187495e-02
  -5.89820263e-02 -9.51678463e-02  1.26452192e-02 -8.05242508e-02]
 [-7.42783826e-02 -3.32949296e-02 -1.42375436e-02  9.11039196e-03
  -7.22783017e-02 -2.62757708e-02 -1.55508814e-02 -5.40369664e-02
  -3.43506831e-02  9.48684331e-03  1.97809924e-02 -6.46355637e-02
  -6.15023746e-02 -9.43280820e-02 -2.70477499e-03 -8.68205108e-02
  -3.83315008e-03 -2.41159614e-03 -2.38512002e-02 -6.99895228e-02
   7.22640252e-03 -2.56755835e-04  1.32317968e-03 -5.08913280e-02
   3.17619873e-03 -1.38195209e-02 -3.82291023e-02 -1.86736038e-02
  -6.54903086e-02 -8.12502479e-02  7.27584729e-03 -3.72056472e-02
   2.15979048e-03 -1.21388672e-02  1.16978633e-02  1.43283164e-02
  -5.81173958e-02 -9.50802565e-02  1.37017776e-02 -7.91961912e-02]
 [-7.37304914e-02 -3.39482727e-02 -1.44312397e-02  9.30260038e-03
  -7.22319225e-02 -2.64689553e-02 -1.61211346e-02 -5.30749029e-02
  -3.36621112e-02  9.16192170e-03  1.92456193e-02 -6.46969736e-02
  -6.15025248e-02 -9.46668141e-02 -2.85418997e-03 -8.67203558e-02
  -3.08314484e-03 -2.86709309e-03 -2.46012046e-02 -6.97489315e-02
   7.84802847e-03 -2.04831829e-04  1.17623788e-03 -5.10900608e-02
   3.36617539e-03 -1.43202985e-02 -3.78095872e-02 -1.88379795e-02
  -6.50048820e-02 -8.08332654e-02  7.39653318e-03 -3.75521057e-02
   2.31233458e-03 -1.21948131e-02  1.20954643e-02  1.43165444e-02
  -5.89322857e-02 -9.52864685e-02  1.35933289e-02 -8.00468730e-02]
 [-7.49255678e-02 -3.42378073e-02 -1.54236191e-02  8.68762144e-03
  -7.39888106e-02 -2.69048392e-02 -1.72309686e-02 -5.43981195e-02
  -3.53999085e-02  8.03754035e-03  1.87597594e-02 -6.61932293e-02
  -6.20615579e-02 -9.58588745e-02 -3.84738225e-03 -8.77729106e-02
  -4.56792123e-03 -3.11964510e-03 -2.49251334e-02 -7.14553308e-02
   6.19690857e-03 -1.76240932e-03  5.03585206e-05 -5.20934796e-02
   2.31218134e-03 -1.54455015e-02 -3.88887329e-02 -1.99329189e-02
  -6.66431627e-02 -8.19120495e-02  6.36230069e-03 -3.86896630e-02
   6.66249162e-04 -1.36942975e-02  1.13654938e-02  1.26887300e-02
  -5.92661919e-02 -9.60831680e-02  1.25698782e-02 -8.06898894e-02]
 [-7.38149372e-02 -3.40068257e-02 -1.44445365e-02  9.27193547e-03
  -7.25994296e-02 -2.65427103e-02 -1.57048072e-02 -5.31274947e-02
  -3.38952263e-02  8.93055551e-03  1.96910737e-02 -6.45549830e-02
  -6.12295824e-02 -9.49261708e-02 -2.25721185e-03 -8.68567387e-02
  -2.97273523e-03 -2.20203587e-03 -2.45476059e-02 -6.99656806e-02
   7.13599230e-03 -4.24914425e-05  1.35842356e-03 -5.10794717e-02
   2.78417992e-03 -1.41013590e-02 -3.77201077e-02 -1.90611247e-02
  -6.57954940e-02 -8.10105801e-02  6.52834626e-03 -3.80923507e-02
   1.98756410e-03 -1.19950289e-02  1.24387671e-02  1.42068674e-02
  -5.84026229e-02 -9.48546466e-02  1.36154690e-02 -7.98442397e-02]
 [-7.36160804e-02 -3.33604270e-02 -1.36886005e-02  9.07088089e-03
  -7.30737523e-02 -2.66364630e-02 -1.60217962e-02 -5.37825055e-02
  -3.45352929e-02  8.50832522e-03  1.91803257e-02 -6.54148386e-02
  -6.15965156e-02 -9.46522362e-02 -3.26758351e-03 -8.69337712e-02
  -3.46592522e-03 -3.17997644e-03 -2.42617317e-02 -6.97771736e-02
   7.62966674e-03 -9.89779385e-04  8.52972354e-04 -5.06222862e-02
   2.93110659e-03 -1.44658988e-02 -3.83848008e-02 -1.92823550e-02
  -6.57407832e-02 -8.10480080e-02  6.63759061e-03 -3.78029610e-02
   2.29049182e-03 -1.29301553e-02  1.17290128e-02  1.41664270e-02
  -5.86342387e-02 -9.50590189e-02  1.34666923e-02 -7.94475397e-02]
 [-7.49861475e-02 -3.46835316e-02 -1.46953208e-02  8.72479753e-03
  -7.29138363e-02 -2.63595956e-02 -1.66289558e-02 -5.41089228e-02
  -3.41291633e-02  8.98324809e-03  1.86256423e-02 -6.54501371e-02
  -6.22338749e-02 -9.57558852e-02 -3.16339034e-03 -8.82908319e-02
  -4.29529683e-03 -3.03222776e-03 -2.53153108e-02 -7.02853136e-02
   7.14335768e-03 -1.22094532e-03  5.56639967e-04 -5.11176195e-02
   3.04752229e-03 -1.48000387e-02 -3.89116394e-02 -1.98037119e-02
  -6.63579856e-02 -8.17821676e-02  6.08978331e-03 -3.83017078e-02
   1.90583476e-03 -1.30479908e-02  1.18567071e-02  1.33576679e-02
  -5.91537788e-02 -9.53108168e-02  1.32750976e-02 -7.99923321e-02]
 [-7.40805243e-02 -3.43012119e-02 -1.42844516e-02  8.63762637e-03
  -7.32080043e-02 -2.64393881e-02 -1.59267192e-02 -5.37623160e-02
  -3.42391729e-02  8.51949087e-03  1.89501403e-02 -6.51060074e-02
  -6.14651392e-02 -9.53169908e-02 -3.00613762e-03 -8.74112401e-02
  -3.26277609e-03 -2.57514379e-03 -2.45338024e-02 -7.01300213e-02
   7.42202121e-03 -4.07560656e-04  4.83961257e-04 -5.10717950e-02
   2.71829431e-03 -1.39487967e-02 -3.83891856e-02 -1.88329196e-02
  -6.56086119e-02 -8.18799609e-02  7.02964962e-03 -3.84621601e-02
   1.62068047e-03 -1.31773884e-02  1.11018741e-02  1.37027889e-02
  -5.85839594e-02 -9.55167477e-02  1.26609832e-02 -8.03958524e-02]
 [-7.38431600e-02 -3.39317738e-02 -1.36883833e-02  9.83104070e-03
  -7.30432310e-02 -2.58791817e-02 -1.64223314e-02 -5.34162403e-02
  -3.45201295e-02  8.60774201e-03  1.96233710e-02 -6.50956398e-02
  -6.09494535e-02 -9.48455973e-02 -3.12145433e-03 -8.68539148e-02
  -2.98932365e-03 -2.30291746e-03 -2.39090183e-02 -6.97630961e-02
   7.69361050e-03 -8.80148626e-04  8.24319602e-04 -5.09959006e-02
   3.58650462e-03 -1.39480352e-02 -3.78284965e-02 -1.89492786e-02
  -6.57520261e-02 -8.08072711e-02  6.68416398e-03 -3.80516609e-02
   2.39740013e-03 -1.25808314e-02  1.22866575e-02  1.43741837e-02
  -5.86142470e-02 -9.52218175e-02  1.31636641e-02 -7.92276441e-02]
 [-7.40991680e-02 -3.40956634e-02 -1.41541754e-02  9.40156537e-03
  -7.28981914e-02 -2.65847116e-02 -1.62701718e-02 -5.39496952e-02
  -3.47259862e-02  8.17927447e-03  1.87951924e-02 -6.51919748e-02
  -6.15335173e-02 -9.49665549e-02 -3.16301479e-03 -8.77934006e-02
  -4.21519309e-03 -2.60598465e-03 -2.45175405e-02 -7.01826329e-02
   7.11845716e-03 -1.07705577e-03  3.66457671e-04 -5.09032296e-02
   3.16298850e-03 -1.45710055e-02 -3.82986727e-02 -1.97599640e-02
  -6.55025201e-02 -8.17957712e-02  6.59667407e-03 -3.84407908e-02
   2.18259368e-03 -1.23960079e-02  1.16503076e-02  1.41011184e-02
  -5.88712775e-02 -9.51677740e-02  1.27526309e-02 -8.04830584e-02]
 [-7.41787699e-02 -3.34074930e-02 -1.45057336e-02  9.45863829e-03
  -7.30471827e-02 -2.61472081e-02 -1.66418511e-02 -5.40292825e-02
  -3.38074450e-02  8.61867309e-03  1.92340603e-02 -6.48367502e-02
  -6.17203380e-02 -9.49551658e-02 -2.76671990e-03 -8.70089860e-02
  -3.79850212e-03 -2.64783468e-03 -2.45085677e-02 -6.98595470e-02
   7.05551080e-03 -1.20344013e-03  8.15247103e-04 -5.09240719e-02
   2.88201133e-03 -1.46038898e-02 -3.82664045e-02 -1.90779467e-02
  -6.58605008e-02 -8.15709393e-02  6.40824615e-03 -3.80352411e-02
   2.17587522e-03 -1.26891920e-02  1.21008318e-02  1.36908700e-02
  -5.85645406e-02 -9.51526837e-02  1.36795382e-02 -7.97251758e-02]
 [-7.42703614e-02 -3.48290736e-02 -1.48932223e-02  8.69035424e-03
  -7.30704820e-02 -2.65648808e-02 -1.66456060e-02 -5.45974051e-02
  -3.52229806e-02  7.83439961e-03  1.90224378e-02 -6.62656795e-02
  -6.21898606e-02 -9.54126702e-02 -3.16582020e-03 -8.83535092e-02
  -4.25017725e-03 -3.76583330e-03 -2.47806113e-02 -7.07611939e-02
   6.67133866e-03 -9.86630263e-04  2.35556899e-05 -5.20466784e-02
   2.10240017e-03 -1.52539779e-02 -3.87523304e-02 -1.97205131e-02
  -6.60945824e-02 -8.24318002e-02  6.02231032e-03 -3.88426530e-02
   1.75323271e-03 -1.29441473e-02  1.08331629e-02  1.36907156e-02
  -5.88648054e-02 -9.55781693e-02  1.27094649e-02 -8.02522718e-02]
 [-7.53874742e-02 -3.43267794e-02 -1.46310817e-02  8.96135163e-03
  -7.41537738e-02 -2.67053254e-02 -1.63886442e-02 -5.44964778e-02
  -3.45490007e-02  8.36933159e-03  1.80620915e-02 -6.62784082e-02
  -6.18972131e-02 -9.57524938e-02 -3.64739119e-03 -8.79778895e-02
  -4.75506417e-03 -3.37728740e-03 -2.48697266e-02 -7.05415108e-02
   6.30906794e-03 -1.48296207e-03  6.61421046e-04 -5.22057812e-02
   2.54217229e-03 -1.51406668e-02 -3.89513795e-02 -1.93757674e-02
  -6.60323284e-02 -8.22932540e-02  5.97546723e-03 -3.90968318e-02
   1.08895687e-03 -1.34668382e-02  1.14131225e-02  1.32127971e-02
  -5.93176227e-02 -9.64265383e-02  1.26522836e-02 -8.09590677e-02]
 [-7.51284041e-02 -3.44687388e-02 -1.49561638e-02  8.23802648e-03
  -7.43517296e-02 -2.78307558e-02 -1.75660087e-02 -5.51617143e-02
  -3.54811565e-02  8.19615083e-03  1.86182578e-02 -6.59759870e-02
  -6.24547056e-02 -9.64240559e-02 -4.23492260e-03 -8.87042603e-02
  -5.02650914e-03 -3.38871737e-03 -2.50736362e-02 -7.08817117e-02
   6.53718686e-03 -1.39912994e-03  3.42359632e-04 -5.17122826e-02
   2.51602580e-03 -1.48428900e-02 -3.89695908e-02 -1.96115364e-02
  -6.68371203e-02 -8.29317785e-02  6.18360749e-03 -3.91946825e-02
   9.13312465e-04 -1.30710659e-02  1.03985697e-02  1.33140061e-02
  -5.92625419e-02 -9.65530941e-02  1.18546717e-02 -8.14381098e-02]
 [-7.48368677e-02 -3.45567133e-02 -1.47209866e-02  8.25391131e-03
  -7.39805491e-02 -2.69656410e-02 -1.64768027e-02 -5.42720218e-02
  -3.51309777e-02  7.75598807e-03  1.87698954e-02 -6.58872648e-02
  -6.27065558e-02 -9.57935805e-02 -4.02394990e-03 -8.78706106e-02
  -3.96289505e-03 -3.67132417e-03 -2.50374723e-02 -7.07106488e-02
   6.63050233e-03 -1.03603693e-03 -1.07077218e-04 -5.15581686e-02
   2.37094183e-03 -1.46865368e-02 -3.90415000e-02 -2.02491259e-02
  -6.68515185e-02 -8.23786424e-02  6.11110486e-03 -3.88915982e-02
   1.51211487e-03 -1.30252199e-02  1.11361053e-02  1.32872322e-02
  -5.99490298e-02 -9.61805400e-02  1.21313400e-02 -8.06758594e-02]
 [-7.44162470e-02 -3.41009633e-02 -1.48070817e-02  8.68831287e-03
  -7.36191916e-02 -2.73325547e-02 -1.65039383e-02 -5.44924574e-02
  -3.47177540e-02  7.91251455e-03  1.82824154e-02 -6.59484834e-02
  -6.23539269e-02 -9.56400919e-02 -3.36309641e-03 -8.81032880e-02
  -3.93625313e-03 -3.77579551e-03 -2.55074141e-02 -7.10866914e-02
   6.17611502e-03 -1.44633594e-03  4.22083900e-04 -5.12457975e-02
   2.70239314e-03 -1.47945192e-02 -3.91677297e-02 -2.00737713e-02
  -6.63480354e-02 -8.21827063e-02  5.75272089e-03 -3.89692272e-02
   1.10845816e-03 -1.29827117e-02  1.07982686e-02  1.37140563e-02
  -5.94340555e-02 -9.55238151e-02  1.21443867e-02 -8.04468823e-02]
 [-7.47611332e-02 -3.46038352e-02 -1.46257701e-02  8.09555471e-03
  -7.33141008e-02 -2.70689375e-02 -1.67738011e-02 -5.43267288e-02
  -3.51207302e-02  8.21883043e-03  1.87485450e-02 -6.62893889e-02
  -6.27265504e-02 -9.58658941e-02 -4.13466536e-03 -8.85732863e-02
  -4.58018214e-03 -3.73979846e-03 -2.49637734e-02 -7.05671443e-02
   6.27338274e-03 -1.17297967e-03 -2.17295705e-04 -5.19557236e-02
   2.22852068e-03 -1.46741201e-02 -3.92933277e-02 -2.00240033e-02
  -6.61743119e-02 -8.19671877e-02  5.45133299e-03 -3.88532969e-02
   9.10321733e-04 -1.33814451e-02  1.06954832e-02  1.34958094e-02
  -5.97255707e-02 -9.56225694e-02  1.24454090e-02 -8.11868279e-02]
 [-7.48439712e-02 -3.47077453e-02 -1.43472081e-02  8.86168842e-03
  -7.37135873e-02 -2.66946753e-02 -1.67505411e-02 -5.44019299e-02
  -3.45066135e-02  8.65212969e-03  1.91400688e-02 -6.63087224e-02
  -6.23304486e-02 -9.54446463e-02 -3.63149140e-03 -8.79585183e-02
  -4.47719614e-03 -3.33866121e-03 -2.51703334e-02 -7.11012121e-02
   6.92507838e-03 -1.23450587e-03  3.63928162e-04 -5.12946252e-02
   2.18197253e-03 -1.51292415e-02 -3.89275694e-02 -1.94761104e-02
  -6.64549017e-02 -8.17261481e-02  5.86019830e-03 -3.85273278e-02
   1.85572231e-03 -1.33242595e-02  1.16006760e-02  1.38686863e-02
  -5.90583626e-02 -9.58186200e-02  1.30740957e-02 -7.99707824e-02]
 [-7.47097704e-02 -3.40197445e-02 -1.43634985e-02  8.74642447e-03
  -7.33747851e-02 -2.66989694e-02 -1.61753770e-02 -5.38680992e-02
  -3.42239994e-02  8.99552569e-03  1.92547910e-02 -6.52689323e-02
  -6.13399990e-02 -9.51735233e-02 -2.96387421e-03 -8.71713742e-02
  -3.98189656e-03 -2.82825659e-03 -2.52068480e-02 -6.97994573e-02
   6.48071687e-03 -8.84255283e-04  8.62542385e-04 -5.07369126e-02
   2.36375864e-03 -1.42145950e-02 -3.87029192e-02 -1.92304061e-02
  -6.57564644e-02 -8.10630850e-02  6.66024642e-03 -3.77634871e-02
   1.94549454e-03 -1.27499520e-02  1.10693300e-02  1.32550311e-02
  -5.89513086e-02 -9.52010011e-02  1.30203769e-02 -7.94861273e-02]
 [-7.49697244e-02 -3.47490724e-02 -1.44476736e-02  8.32497297e-03
  -7.39733688e-02 -2.74203016e-02 -1.66409902e-02 -5.40924776e-02
  -3.46911119e-02  8.30765706e-03  1.85834907e-02 -6.61060635e-02
  -6.19453238e-02 -9.53175923e-02 -3.89233642e-03 -8.83534316e-02
  -3.82819631e-03 -3.38063719e-03 -2.53078671e-02 -7.06745332e-02
   6.60218455e-03 -1.66985699e-03  6.21232001e-04 -5.19887410e-02
   2.91567491e-03 -1.48992986e-02 -3.93230954e-02 -1.92036690e-02
  -6.63257695e-02 -8.19797607e-02  6.49043520e-03 -3.80332226e-02
   1.52092138e-03 -1.36003805e-02  1.12043829e-02  1.29395713e-02
  -5.96266567e-02 -9.57216027e-02  1.23321182e-02 -8.03003058e-02]
 [-7.48345957e-02 -3.42406670e-02 -1.49275463e-02  8.48430135e-03
  -7.36250663e-02 -2.67077276e-02 -1.70537966e-02 -5.43272407e-02
  -3.48633002e-02  8.40380231e-03  1.87545936e-02 -6.61701247e-02
  -6.22763897e-02 -9.55651023e-02 -3.14339164e-03 -8.81262257e-02
  -3.87234985e-03 -3.21744555e-03 -2.57422782e-02 -7.04087830e-02
   6.87644944e-03 -1.35585621e-03  1.67865923e-04 -5.15640615e-02
   2.08844193e-03 -1.46557644e-02 -3.91674617e-02 -1.94835156e-02
  -6.67242588e-02 -8.19796135e-02  6.02400531e-03 -3.90495362e-02
   1.20065764e-03 -1.32822575e-02  1.13175409e-02  1.30209461e-02
  -5.91540728e-02 -9.55795367e-02  1.20418863e-02 -8.08746989e-02]
 [-7.34858664e-02 -3.40864376e-02 -1.38306825e-02  9.55078962e-03
  -7.30148840e-02 -2.60813778e-02 -1.61602211e-02 -5.39562751e-02
  -3.45097756e-02  8.75104204e-03  1.95770520e-02 -6.47193631e-02
  -6.13907755e-02 -9.52105707e-02 -2.28624496e-03 -8.74352122e-02
  -3.52287865e-03 -2.20071176e-03 -2.44486506e-02 -7.03763154e-02
   7.39535535e-03 -3.02295995e-04  1.52183116e-03 -5.09692521e-02
   2.84493282e-03 -1.42183248e-02 -3.80262625e-02 -1.90459604e-02
  -6.56776569e-02 -8.15295872e-02  7.04877083e-03 -3.77757817e-02
   2.74554961e-03 -1.25164080e-02  1.24273857e-02  1.42665537e-02
  -5.82852014e-02 -9.52752639e-02  1.35987239e-02 -7.98998222e-02]
 [-7.45194723e-02 -3.38928844e-02 -1.46624245e-02  9.30181521e-03
  -7.37685896e-02 -2.70582269e-02 -1.62262843e-02 -5.37690362e-02
  -3.40831805e-02  8.05546892e-03  1.89511086e-02 -6.55983169e-02
  -6.23836818e-02 -9.51003250e-02 -3.32475990e-03 -8.81686996e-02
  -3.65256231e-03 -3.34970483e-03 -2.46442198e-02 -7.09574588e-02
   6.55121675e-03 -1.46602846e-03  2.68151780e-04 -5.11875965e-02
   2.88886314e-03 -1.50540479e-02 -3.84730571e-02 -1.89631936e-02
  -6.58465086e-02 -8.21197125e-02  6.35049257e-03 -3.84477603e-02
   1.71423135e-03 -1.32311523e-02  1.12396270e-02  1.35051878e-02
  -5.92678420e-02 -9.61304897e-02  1.24438485e-02 -8.05303637e-02]
 [-7.58107895e-02 -3.51892967e-02 -1.54051051e-02  8.76857121e-03
  -7.39504624e-02 -2.77534419e-02 -1.69870230e-02 -5.50521748e-02
  -3.52251865e-02  8.42650113e-03  1.82158387e-02 -6.62134339e-02
  -6.29718239e-02 -9.59659399e-02 -3.80170831e-03 -8.86231784e-02
  -4.51531846e-03 -4.15607216e-03 -2.58198725e-02 -7.15143420e-02
   6.53284916e-03 -1.25227261e-03  3.45447252e-04 -5.22481496e-02
   2.46493104e-03 -1.51941855e-02 -3.91733834e-02 -1.96858749e-02
  -6.65387428e-02 -8.28916810e-02  5.75280063e-03 -3.88981810e-02
   7.58142056e-04 -1.33293354e-02  1.12655618e-02  1.33303930e-02
  -5.93992378e-02 -9.63585989e-02  1.17564189e-02 -8.12279203e-02]
 [-7.42503648e-02 -3.43889955e-02 -1.48296149e-02  9.33671884e-03
  -7.36916730e-02 -2.63993163e-02 -1.61493192e-02 -5.45594487e-02
  -3.48744459e-02  8.15250725e-03  1.92756230e-02 -6.60704563e-02
  -6.18830464e-02 -9.53118642e-02 -3.29109376e-03 -8.79994404e-02
  -3.53849586e-03 -3.15887179e-03 -2.49790646e-02 -7.01174490e-02
   7.07460777e-03 -1.46346202e-03  3.86192791e-04 -5.15974566e-02
   2.77621219e-03 -1.40484411e-02 -3.83560852e-02 -1.95967891e-02
  -6.58830286e-02 -8.14610587e-02  6.67074430e-03 -3.84098078e-02
   1.17087564e-03 -1.32811506e-02  1.15853914e-02  1.35933505e-02
  -5.89502375e-02 -9.53183333e-02  1.25498096e-02 -8.02921015e-02]
 [-7.51950795e-02 -3.44286234e-02 -1.47101335e-02  8.41493016e-03
  -7.41113855e-02 -2.78474421e-02 -1.67251711e-02 -5.47954336e-02
  -3.52963851e-02  7.89973999e-03  1.87131552e-02 -6.61597303e-02
  -6.22601187e-02 -9.62905448e-02 -3.83535501e-03 -8.86927198e-02
  -5.01842401e-03 -4.00308819e-03 -2.50619322e-02 -7.07704744e-02
   6.05362761e-03 -2.17493386e-03 -6.10304053e-06 -5.16921411e-02
   2.38985167e-03 -1.53816272e-02 -3.93058511e-02 -1.96247488e-02
  -6.70200160e-02 -8.25005361e-02  6.07064575e-03 -3.90308135e-02
   1.11309974e-03 -1.35438466e-02  1.06336140e-02  1.24835581e-02
  -5.94398029e-02 -9.65823337e-02  1.25279094e-02 -8.06066355e-02]
 [-7.41594965e-02 -3.37692779e-02 -1.43420459e-02  9.62520547e-03
  -7.24522059e-02 -2.66445465e-02 -1.60669325e-02 -5.41610925e-02
  -3.42563349e-02  9.07352793e-03  1.92367388e-02 -6.52165919e-02
  -6.19175855e-02 -9.45879824e-02 -2.93442362e-03 -8.76999429e-02
  -3.31792565e-03 -2.60760923e-03 -2.45302878e-02 -6.98449995e-02
   7.25651653e-03 -4.89164536e-04  6.15527557e-04 -5.08436753e-02
   3.05744643e-03 -1.45374914e-02 -3.79962031e-02 -1.91167703e-02
  -6.50016534e-02 -8.10271489e-02  7.10008430e-03 -3.80754339e-02
   2.19614575e-03 -1.21920526e-02  1.19626593e-02  1.36956423e-02
  -5.89455062e-02 -9.49620880e-02  1.30597107e-02 -7.94595677e-02]
 [-7.43303308e-02 -3.45443051e-02 -1.43410189e-02  9.03397967e-03
  -7.28118524e-02 -2.62694320e-02 -1.61755450e-02 -5.38290651e-02
  -3.43956618e-02  8.28697377e-03  1.85597018e-02 -6.56715671e-02
  -6.20670673e-02 -9.53167825e-02 -3.35681029e-03 -8.73045252e-02
  -3.71533073e-03 -3.53527702e-03 -2.47421096e-02 -7.08653891e-02
   6.46912678e-03 -1.22151773e-03  2.67845134e-04 -5.15553951e-02
   2.30522724e-03 -1.46737529e-02 -3.85566484e-02 -1.92248731e-02
  -6.58370303e-02 -8.12057815e-02  6.12021542e-03 -3.80898734e-02
   1.91175070e-03 -1.30300816e-02  1.15949430e-02  1.35557400e-02
  -5.92884251e-02 -9.54749251e-02  1.31503790e-02 -7.98896075e-02]
 [-7.41006330e-02 -3.38386866e-02 -1.39808543e-02  9.07257165e-03
  -7.23866113e-02 -2.62764395e-02 -1.55507282e-02 -5.38764410e-02
  -3.41837477e-02  9.26295954e-03  1.98421780e-02 -6.51240006e-02
  -6.13776163e-02 -9.50187706e-02 -2.79827004e-03 -8.73071420e-02
  -3.52075888e-03 -2.78899409e-03 -2.42919560e-02 -6.96151587e-02
   7.41878113e-03 -4.58704615e-04  1.41383470e-03 -5.11224394e-02
   3.07378677e-03 -1.40902469e-02 -3.78890855e-02 -1.91714436e-02
  -6.48908412e-02 -8.11627800e-02  7.38377605e-03 -3.78121522e-02
   2.17426965e-03 -1.19837873e-02  1.17516571e-02  1.45961237e-02
  -5.79784968e-02 -9.47027751e-02  1.39652349e-02 -7.97558559e-02]
 [-7.41542227e-02 -3.42088430e-02 -1.40338343e-02  9.43942491e-03
  -7.29825295e-02 -2.65069438e-02 -1.65564670e-02 -5.38777260e-02
  -3.42247831e-02  8.97054163e-03  1.96439956e-02 -6.52815117e-02
  -6.16008773e-02 -9.53214911e-02 -3.37322751e-03 -8.77639493e-02
  -3.72011188e-03 -2.34607237e-03 -2.48054611e-02 -6.98201502e-02
   7.07716460e-03 -2.55064190e-04  1.10538412e-03 -5.15642419e-02
   2.71368484e-03 -1.46415032e-02 -3.80404012e-02 -1.90371055e-02
  -6.51973552e-02 -8.14768479e-02  6.56887701e-03 -3.77447864e-02
   2.45534454e-03 -1.24720118e-02  1.19398270e-02  1.34827562e-02
  -5.85159582e-02 -9.56043889e-02  1.29628272e-02 -7.99705290e-02]
 [-7.44853073e-02 -3.43044212e-02 -1.41029776e-02  8.80446906e-03
  -7.27095530e-02 -2.67035906e-02 -1.63827285e-02 -5.38472365e-02
  -3.46501458e-02  9.16839364e-03  1.90101269e-02 -6.53438921e-02
  -6.14927032e-02 -9.52923790e-02 -3.05188928e-03 -8.73781239e-02
  -3.52304855e-03 -2.87918350e-03 -2.49331961e-02 -7.00129601e-02
   6.64069583e-03 -1.03331601e-03  4.21917998e-04 -5.09575773e-02
   2.73695651e-03 -1.42474650e-02 -3.82239452e-02 -1.90415923e-02
  -6.54393996e-02 -8.10709374e-02  6.54340472e-03 -3.83183994e-02
   2.02430067e-03 -1.26429651e-02  1.15704728e-02  1.37867876e-02
  -5.86084991e-02 -9.53614641e-02  1.35229801e-02 -8.03503901e-02]
 [-7.34332629e-02 -3.34246786e-02 -1.41105494e-02  8.91418740e-03
  -7.29094142e-02 -2.59240983e-02 -1.63626681e-02 -5.31308340e-02
  -3.38411204e-02  9.29589993e-03  1.91759428e-02 -6.46805618e-02
  -6.10102487e-02 -9.49577381e-02 -2.57128508e-03 -8.68689293e-02
  -3.44732357e-03 -2.26713795e-03 -2.40478241e-02 -6.99373927e-02
   7.38044354e-03 -9.60722093e-04  1.31730998e-03 -5.04639221e-02
   3.44396370e-03 -1.45123126e-02 -3.82637664e-02 -1.92911235e-02
  -6.52043623e-02 -8.13333335e-02  6.63412542e-03 -3.80328854e-02
   2.28259128e-03 -1.25880673e-02  1.15226184e-02  1.44942076e-02
  -5.86789793e-02 -9.47051926e-02  1.34814022e-02 -7.99739908e-02]
 [-7.46393273e-02 -3.39286986e-02 -1.46404948e-02  9.19403215e-03
  -7.36746653e-02 -2.64353162e-02 -1.61253943e-02 -5.35777787e-02
  -3.44056663e-02  8.36489057e-03  1.91160238e-02 -6.60701039e-02
  -6.14505827e-02 -9.51570202e-02 -3.34539557e-03 -8.82483298e-02
  -3.63876508e-03 -3.29102750e-03 -2.49334679e-02 -7.07270841e-02
   7.09246241e-03 -5.96902197e-04  7.28977622e-04 -5.18561337e-02
   2.72152121e-03 -1.46921849e-02 -3.84569255e-02 -1.96007917e-02
  -6.59112916e-02 -8.18763783e-02  6.38929473e-03 -3.82338002e-02
   1.25492916e-03 -1.32218440e-02  1.15434042e-02  1.36039193e-02
  -5.92724989e-02 -9.56971446e-02  1.27583857e-02 -8.06506663e-02]
 [-7.57219895e-02 -3.49358828e-02 -1.52011078e-02  8.45163121e-03
  -7.38871345e-02 -2.73872808e-02 -1.67313542e-02 -5.45260979e-02
  -3.48029255e-02  8.07928213e-03  1.86296403e-02 -6.67931838e-02
  -6.27497348e-02 -9.65676096e-02 -3.48000231e-03 -8.81268893e-02
  -5.11228748e-03 -3.32547348e-03 -2.52611073e-02 -7.13698171e-02
   6.35397038e-03 -2.17926611e-03 -4.34199047e-05 -5.19403417e-02
   2.17964099e-03 -1.48548752e-02 -3.89717845e-02 -2.00413885e-02
  -6.64358126e-02 -8.27197437e-02  6.13571242e-03 -3.92564011e-02
   1.07872961e-03 -1.35963737e-02  1.12438496e-02  1.33205179e-02
  -6.00397942e-02 -9.60491762e-02  1.17278034e-02 -8.06031107e-02]
 [-7.39712279e-02 -3.36919766e-02 -1.36566889e-02  9.67904419e-03
  -7.25017085e-02 -2.62468475e-02 -1.64182049e-02 -5.38408280e-02
  -3.39505261e-02  9.17353740e-03  1.92967869e-02 -6.48410593e-02
  -6.12527719e-02 -9.54436907e-02 -2.59403637e-03 -8.70436233e-02
  -3.01341902e-03 -2.37174704e-03 -2.41954870e-02 -7.01257830e-02
   7.69353613e-03 -4.47311942e-04  1.53402812e-03 -5.08494761e-02
   2.67929237e-03 -1.42495298e-02 -3.85064669e-02 -1.88105276e-02
  -6.60134918e-02 -8.17909425e-02  6.65473351e-03 -3.78285463e-02
   1.86104017e-03 -1.22091398e-02  1.15154450e-02  1.45362858e-02
  -5.84805272e-02 -9.49731871e-02  1.37938563e-02 -7.99329825e-02]
 [-7.42441051e-02 -3.45191499e-02 -1.51606289e-02  8.56761097e-03
  -7.32725907e-02 -2.71871735e-02 -1.66444040e-02 -5.39009385e-02
  -3.46000122e-02  8.63428335e-03  1.82495256e-02 -6.59859782e-02
  -6.22400304e-02 -9.50232655e-02 -3.84246078e-03 -8.78065395e-02
  -3.85457689e-03 -3.70008737e-03 -2.46437704e-02 -7.04242031e-02
   6.44706330e-03 -1.34814986e-03  3.84478517e-04 -5.11624564e-02
   2.81574535e-03 -1.49467512e-02 -3.91419735e-02 -1.97999802e-02
  -6.59948936e-02 -8.19293597e-02  6.16823813e-03 -3.86098317e-02
   1.40108786e-03 -1.27638690e-02  1.13678905e-02  1.29932355e-02
  -5.95465471e-02 -9.55398509e-02  1.29258930e-02 -8.00597117e-02]
 [-7.35042073e-02 -3.32143990e-02 -1.34186410e-02  9.69056941e-03
  -7.24884266e-02 -2.62019955e-02 -1.57874320e-02 -5.37674751e-02
  -3.35150735e-02  9.13548222e-03  1.98599985e-02 -6.52380144e-02
  -6.08136509e-02 -9.43450169e-02 -2.08586364e-03 -8.74859633e-02
  -2.71048196e-03 -2.42354035e-03 -2.43256510e-02 -6.99076472e-02
   8.07775370e-03  2.21958635e-05  1.89984685e-03 -5.05920392e-02
   3.37928703e-03 -1.38156986e-02 -3.80229368e-02 -1.84442610e-02
  -6.53007297e-02 -8.11689505e-02  7.53576903e-03 -3.74090843e-02
   2.06701030e-03 -1.19195112e-02  1.25181002e-02  1.48203110e-02
  -5.87738224e-02 -9.50267423e-02  1.37593400e-02 -7.95750635e-02]
 [-7.38834983e-02 -3.38365033e-02 -1.43512844e-02  9.38855833e-03
  -7.29786083e-02 -2.64243968e-02 -1.63615287e-02 -5.33449698e-02
  -3.35389030e-02  9.06061471e-03  1.95879351e-02 -6.48039322e-02
  -6.12597498e-02 -9.52364195e-02 -2.48566997e-03 -8.69995799e-02
  -3.36785448e-03 -2.88055804e-03 -2.38319643e-02 -7.03375953e-02
   7.30157967e-03 -5.80407818e-04  1.17355916e-03 -5.10896018e-02
   3.66273041e-03 -1.42411485e-02 -3.75735360e-02 -1.92242222e-02
  -6.49558045e-02 -8.07112529e-02  7.34511724e-03 -3.78131336e-02
   2.74080040e-03 -1.19397148e-02  1.24576086e-02  1.40791404e-02
  -5.79693157e-02 -9.47979862e-02  1.32232481e-02 -7.97977736e-02]
 [-7.46320454e-02 -3.51314506e-02 -1.52690748e-02  8.66421091e-03
  -7.38175599e-02 -2.70602814e-02 -1.71487057e-02 -5.41284725e-02
  -3.48626453e-02  7.97689772e-03  1.85015697e-02 -6.62251796e-02
  -6.24248051e-02 -9.59723188e-02 -3.28874266e-03 -8.84312783e-02
  -4.39027629e-03 -3.40376067e-03 -2.55398320e-02 -7.10555608e-02
   6.19772721e-03 -1.93806810e-03  4.00601517e-04 -5.18298016e-02
   2.34874788e-03 -1.48488011e-02 -3.89291267e-02 -2.00495563e-02
  -6.68579790e-02 -8.20312076e-02  6.18504461e-03 -3.88365558e-02
   1.35124617e-03 -1.32272674e-02  1.08997483e-02  1.28162916e-02
  -5.98364522e-02 -9.61426219e-02  1.23774297e-02 -8.08369723e-02]
 [-7.45313257e-02 -3.40835193e-02 -1.40063811e-02  8.97791862e-03
  -7.29493679e-02 -2.69147879e-02 -1.65300746e-02 -5.36823361e-02
  -3.42964476e-02  8.50406619e-03  1.92538425e-02 -6.52002525e-02
  -6.15626687e-02 -9.51056005e-02 -2.65968882e-03 -8.71092455e-02
  -3.52186593e-03 -2.78855292e-03 -2.51140265e-02 -7.01946895e-02
   7.13451530e-03 -9.17872939e-04  8.18329290e-04 -5.12159184e-02
   2.56315768e-03 -1.42789839e-02 -3.80316748e-02 -1.95007505e-02
  -6.58728498e-02 -8.11454776e-02  6.27584261e-03 -3.76764470e-02
   1.97850505e-03 -1.31383865e-02  1.12132711e-02  1.41403191e-02
  -5.90838688e-02 -9.56505578e-02  1.28993428e-02 -7.99307163e-02]
 [-7.39594953e-02 -3.35928689e-02 -1.41805875e-02  9.73236744e-03
  -7.22518840e-02 -2.63769516e-02 -1.58717843e-02 -5.32454084e-02
  -3.41515543e-02  8.90577491e-03  1.94774880e-02 -6.53298335e-02
  -6.08235384e-02 -9.49586615e-02 -2.79527160e-03 -8.72762327e-02
  -2.88941156e-03 -2.30121389e-03 -2.42743975e-02 -7.02476444e-02
   6.95328120e-03 -1.47944853e-04  1.56578680e-03 -5.09574286e-02
   3.64846930e-03 -1.38468066e-02 -3.83535185e-02 -1.87009561e-02
  -6.49281191e-02 -8.10882184e-02  6.72600990e-03 -3.78673754e-02
   2.27445934e-03 -1.20501295e-02  1.16026971e-02  1.37874627e-02
  -5.84596054e-02 -9.49128807e-02  1.34984044e-02 -7.99933383e-02]
 [-7.43892875e-02 -3.38833282e-02 -1.38754111e-02  9.12369304e-03
  -7.25006068e-02 -2.68209700e-02 -1.65582104e-02 -5.34198737e-02
  -3.39358942e-02  8.56776414e-03  1.88808943e-02 -6.47670377e-02
  -6.12063661e-02 -9.50459359e-02 -2.48331608e-03 -8.68878186e-02
  -3.09652801e-03 -2.73707586e-03 -2.40105131e-02 -7.03478422e-02
   6.92548469e-03 -6.15873935e-04  6.53374377e-04 -5.07322477e-02
   2.92476807e-03 -1.45623326e-02 -3.78793317e-02 -1.95269944e-02
  -6.51897713e-02 -8.17513398e-02  6.95030253e-03 -3.75473788e-02
   2.00684715e-03 -1.23220509e-02  1.12963240e-02  1.34640926e-02
  -5.87317627e-02 -9.53730406e-02  1.32165956e-02 -8.01585196e-02]
 [-7.42938264e-02 -3.41933271e-02 -1.51039710e-02  8.64632635e-03
  -7.35758498e-02 -2.66218349e-02 -1.65816694e-02 -5.40742634e-02
  -3.50962744e-02  7.95575767e-03  1.89641822e-02 -6.61115937e-02
  -6.20989332e-02 -9.57085447e-02 -3.98326325e-03 -8.77742093e-02
  -3.83242792e-03 -3.07879514e-03 -2.51870841e-02 -7.11388125e-02
   6.66691327e-03 -1.68000937e-03 -5.83869287e-05 -5.20312415e-02
   2.10347764e-03 -1.51995796e-02 -3.85021074e-02 -1.92301462e-02
  -6.62865153e-02 -8.16862904e-02  5.93179658e-03 -3.84692614e-02
   1.42248895e-03 -1.28161062e-02  1.09659673e-02  1.37255778e-02
  -5.93190881e-02 -9.59767063e-02  1.22553844e-02 -8.00341101e-02]
 [-7.40809667e-02 -3.42368688e-02 -1.48028659e-02  8.40637988e-03
  -7.27233770e-02 -2.69963927e-02 -1.69824390e-02 -5.39748428e-02
  -3.46279463e-02  8.36483868e-03  1.88956834e-02 -6.57398933e-02
  -6.17994858e-02 -9.54330528e-02 -3.16454108e-03 -8.77942917e-02
  -4.15574824e-03 -3.33918459e-03 -2.46406516e-02 -7.08821394e-02
   6.57103211e-03 -9.95307459e-04  1.03776099e-03 -5.18971203e-02
   2.56913455e-03 -1.44487107e-02 -3.84648109e-02 -1.95649796e-02
  -6.60801431e-02 -8.20754494e-02  6.46699971e-03 -3.78083221e-02
   1.30489012e-03 -1.29460297e-02  1.17580803e-02  1.38442560e-02
  -5.86748224e-02 -9.55071751e-02  1.28857964e-02 -7.97056562e-02]
 [-7.42373461e-02 -3.39445028e-02 -1.37122756e-02  9.22554766e-03
  -7.25945267e-02 -2.59564468e-02 -1.54619187e-02 -5.29306749e-02
  -3.38056602e-02  9.36369012e-03  1.92176071e-02 -6.53826284e-02
  -6.11338785e-02 -9.51719429e-02 -2.31378418e-03 -8.74177433e-02
  -2.75477574e-03 -2.17589473e-03 -2.42372070e-02 -6.97309194e-02
   7.49079355e-03 -3.23494042e-04  1.69597138e-03 -5.03549317e-02
   3.38785786e-03 -1.40333077e-02 -3.82859045e-02 -1.86872152e-02
  -6.52420977e-02 -8.06786282e-02  7.40078804e-03 -3.70634777e-02
   1.91905525e-03 -1.23455424e-02  1.23633427e-02  1.40861150e-02
  -5.87848372e-02 -9.54977404e-02  1.32189191e-02 -7.92318327e-02]
 [-7.43596238e-02 -3.40762700e-02 -1.39292040e-02  9.48677030e-03
  -7.32753450e-02 -2.64017883e-02 -1.62076140e-02 -5.35960130e-02
  -3.37077893e-02  8.92969733e-03  1.97614526e-02 -6.49959197e-02
  -6.18306341e-02 -9.45874191e-02 -3.26369419e-03 -8.73711767e-02
  -3.84868168e-03 -3.18810418e-03 -2.42168872e-02 -6.99827314e-02
   7.31187048e-03 -1.05872979e-03  5.73878492e-04 -5.14784576e-02
   2.85831089e-03 -1.41969438e-02 -3.87455750e-02 -1.90453568e-02
  -6.57284729e-02 -8.14519051e-02  7.23183201e-03 -3.80744444e-02
   1.75187426e-03 -1.23339762e-02  1.19994873e-02  1.39183735e-02
  -5.81824136e-02 -9.50028470e-02  1.29037716e-02 -7.96976256e-02]
 [-7.42461556e-02 -3.38427513e-02 -1.46231959e-02  9.25401172e-03
  -7.32216384e-02 -2.71379061e-02 -1.69908598e-02 -5.44289709e-02
  -3.42779017e-02  8.97477456e-03  1.84980083e-02 -6.57518788e-02
  -6.23309881e-02 -9.58004612e-02 -3.65637403e-03 -8.76541260e-02
  -4.06451468e-03 -3.28620917e-03 -2.48734286e-02 -7.04999955e-02
   7.28481106e-03 -9.68738666e-04  9.03876524e-04 -5.12693889e-02
   2.77240210e-03 -1.49746765e-02 -3.90725789e-02 -1.94394612e-02
  -6.56700519e-02 -8.21271838e-02  6.71408105e-03 -3.79232028e-02
   1.34858219e-03 -1.32993476e-02  1.12887314e-02  1.32943375e-02
  -5.94215128e-02 -9.53086081e-02  1.24851971e-02 -8.00040887e-02]
 [-7.40130922e-02 -3.37644648e-02 -1.47173498e-02  9.00184229e-03
  -7.30333573e-02 -2.63856593e-02 -1.62475068e-02 -5.40986576e-02
  -3.45453116e-02  8.63932793e-03  1.92184707e-02 -6.53356088e-02
  -6.15976613e-02 -9.55438101e-02 -3.00431388e-03 -8.76279064e-02
  -3.82529586e-03 -3.44110146e-03 -2.49852257e-02 -7.04436225e-02
   7.23616063e-03 -1.51540581e-03  7.11674643e-04 -5.18152359e-02
   3.06697735e-03 -1.44028161e-02 -3.83183636e-02 -1.91552535e-02
  -6.61395184e-02 -8.22639596e-02  6.60696304e-03 -3.85595838e-02
   1.91831980e-03 -1.27674959e-02  1.08949925e-02  1.33925986e-02
  -5.88659600e-02 -9.53964646e-02  1.31278550e-02 -8.02888578e-02]
 [-7.36970543e-02 -3.33490063e-02 -1.42453497e-02  9.10330590e-03
  -7.29684759e-02 -2.64367924e-02 -1.59838243e-02 -5.38451555e-02
  -3.45381081e-02  8.59197225e-03  1.93684195e-02 -6.52116711e-02
  -6.14089884e-02 -9.50770514e-02 -2.33828858e-03 -8.68476218e-02
  -3.28740360e-03 -2.44764923e-03 -2.44442397e-02 -7.04162943e-02
   7.12227121e-03 -5.81101361e-04  7.38567663e-04 -5.05962763e-02
   3.26212728e-03 -1.43294231e-02 -3.79186794e-02 -1.86361936e-02
  -6.53821978e-02 -8.17030636e-02  7.20739444e-03 -3.79358456e-02
   2.33451378e-03 -1.22706126e-02  1.18878920e-02  1.39222686e-02
  -5.89021337e-02 -9.52959186e-02  1.31837252e-02 -7.94517620e-02]
 [-7.49310626e-02 -3.48409776e-02 -1.51007307e-02  8.10514619e-03
  -7.37940658e-02 -2.73364709e-02 -1.70851072e-02 -5.45348547e-02
  -3.52845242e-02  7.82590568e-03  1.76935414e-02 -6.61772640e-02
  -6.27048077e-02 -9.56694345e-02 -3.61782388e-03 -8.87737353e-02
  -4.13986468e-03 -4.25972975e-03 -2.56907860e-02 -7.14570427e-02
   6.38766981e-03 -2.08160331e-03 -4.76894125e-04 -5.21702244e-02
   2.10178413e-03 -1.48757776e-02 -3.95887125e-02 -2.01501676e-02
  -6.68615049e-02 -8.21437755e-02  5.73938182e-03 -3.88493714e-02
   8.15810668e-04 -1.39621879e-02  1.09856046e-02  1.33557422e-02
  -5.93793393e-02 -9.68877566e-02  1.16811758e-02 -8.09237980e-02]
 [-7.52349415e-02 -3.43504267e-02 -1.47522750e-02  8.79191125e-03
  -7.39753675e-02 -2.72607070e-02 -1.71039696e-02 -5.48936765e-02
  -3.51568142e-02  8.74081391e-03  1.85102413e-02 -6.57502842e-02
  -6.24083486e-02 -9.53970816e-02 -3.30959310e-03 -8.84249727e-02
  -4.53837398e-03 -3.19993409e-03 -2.52937939e-02 -7.04318108e-02
   6.21639667e-03 -1.32684388e-03  3.07813336e-04 -5.13379517e-02
   2.19021913e-03 -1.44609870e-02 -3.94438037e-02 -1.94018404e-02
  -6.61380947e-02 -8.26086904e-02  5.75100060e-03 -3.87712323e-02
   1.15697891e-03 -1.28267947e-02  1.14126252e-02  1.33810765e-02
  -5.98349402e-02 -9.65409857e-02  1.23449351e-02 -8.04267041e-02]
 [-7.45368428e-02 -3.47435381e-02 -1.45574578e-02  8.35579036e-03
  -7.32688034e-02 -2.70414222e-02 -1.65716459e-02 -5.41348653e-02
  -3.44624216e-02  8.52841343e-03  1.80277095e-02 -6.55628368e-02
  -6.20822329e-02 -9.57496358e-02 -3.17305010e-03 -8.82975992e-02
  -4.11794286e-03 -3.87591681e-03 -2.54159092e-02 -7.09473742e-02
   6.10480261e-03 -9.56715253e-04 -8.25395242e-05 -5.16299719e-02
   1.98594692e-03 -1.52247488e-02 -3.87675572e-02 -2.01413783e-02
  -6.58144939e-02 -8.16192948e-02  6.01592588e-03 -3.85204396e-02
   9.78789156e-04 -1.30056752e-02  1.12130125e-02  1.29437250e-02
  -5.97650125e-02 -9.59463110e-02  1.22832329e-02 -8.00143503e-02]
 [-7.37447762e-02 -3.38281453e-02 -1.46446090e-02  9.17119978e-03
  -7.31504060e-02 -2.65214455e-02 -1.67610376e-02 -5.34303024e-02
  -3.43821235e-02  8.37441518e-03  1.93292750e-02 -6.53133080e-02
  -6.15303478e-02 -9.46041544e-02 -3.65414881e-03 -8.71206758e-02
  -3.40579469e-03 -2.61576772e-03 -2.44297649e-02 -7.04562712e-02
   6.50643890e-03 -1.42482190e-03  5.84664538e-04 -5.12309977e-02
   2.88116423e-03 -1.44009667e-02 -3.87552327e-02 -1.88056246e-02
  -6.53617490e-02 -8.17544371e-02  6.90268628e-03 -3.80661949e-02
   1.64041055e-03 -1.32593536e-02  1.18622143e-02  1.38432762e-02
  -5.86402009e-02 -9.53002191e-02  1.24678961e-02 -7.98673095e-02]
 [-7.36872385e-02 -3.34718605e-02 -1.31203103e-02  1.00934641e-02
  -7.29414236e-02 -2.55876500e-02 -1.50962516e-02 -5.30409197e-02
  -3.32727475e-02  9.15485589e-03  1.98021339e-02 -6.47053995e-02
  -6.08656152e-02 -9.43941819e-02 -2.09744195e-03 -8.72126247e-02
  -2.50571828e-03 -1.67539069e-03 -2.38315115e-02 -6.97021478e-02
   8.24523506e-03  3.40139791e-04  1.96241580e-03 -5.06877756e-02
   3.94758542e-03 -1.34799595e-02 -3.80105375e-02 -1.88261313e-02
  -6.51598110e-02 -8.12031120e-02  7.37170448e-03 -3.72969174e-02
   2.89394095e-03 -1.21612357e-02  1.19539233e-02  1.47807047e-02
  -5.78235803e-02 -9.52201933e-02  1.37275629e-02 -7.92818270e-02]
 [-7.54956346e-02 -3.46760815e-02 -1.50684856e-02  8.18898479e-03
  -7.38026473e-02 -2.70405302e-02 -1.75774546e-02 -5.44099083e-02
  -3.51724041e-02  7.75120919e-03  1.86030884e-02 -6.62081961e-02
  -6.24864680e-02 -9.59939168e-02 -3.77806042e-03 -8.84314360e-02
  -4.91177203e-03 -3.40308953e-03 -2.55254591e-02 -7.13131650e-02
   6.26707981e-03 -1.23464450e-03 -1.51879377e-05 -5.17352276e-02
   2.40412752e-03 -1.46516097e-02 -3.91397031e-02 -1.99583664e-02
  -6.63073824e-02 -8.21286186e-02  5.87732813e-03 -3.93690953e-02
   6.87916783e-04 -1.37166676e-02  1.08199238e-02  1.29427235e-02
  -5.96134799e-02 -9.68501958e-02  1.24275030e-02 -8.10399900e-02]
 [-7.42243639e-02 -3.36336073e-02 -1.42405312e-02  8.83006712e-03
  -7.30792864e-02 -2.64575642e-02 -1.60113596e-02 -5.41468459e-02
  -3.45398915e-02  9.05214413e-03  1.88153956e-02 -6.58480877e-02
  -6.18214891e-02 -9.49916706e-02 -3.29240024e-03 -8.78561280e-02
  -4.27881249e-03 -3.53495437e-03 -2.50639278e-02 -6.99908973e-02
   6.50822442e-03 -1.00774628e-03  1.14175274e-03 -5.17027128e-02
   2.38010147e-03 -1.44698776e-02 -3.82073274e-02 -1.92530364e-02
  -6.62629452e-02 -8.18547327e-02  6.45422597e-03 -3.85875145e-02
   1.90794343e-03 -1.30724880e-02  1.09905924e-02  1.37722770e-02
  -5.89808805e-02 -9.51096640e-02  1.31022775e-02 -7.97520537e-02]
 [-7.39924219e-02 -3.35284884e-02 -1.38348519e-02  9.92816179e-03
  -7.25476316e-02 -2.62863810e-02 -1.57851460e-02 -5.37718708e-02
  -3.40554844e-02  9.41011429e-03  2.02188586e-02 -6.44905533e-02
  -6.12541550e-02 -9.42585827e-02 -2.18289237e-03 -8.67548153e-02
  -3.57296270e-03 -2.35879856e-03 -2.37741024e-02 -6.92968035e-02
   7.65461494e-03  1.01504458e-04  1.77295497e-03 -5.11606652e-02
   3.90984374e-03 -1.38056110e-02 -3.77791287e-02 -1.84648683e-02
  -6.48201904e-02 -8.15707953e-02  7.63824849e-03 -3.74545991e-02
   2.73000709e-03 -1.16391356e-02  1.23897275e-02  1.45291614e-02
  -5.85938984e-02 -9.48610161e-02  1.40073248e-02 -7.99839339e-02]
 [-7.33238994e-02 -3.31245102e-02 -1.41542652e-02  9.85274965e-03
  -7.28952204e-02 -2.61267803e-02 -1.61726464e-02 -5.38498278e-02
  -3.42691463e-02  9.55101514e-03  1.94040195e-02 -6.53293116e-02
  -6.15805093e-02 -9.47243172e-02 -2.24923498e-03 -8.67907229e-02
  -3.21802892e-03 -2.76097034e-03 -2.42830785e-02 -6.93804145e-02
   7.54789065e-03 -4.77841218e-04  1.49587527e-03 -5.08010874e-02
   2.95781611e-03 -1.36185307e-02 -3.83778597e-02 -1.87981980e-02
  -6.49712398e-02 -8.11218988e-02  6.67286141e-03 -3.77931825e-02
   2.73087171e-03 -1.20071087e-02  1.22699039e-02  1.40712887e-02
  -5.86600757e-02 -9.46545150e-02  1.38061874e-02 -7.95933278e-02]
 [-7.54221508e-02 -3.45596293e-02 -1.55482130e-02  8.41817228e-03
  -7.43416114e-02 -2.74084529e-02 -1.69944304e-02 -5.48307018e-02
  -3.52580276e-02  7.50769795e-03  1.80560409e-02 -6.66098304e-02
  -6.23601300e-02 -9.62159862e-02 -3.80532808e-03 -8.88296121e-02
  -4.52955467e-03 -3.33874993e-03 -2.53538494e-02 -7.12098363e-02
   5.65586121e-03 -1.96561574e-03  4.38559367e-06 -5.24779661e-02
   1.54356146e-03 -1.49953516e-02 -3.93706439e-02 -2.04070279e-02
  -6.62497022e-02 -8.20830151e-02  5.89851853e-03 -3.89803935e-02
   6.06137853e-04 -1.33957173e-02  1.05286141e-02  1.31668613e-02
  -5.94195704e-02 -9.59990215e-02  1.22585382e-02 -8.12232951e-02]
 [-7.42284437e-02 -3.41255736e-02 -1.48417728e-02  9.26514966e-03
  -7.34266831e-02 -2.65130022e-02 -1.62802729e-02 -5.42675726e-02
  -3.44224832e-02  8.43318718e-03  1.87113853e-02 -6.55283956e-02
  -6.22309121e-02 -9.48027448e-02 -3.05275903e-03 -8.78071090e-02
  -4.24109022e-03 -2.75963146e-03 -2.42088488e-02 -7.05394104e-02
   7.37426146e-03 -8.09344785e-04  1.18634453e-03 -5.16824635e-02
   3.05403165e-03 -1.38999668e-02 -3.86698761e-02 -1.93032062e-02
  -6.54951365e-02 -8.17178530e-02  6.54114414e-03 -3.81595266e-02
   1.40977121e-03 -1.28664694e-02  1.13398962e-02  1.39497756e-02
  -5.84449053e-02 -9.59028413e-02  1.34137730e-02 -7.95924269e-02]
 [-7.34923655e-02 -3.36988747e-02 -1.40501321e-02  9.13468303e-03
  -7.30239565e-02 -2.63102104e-02 -1.59234999e-02 -5.35617514e-02
  -3.45081549e-02  9.38187962e-03  1.89754045e-02 -6.52183045e-02
  -6.16583557e-02 -9.48817417e-02 -2.47591578e-03 -8.71671017e-02
  -3.13023530e-03 -2.44230590e-03 -2.44299948e-02 -7.03758556e-02
   7.15358280e-03 -7.26774926e-04  6.49719968e-04 -5.08632424e-02
   2.88446931e-03 -1.36296211e-02 -3.77729497e-02 -1.85592798e-02
  -6.52995525e-02 -8.14339497e-02  6.89907208e-03 -3.78906824e-02
   2.24940544e-03 -1.29166858e-02  1.22841740e-02  1.43520510e-02
  -5.88150368e-02 -9.49174138e-02  1.32570995e-02 -8.00108211e-02]
 [-7.42516897e-02 -3.39584047e-02 -1.48188775e-02  8.70777336e-03
  -7.38202197e-02 -2.68430634e-02 -1.68594575e-02 -5.47610907e-02
  -3.43725471e-02  8.71490672e-03  1.87772497e-02 -6.54491036e-02
  -6.21268344e-02 -9.52030889e-02 -3.00618312e-03 -8.83273348e-02
  -4.39425691e-03 -2.92881763e-03 -2.52491706e-02 -7.12086906e-02
   6.71157833e-03 -1.20916561e-03  9.81398477e-05 -5.16452919e-02
   2.83745515e-03 -1.51191737e-02 -3.84679909e-02 -1.99401482e-02
  -6.56361492e-02 -8.16060573e-02  6.19285976e-03 -3.80361516e-02
   9.04263498e-04 -1.35682207e-02  1.08381317e-02  1.31495340e-02
  -5.92353851e-02 -9.55354697e-02  1.29417415e-02 -8.02255178e-02]
 [-7.37296488e-02 -3.35471981e-02 -1.47620290e-02  8.60824534e-03
  -7.26261816e-02 -2.64671812e-02 -1.67406281e-02 -5.43244573e-02
  -3.47827792e-02  8.99510028e-03  1.87561991e-02 -6.52370281e-02
  -6.17086131e-02 -9.52965536e-02 -3.15100969e-03 -8.74711154e-02
  -3.60813757e-03 -2.63841759e-03 -2.49059000e-02 -6.97497953e-02
   6.79998944e-03 -1.15582985e-03  8.98676206e-04 -5.08131196e-02
   2.40086339e-03 -1.46422411e-02 -3.80376235e-02 -1.91644532e-02
  -6.57056907e-02 -8.18907360e-02  6.14821997e-03 -3.80004953e-02
   2.16034320e-03 -1.24249155e-02  1.11965402e-02  1.35877354e-02
  -5.93160737e-02 -9.54523045e-02  1.29714520e-02 -8.02646298e-02]
 [-7.47891711e-02 -3.40637904e-02 -1.45863089e-02  9.46417903e-03
  -7.29413696e-02 -2.70582412e-02 -1.67424328e-02 -5.39887126e-02
  -3.48257674e-02  8.76849250e-03  1.86016594e-02 -6.55731292e-02
  -6.18784620e-02 -9.48301976e-02 -2.80284180e-03 -8.80468168e-02
  -3.41804065e-03 -3.50772857e-03 -2.49299038e-02 -6.99771294e-02
   7.39482782e-03 -1.41697908e-03  5.25370411e-04 -5.14371369e-02
   2.84543312e-03 -1.42934410e-02 -3.90906282e-02 -1.92432809e-02
  -6.60930758e-02 -8.20606461e-02  6.93739955e-03 -3.81054606e-02
   1.78596397e-03 -1.31303616e-02  1.16176659e-02  1.31612429e-02
  -5.94208955e-02 -9.51353690e-02  1.29270417e-02 -8.03607387e-02]
 [-7.39357120e-02 -3.33057374e-02 -1.36202252e-02  9.27676360e-03
  -7.23519806e-02 -2.67103456e-02 -1.58347783e-02 -5.38429830e-02
  -3.37413462e-02  9.40999251e-03  1.93522035e-02 -6.50552552e-02
  -6.09942478e-02 -9.47790240e-02 -2.90631478e-03 -8.77853911e-02
  -3.23153613e-03 -2.76982301e-03 -2.41339090e-02 -7.04409624e-02
   7.08353385e-03 -7.04634200e-04  8.06667520e-04 -5.12198775e-02
   2.68483544e-03 -1.41589616e-02 -3.83212644e-02 -1.94040086e-02
  -6.58466221e-02 -8.16621898e-02  6.93503606e-03 -3.76807958e-02
   2.12018131e-03 -1.22377524e-02  1.16789581e-02  1.38765709e-02
  -5.89550751e-02 -9.57103470e-02  1.31616289e-02 -7.96782446e-02]
 [-7.43536552e-02 -3.37051192e-02 -1.38703973e-02  9.31655796e-03
  -7.24028830e-02 -2.60861494e-02 -1.64246469e-02 -5.37430625e-02
  -3.37888897e-02  8.60565290e-03  1.91256472e-02 -6.46444557e-02
  -6.10616844e-02 -9.46330240e-02 -2.59201038e-03 -8.72554091e-02
  -3.21370233e-03 -2.45870083e-03 -2.40716482e-02 -6.99056196e-02
   7.42789416e-03 -9.95162167e-04  8.52197438e-04 -5.06330901e-02
   3.58219431e-03 -1.42237645e-02 -3.84043474e-02 -1.86877988e-02
  -6.49526091e-02 -8.13154247e-02  6.71117704e-03 -3.81877214e-02
   1.73072766e-03 -1.27519616e-02  1.14792771e-02  1.43008638e-02
  -5.87634056e-02 -9.56179094e-02  1.33127845e-02 -8.01610547e-02]
 [-7.40294774e-02 -3.45454288e-02 -1.44464827e-02  8.31851862e-03
  -7.32767299e-02 -2.66868785e-02 -1.68881072e-02 -5.37240596e-02
  -3.47011040e-02  8.17469584e-03  1.82964910e-02 -6.54935128e-02
  -6.23365217e-02 -9.50957365e-02 -3.10942319e-03 -8.76145518e-02
  -3.95798449e-03 -3.14715771e-03 -2.47377073e-02 -7.07688213e-02
   6.80225614e-03 -1.67234469e-03  7.63079840e-04 -5.16205761e-02
   2.68384068e-03 -1.44522168e-02 -3.90934245e-02 -1.96038490e-02
  -6.62211824e-02 -8.16787162e-02  6.09200016e-03 -3.82112818e-02
   1.70768165e-03 -1.34462605e-02  1.08469959e-02  1.29727049e-02
  -5.89270514e-02 -9.58552470e-02  1.31523380e-02 -7.99071170e-02]
 [-7.49714349e-02 -3.44517354e-02 -1.53021017e-02  9.05283792e-03
  -7.40443607e-02 -2.71194114e-02 -1.72171407e-02 -5.41228064e-02
  -3.47838127e-02  8.58831063e-03  1.84113520e-02 -6.64332662e-02
  -6.22843890e-02 -9.56410297e-02 -3.73463773e-03 -8.78440925e-02
  -4.42274066e-03 -3.13159008e-03 -2.52386201e-02 -7.05588196e-02
   5.98713206e-03 -1.71192777e-03  7.11436257e-04 -5.19583619e-02
   1.89885739e-03 -1.53467358e-02 -3.95954942e-02 -1.94398576e-02
  -6.57996556e-02 -8.23308335e-02  6.07239225e-03 -3.84553977e-02
   1.24691809e-03 -1.36665929e-02  1.09929606e-02  1.29684460e-02
  -5.99303874e-02 -9.60554769e-02  1.23820035e-02 -8.09779978e-02]
 [-7.43133281e-02 -3.37142503e-02 -1.45999349e-02  8.54338561e-03
  -7.29236640e-02 -2.62250549e-02 -1.68464403e-02 -5.38996345e-02
  -3.47301900e-02  9.06182931e-03  1.90957967e-02 -6.59129373e-02
  -6.20589027e-02 -9.49502712e-02 -3.24783875e-03 -8.78980151e-02
  -3.76954028e-03 -3.53284939e-03 -2.48682616e-02 -7.04287717e-02
   6.99788156e-03 -1.34984995e-03  4.03448744e-04 -5.15852161e-02
   2.78587137e-03 -1.44318888e-02 -3.81953733e-02 -1.93872699e-02
  -6.54621614e-02 -8.20672595e-02  6.19270305e-03 -3.79189866e-02
   1.89083466e-03 -1.31494044e-02  1.12463024e-02  1.32929589e-02
  -5.94065370e-02 -9.54730900e-02  1.34273849e-02 -8.00129021e-02]
 [-7.47268533e-02 -3.48843890e-02 -1.46341222e-02  8.76579211e-03
  -7.31290604e-02 -2.69523025e-02 -1.67851829e-02 -5.38533474e-02
  -3.48133146e-02  8.18890243e-03  1.88514515e-02 -6.59063828e-02
  -6.19404534e-02 -9.50383236e-02 -3.54265749e-03 -8.74076105e-02
  -4.06671646e-03 -3.69457598e-03 -2.50241963e-02 -7.02640312e-02
   6.47233212e-03 -8.08036403e-04  7.76765801e-04 -5.15309034e-02
   2.00068352e-03 -1.45753101e-02 -3.91023682e-02 -1.98297427e-02
  -6.64304111e-02 -8.22737585e-02  5.72703516e-03 -3.83965028e-02
   1.43564752e-03 -1.35193555e-02  1.15733699e-02  1.31122199e-02
  -5.89156955e-02 -9.55437894e-02  1.23727720e-02 -8.04910492e-02]]