[[[0.46435161 0.27085855 0.86015186 0.56303466 0.00712418 0.44800863
   0.8975951  0.60850905 0.22008818 0.19399706 0.11117525 0.63018781
   0.96610402 0.12186904]
  [0.48637896 0.81715293 0.13523479 0.70331641 0.50227556 0.37489415
   0.61565    0.06066112 0.27601813 0.04967849 0.41231157 0.22817526
   0.42199402 0.65364315]
  [0.33828484 0.17321071 0.12290725 0.60571481 0.02206605 0.003991
   0.03823497 0.00406063 0.78568963 0.63070589 0.33994529 0.33970278
   0.43033265 0.69079766]
  [0.60834635 0.61504446 0.60004285 0.23622997 0.19847138 0.27342913
   0.14842582 0.20205025 0.01830912 0.12004437 0.41081367 0.69658907
   0.79617244 0.38517183]
  [0.14005353 0.86244343 0.08243753 0.00679997 0.9815834  0.45200689
   0.56813598 0.43900938 0.06765229 0.41073967 0.0649089  0.2601944
   0.94459543 0.90615917]
  [0.59757617 0.2246521  0.5003432  0.42477442 0.23120971 0.24636694
   0.64269989 0.92576196 0.7436969  0.64551488 0.99829851 0.07478182
   0.08770725 0.78068742]
  [0.37308879 0.77270261 0.14456687 0.16681372 0.35508735 0.3718424
   0.90855639 0.59084504 0.27365106 0.69214722 0.44349469 0.78456932
   0.08402114 0.79768443]
  [0.30616895 0.69464622 0.89306468 0.03982832 0.94393434 0.11125466
   0.5364208  0.00343568 0.35113211 0.60990494 0.9288851  0.73544054
   0.84797565 0.08866145]
  [0.24227491 0.95880129 0.63253557 0.45742009 0.73619929 0.96032061
   0.64182714 0.72038848 0.01754076 0.85123944 0.21700758 0.27543964
   0.02670955 0.50940338]
  [0.64548925 0.59770237 0.74325451 0.8651716  0.76146943 0.2434447
   0.82037464 0.83330854 0.06084084 0.46302424 0.3540279  0.10174435
   0.45214826 0.62816373]
  [0.10281397 0.98018562 0.38281339 0.87376839 0.47508116 0.50652039
   0.58854199 0.95720165 0.47388628 0.32098696 0.61132983 0.77161948
   0.44270047 0.96986946]
  [0.65157637 0.36014587 0.01651434 0.78008137 0.83548052 0.40334737
   0.25755016 0.38176637 0.29057452 0.78679081 0.8636516  0.62038876
   0.48312116 0.24895612]
  [0.30729094 0.67740095 0.41569681 0.43733917 0.0414273  0.78738011
   0.51036332 0.67491784 0.31944048 0.37141424 0.86234503 0.43147626
   0.74280807 0.73184946]
  [0.11330768 0.01658659 0.82891794 0.1866166  0.14587799 0.23174689
   0.14887598 0.49017348 0.85174716 0.37743148 0.11181608 0.70583623
   0.69774088 0.12847708]]]