[[[0.02348193 0.98887201 0.37555624 0.95184449 0.05424933 0.91184711
   0.58457198 0.28776757 0.21266851 0.9039547  0.64887612 0.3476329
   0.43053783 0.22642381]
  [0.29179032 0.59377453 0.66533018 0.67696173 0.95835977 0.27297708
   0.19407897 0.95353907 0.8269821  0.90310273 0.24026877 0.29251178
   0.67575906 0.07377149]
  [0.36758976 0.94436807 0.72585714 0.40866987 0.15801435 0.07057267
   0.33719941 0.92947842 0.71114889 0.05213884 0.90065287 0.29090714
   0.61374699 0.76349283]
  [0.50696564 0.66386921 0.01056699 0.97389125 0.12399192 0.36095972
   0.80555621 0.78858487 0.45728259 0.79369632 0.11119881 0.58853048
   0.17679177 0.64136974]
  [0.14919759 0.99751043 0.75983588 0.11914861 0.04065372 0.30570978
   0.75754664 0.57056795 0.73083103 0.36892386 0.91245642 0.20110946
   0.62438301 0.19027025]
  [0.38525333 0.65309215 0.61031201 0.57552477 0.97414706 0.08633666
   0.72657262 0.34342736 0.31891774 0.50961142 0.88931269 0.17830552
   0.81859806 0.7186514 ]
  [0.36756697 0.85137884 0.33271097 0.14425578 0.34458806 0.48058529
   0.83699702 0.91129212 0.14006    0.1960277  0.79788376 0.36305095
   0.8780146  0.89067254]
  [0.14081753 0.33611304 0.13926361 0.64902035 0.36422095 0.93729401
   0.10558429 0.86093447 0.89419822 0.66507841 0.50744628 0.95052509
   0.50352716 0.90895808]
  [0.01139378 0.10024445 0.75376817 0.28806028 0.98335843 0.519996
   0.86804841 0.17295227 0.72054786 0.53344278 0.14818106 0.03376501
   0.37703206 0.70418441]
  [0.63236314 0.85482848 0.53051463 0.38121078 0.47117281 0.96046083
   0.12326049 0.65029293 0.82079589 0.69999094 0.56202033 0.13838901
   0.38380612 0.2520444 ]
  [0.97688636 0.71646296 0.55555961 0.36110941 0.74256275 0.39955574
   0.16558048 0.87376747 0.25309167 0.11031629 0.44588658 0.91404502
   0.12847845 0.05803412]
  [0.32152671 0.3500739  0.00844981 0.91243725 0.09560225 0.58856495
   0.8282216  0.5946676  0.89027719 0.3955049  0.80689745 0.86195089
   0.11483127 0.74383034]
  [0.07285089 0.11362864 0.00433149 0.68552382 0.61343121 0.18418313
   0.57087938 0.61112338 0.68934661 0.54189053 0.61940222 0.92267408
   0.16543872 0.33809661]
  [0.48110495 0.58115521 0.86017847 0.50071306 0.57033195 0.71689101
   0.42779738 0.68165817 0.23517251 0.14269104 0.53510722 0.64494047
   0.63467361 0.96980111]]]