[[[0.01933744 0.19184875 0.9984187  0.11180347 0.83907511 0.5231994
   0.17384369 0.90755249 0.21977884 0.15860817 0.9592026  0.64728621
   0.31923085 0.81297581]
  [0.52595812 0.82863558 0.86716767 0.06859561 0.51468806 0.51834295
   0.58704832 0.9220191  0.70679386 0.4626329  0.12234612 0.0010094
   0.35832665 0.3082769 ]
  [0.88005935 0.96922883 0.32886349 0.37019839 0.22508939 0.31464176
   0.76597044 0.16422607 0.45054667 0.37797864 0.1631528  0.69100982
   0.44176494 0.93349062]
  [0.63631183 0.45327784 0.95735271 0.09205973 0.18903702 0.36904127
   0.94745134 0.76969973 0.83335371 0.19388569 0.40852208 0.27967467
   0.41998486 0.76980585]
  [0.76949198 0.46946186 0.96880811 0.39450544 0.69308372 0.67748361
   0.06114737 0.17251379 0.44300276 0.07452135 0.1405174  0.74699882
   0.37386441 0.45163447]
  [0.08346501 0.85351533 0.99369269 0.30129631 0.28461499 0.74806718
   0.70597981 0.29386154 0.66983466 0.8973099  0.99357551 0.86415946
   0.81067125 0.74454307]
  [0.36885321 0.95083917 0.11648705 0.81675447 0.45657206 0.25556621
   0.42268348 0.46499289 0.19874921 0.44041327 0.46420853 0.1351849
   0.97499261 0.6814603 ]
  [0.13193803 0.13716571 0.81571129 0.56989883 0.19868933 0.10970229
   0.67530147 0.90920915 0.55786477 0.15756066 0.6715607  0.10666654
   0.08756678 0.96905895]
  [0.90107761 0.90415586 0.5790047  0.42256287 0.28402962 0.90360364
   0.54678183 0.79230118 0.30803381 0.34439929 0.13935254 0.85981711
   0.51084602 0.97923254]
  [0.10678979 0.06456727 0.68025282 0.23005007 0.89125039 0.53966031
   0.49415439 0.06147277 0.40071961 0.53580013 0.12441821 0.96307878
   0.14649311 0.5289537 ]
  [0.25443221 0.38096447 0.98467502 0.96898207 0.20741082 0.88344585
   0.07485695 0.49989367 0.36183179 0.94928268 0.57816806 0.40142096
   0.66083332 0.17778161]
  [0.44584728 0.81401145 0.91187331 0.74071405 0.94796364 0.41026505
   0.20802643 0.6920712  0.30664401 0.73538681 0.54141941 0.67328354
   0.20855756 0.23879296]
  [0.14817456 0.3694521  0.59079216 0.7646593  0.18540714 0.09858239
   0.65958587 0.7237794  0.49557081 0.00126271 0.03216876 0.3598049
   0.5092536  0.56067138]
  [0.37408762 0.04865901 0.78272776 0.32642004 0.37009738 0.36006119
   0.18693614 0.40084011 0.99459553 0.27063854 0.26190573 0.37984387
   0.44034086 0.88695347]]]