[[[0.86721983 0.82109061 0.88927289 0.56974982 0.58814446 0.44924718
   0.62845973 0.97577168 0.22349201 0.44774767 0.21061815 0.18597347
   0.95495937 0.36167807]
  [0.49898756 0.12062584 0.00595732 0.53611137 0.10730828 0.65416305
   0.63488905 0.39093654 0.82972951 0.09440925 0.69861381 0.7316054
   0.99342091 0.52102187]
  [0.57915788 0.34286493 0.28097559 0.75468478 0.89632087 0.31443692
   0.20970452 0.99949927 0.60558503 0.1579676  0.39827726 0.22471532
   0.05044677 0.3987103 ]
  [0.59323841 0.34321535 0.78413507 0.5584395  0.10204926 0.11905493
   0.79849109 0.1962235  0.64417773 0.94797407 0.45530248 0.20700039
   0.78743045 0.849552  ]
  [0.97076482 0.7822517  0.85503726 0.1738878  0.14033337 0.11936449
   0.08203879 0.77714439 0.43176133 0.40021143 0.68203413 0.06833533
   0.60091941 0.4007197 ]
  [0.40951057 0.80948939 0.20883758 0.10587742 0.313304   0.8481692
   0.28322566 0.24034577 0.92602872 0.82907219 0.90216463 0.27724464
   0.55938389 0.73724177]
  [0.52039587 0.80755365 0.25465279 0.45817742 0.80004145 0.10103247
   0.94930889 0.20192627 0.52225082 0.57586079 0.67047332 0.20135556
   0.58415553 0.42678858]
  [0.778939   0.21831863 0.48853882 0.02079594 0.09167674 0.7794591
   0.45532019 0.27915471 0.49323835 0.84747206 0.25213801 0.04858935
   0.47641766 0.25107869]
  [0.96560412 0.96086331 0.70717798 0.33099022 0.7401208  0.15279888
   0.48063301 0.38214892 0.12582407 0.15417506 0.25829527 0.14726686
   0.48958336 0.73241074]
  [0.53283774 0.00646531 0.67901451 0.864621   0.24951433 0.1529937
   0.27114445 0.62748276 0.76304482 0.49703742 0.38461053 0.00841054
   0.95021395 0.40392921]
  [0.51342407 0.80783699 0.80543084 0.70745846 0.77839744 0.50800864
   0.57315188 0.19195232 0.89828695 0.7258801  0.91435574 0.12863492
   0.70503847 0.65587906]
  [0.05844243 0.62552641 0.35176741 0.41788697 0.44192476 0.84707281
   0.49946183 0.81141374 0.28437783 0.76529019 0.07157339 0.21103117
   0.18500407 0.11704627]
  [0.8884337  0.18229784 0.41405142 0.25903437 0.03153517 0.34630834
   0.29619449 0.33910947 0.02328198 0.6554242  0.75083621 0.99630123
   0.91193621 0.34527879]
  [0.44778104 0.82499751 0.91994207 0.4312796  0.51671051 0.89408796
   0.35313461 0.60279453 0.90398634 0.76169782 0.37077061 0.08282357
   0.52615774 0.08338643]]]