[[[0.07897425 0.62517625 0.21837612 0.42676286 0.14136731 0.98168623
   0.24999872 0.77402844 0.68490353 0.39538509 0.19661143 0.76897452
   0.32086026 0.23343891]
  [0.26140896 0.55397537 0.02134292 0.71052661 0.89116822 0.22295028
   0.82933245 0.8045852  0.47929515 0.26268368 0.63764147 0.54164715
   0.65351969 0.22497791]
  [0.04472945 0.01490992 0.1170363  0.95184198 0.05497237 0.261702
   0.9328406  0.9723651  0.55886332 0.85450777 0.34973844 0.21133184
   0.49098196 0.97541728]
  [0.0716652  0.86136762 0.95009891 0.22143235 0.68743748 0.375006
   0.59211051 0.18554959 0.52101044 0.46695412 0.93460013 0.87973347
   0.90185016 0.05880692]
  [0.27396121 0.99772362 0.00681507 0.39713064 0.20315366 0.92767359
   0.63095686 0.81687826 0.64277099 0.7132187  0.52295743 0.50439108
   0.25218791 0.83684597]
  [0.5967809  0.68877069 0.71345191 0.70584632 0.95440741 0.04127386
   0.53073357 0.94712929 0.45328267 0.80773084 0.34828323 0.33844873
   0.2467625  0.25029448]
  [0.35643503 0.13702582 0.13349522 0.17026847 0.44288792 0.82456398
   0.85079755 0.35611148 0.31449974 0.36397959 0.41351842 0.85506894
   0.81295572 0.54533639]
  [0.2027943  0.92736719 0.23743339 0.38158101 0.74360737 0.32445468
   0.6450282  0.28586514 0.24121137 0.66143913 0.31561555 0.09937105
   0.94847014 0.5677371 ]
  [0.34068303 0.69477306 0.83021316 0.93066566 0.69498216 0.88870579
   0.4865491  0.36080871 0.77898926 0.10675975 0.93317905 0.37099462
   0.02949755 0.21254856]
  [0.08671726 0.11434366 0.94909126 0.03322337 0.49387521 0.29836047
   0.66178111 0.81444568 0.23055184 0.02582238 0.41078837 0.86593986
   0.46479253 0.74926012]
  [0.61891921 0.52544353 0.58974135 0.17053973 0.34626188 0.46419104
   0.52294367 0.42595707 0.99551468 0.91640906 0.99099556 0.402922
   0.77802018 0.30254901]
  [0.32648181 0.07586924 0.3666687  0.85123008 0.50297126 0.27646825
   0.93911917 0.14849802 0.66536508 0.08938175 0.33567085 0.16782197
   0.27232202 0.10186428]
  [0.14896038 0.20503932 0.9719432  0.00546251 0.16996356 0.64830964
   0.75978341 0.58063577 0.70600604 0.05644684 0.08058617 0.70792097
   0.50611323 0.37293452]
  [0.20880817 0.32723517 0.05435368 0.8219841  0.93671356 0.59587471
   0.01246272 0.09365725 0.5368986  0.97763049 0.71464432 0.75076359
   0.92176267 0.50369297]]]