[[0.56732078 0.47189175 0.57382919 0.56861564 0.68756253 0.66749986
  0.45859886 1.00009902 0.55486728 0.72653326 1.51375585 0.60849
  0.60365753 0.64105899 0.6712928  0.44921993 0.46132544 0.55244954
  0.46157704 1.04971054 0.74586667 0.71296845 0.54966563 0.59774441
  1.45117943 0.58144    0.64483829 0.81588412 0.6626817  1.19276826
  1.1267665  0.92271011 0.64297389 0.48750651 1.55436807 1.22814422
  0.89520818 0.73170284 0.48976496 0.7439889  1.19186061 0.73745752
  0.49102697 0.52834781 0.59246617 1.00591465 0.72130442 0.47101274
  0.6390611  1.62039968 0.73871844 0.70839839 0.95649996 0.49219596
  0.65535429 1.66824478 0.46664396 1.14684038 0.6349001  1.79868098
  0.95970125 0.61513825 0.64620624 1.00348187 0.78357058 0.60363149
  0.52502288 0.61396408 0.49570078 0.79914233 0.79092813 0.53936818
  1.27845553 0.51335526 0.98301585 1.08870726 0.59580846 0.58161886
  1.01194724 0.67071855 1.66970155 0.7257064  1.07216347 0.94353657
  0.5605764  1.04824002 1.21850413 0.56633557 0.6813044  0.81727131
  0.62305563 0.93894348 0.55862571 1.68091766 0.71979144 0.7018269
  0.48243047 0.52218356 0.91102963 0.7119989  1.81587774 0.53513107
  0.46346713 0.79011715 0.54644198 0.55810582 0.59812571 0.63367341
  0.87933633 0.51235452 1.29454997 0.51420045 1.8271507  1.21966247
  0.45526872 0.61631532 0.58707518 0.53046338 0.82561925 0.76234879]]