[[2.12343679 1.67997541 1.71900107 1.99263448 2.03316209 1.95839039
  2.1482421  1.98600909 1.86402304 2.22805425 1.44999808 1.63939426
  1.53550393 1.62486752 1.68589255 1.80722828 1.81376661 1.71307919
  1.70672185 1.90822447 1.78883545 2.06190927 1.94198123 1.68552126
  1.51253795 1.65519449 1.53305487 2.29723287 1.65691157 1.78781566
  2.01061557 2.04930403 1.96476901 1.7326217  1.78568659 2.15208806
  1.69378699 1.62649963 2.20097749 1.96128554 1.69247396 1.67918486
  1.71165636 2.13880412 1.88527057 2.17832976 1.81952076 1.68819443
  2.00293049 1.56365713 1.71894638 2.01361754 1.7064276  1.82171077
  1.35489638 1.68219487 1.82767731 1.70599302 1.94856311 1.62367278
  1.63521439 1.78286764 1.74162508 1.68425964 1.9727712  1.70198379
  1.6874176  2.32850307 1.80041851 1.87926747 1.78871803 2.14029876
  2.14357068 2.02022908 2.19594167 1.68534079 1.81630491 1.72526038
  1.70981644 1.7320557  1.92238529 1.93733396 1.74497314 1.69724893]]