[[[-1.37939196e-07 -1.66703948e-07 -1.34746732e-07 -1.37422810e-07
   -8.88681755e-08 -9.62255953e-08 -1.69601604e-07 -1.53678529e-07
   -1.41359226e-07 -7.39905144e-08 -9.11390298e-07 -1.21881415e-07
   -1.22455535e-07 -1.10320718e-07 -9.24987090e-08 -1.72583198e-07
   -1.68403596e-07 -1.40961249e-07 -1.69882730e-07 -1.96996452e-07
   -6.84402791e-08 -7.80780041e-08 -1.42321657e-07 -1.26742426e-07
   -8.15538344e-07 -1.30638376e-07 -1.03769878e-07 -6.23892360e-08
   -9.92776796e-08 -4.19026578e-07 -3.05954067e-07 -9.54513987e-08
   -1.07020618e-07 -1.62002165e-07 -9.70763764e-07 -4.97296310e-07
   -8.32388608e-08 -7.13616723e-08 -1.61449466e-07 -6.99993046e-08
   -4.38799220e-07 -7.12896342e-08 -1.60790264e-07 -1.48809381e-07
   -1.26790082e-07 -1.55033302e-07 -7.74442899e-08 -1.67343005e-07
   -1.09042882e-07 -1.05640751e-06 -7.09524016e-08 -8.02754936e-08
   -1.24501228e-07 -1.60751516e-07 -1.01385405e-07 -1.10886568e-06
   -1.68254599e-07 -3.43099306e-07 -1.10347383e-07 -1.27256210e-06
   -1.16242213e-07 -1.17693630e-07 -1.07421485e-07 -1.44659535e-07
   -6.23848422e-08 -1.22263447e-07 -1.50999763e-07 -1.19153798e-07
   -1.58463733e-07 -6.14525483e-08 -6.17938821e-08 -1.44857223e-07
   -5.71556693e-07 -1.54176031e-07 -1.37974861e-07 -2.49844379e-07
   -1.26505708e-07 -1.30403073e-07 -1.54107990e-07 -9.87004931e-08
   -1.11669944e-06 -7.29182714e-08 -2.28162085e-07 -1.12199342e-07
   -1.38853736e-07 -1.95990786e-07 -4.82548357e-07 -1.36606939e-07
   -9.01365933e-08 -6.20400983e-08 -1.14338459e-07 -1.06147135e-07
   -1.40168078e-07 -1.13703440e-06 -7.47199503e-08 -8.41453397e-08
   -1.62840733e-07 -1.50908130e-07 -9.36927168e-08 -8.12644933e-08
   -1.29451820e-06 -1.46632773e-07 -1.69233511e-07 -6.15589957e-08
   -1.42781849e-07 -1.39982295e-07 -1.25377380e-07 -1.12023782e-07
   -7.44784853e-08 -1.54809477e-07 -6.02445723e-07 -1.53249664e-07
   -1.31485169e-06 -4.68478219e-07 -1.71349061e-07 -1.18078702e-07
   -1.28127256e-07 -1.48174131e-07 -6.37708790e-08 -6.45047310e-08]]

 [[ 3.49186478e-09  3.50726894e-09  3.45995024e-09  3.49533298e-09
    2.91029990e-09  3.02302579e-09  3.47802781e-09  1.38988892e-09
    3.48893037e-09  2.58300463e-09  1.54289609e-08  3.36451751e-09
    3.34830177e-09  3.26722243e-09  2.92861417e-09  3.47547830e-09
    3.45898453e-09  3.45464282e-09  3.50284184e-09  1.53818730e-09
    2.42128295e-09  2.67387625e-09  3.47180615e-09  3.42252685e-09
    1.39208506e-08  3.40675186e-09  3.10091706e-09  1.86017240e-09
    3.08406911e-09  4.12456234e-09  2.39442896e-09  1.43266156e-09
    3.18858676e-09  3.50444880e-09  1.60889426e-08  5.86530656e-09
    1.49514901e-09  2.49044706e-09  3.51054524e-09  2.49131309e-09
    4.53143263e-09  2.51961105e-09  3.50311856e-09  3.47896930e-09
    3.38381013e-09  1.39699629e-09  2.69529510e-09  3.51890278e-09
    3.21801133e-09  1.67662449e-08  2.51126019e-09  2.73473024e-09
    1.35306210e-09  3.50869157e-09  3.10380533e-09  1.70683501e-08
    3.50713853e-09  2.85895797e-09  3.22702400e-09  1.74966437e-08
    1.38291652e-09  3.29459478e-09  3.21997153e-09  1.39440142e-09
    2.16376136e-09  3.33667514e-09  3.51785932e-09  3.32758367e-09
    3.47680225e-09  1.96966993e-09  2.11200158e-09  3.46498451e-09
    7.81432676e-09  3.50949793e-09  1.36942727e-09  1.85921857e-09
    3.40140044e-09  3.39680855e-09  1.40571029e-09  3.12367592e-09
    1.70712208e-08  2.52986510e-09  1.70531620e-09  1.36880007e-09
    3.46677706e-09  1.53519940e-09  5.50536430e-09  3.45381697e-09
    2.91442647e-09  1.89170642e-09  3.25693221e-09  1.39019660e-09
    3.48454080e-09  1.71220010e-08  2.57475221e-09  2.83467315e-09
    3.48113767e-09  3.48647078e-09  1.42145245e-09  2.79099696e-09
    1.75238905e-08  3.47566757e-09  3.50289136e-09  2.02430906e-09
    3.46397978e-09  3.47722478e-09  3.38331116e-09  3.26847162e-09
    1.59353164e-09  3.51333299e-09  8.66511019e-09  3.48587678e-09
    1.75615132e-08  5.17361859e-09  3.49887235e-09  3.31639739e-09
    3.37910833e-09  3.48178925e-09  1.78125349e-09  2.25562006e-09]]]