[[[-3.17762043e-07 -4.16002749e-07 -4.72048604e-07 -2.78037370e-07
   -3.33421682e-07 -3.41124372e-07 -3.25931260e-07 -3.40450214e-07
   -3.57139129e-07 -3.12048862e-07 -1.06772951e-07 -1.36453600e-07
   -1.97905386e-07 -6.42603101e-08 -4.94739067e-07 -3.98059486e-07
   -3.15886117e-07 -3.83684679e-07 -3.36180605e-07 -3.49608007e-07
   -3.53595300e-07 -3.25562653e-07 -3.30165571e-07 -4.73704237e-07
   -1.18706792e-07 -1.79621404e-07 -1.22564545e-07 -3.03761660e-07
   -1.65821447e-07 -4.10086526e-07 -3.35196834e-07 -3.42105140e-07
   -3.42703327e-07 -3.42652595e-07 -4.09799710e-07 -3.17729823e-07
   -1.52610070e-07 -1.33001607e-07 -3.15380005e-07 -3.34871944e-07
   -5.27930929e-07 -4.78301436e-07 -1.91544442e-07 -2.97357539e-07
   -3.32620456e-07 -3.25259481e-07 -3.79318027e-07 -4.27445272e-07
   -3.38312459e-07 -1.13958689e-07 -3.61375051e-07 -3.38073631e-07
   -3.70090054e-07 -3.02690528e-07 -4.76364775e-08 -4.23513800e-07
   -3.06525772e-07 -4.32310779e-07 -3.45629115e-07 -1.39719935e-07
   -1.43070431e-07 -3.60389604e-07 -4.76525010e-07 -4.15177020e-07
   -3.41782474e-07 -1.53570852e-07 -1.55023933e-07 -2.66293390e-07
   -3.22352794e-07 -3.37328788e-07 -4.06188992e-07 -3.34727319e-07
   -3.17925863e-07 -3.37034937e-07 -3.14096904e-07 -3.50396704e-07
   -3.41779608e-07 -3.70983339e-07 -3.37657744e-07 -4.49721446e-07
   -3.47650283e-07 -3.27639872e-07 -3.42496979e-07 -3.57107916e-07]]

 [[ 1.75368113e-09  5.16675406e-10  4.25765337e-09  1.25431831e-09
    2.08757941e-09  2.04445019e-09  1.91984946e-09  2.13090100e-09
    1.96907181e-09  2.13159378e-09  1.75982046e-09  1.60749872e-09
    1.04667999e-09  3.74070494e-09  5.64027832e-10  5.78272942e-10
    5.31760108e-10  5.12139299e-10  5.77148710e-10  2.12143084e-09
    7.96189983e-10  1.92871622e-09  8.72746232e-10  5.44064462e-10
    1.75852585e-09  1.23696982e-09  1.74919267e-09  1.92130984e-09
    1.32549256e-09  2.06632095e-09  2.13424319e-09  1.99358437e-09
    2.02580814e-09  6.47908101e-10  2.05256318e-09  2.16838049e-09
    1.46902219e-09  1.57737097e-09  1.49260146e-09  9.78174828e-10
    5.90252973e-10  5.47364608e-10  1.21703029e-09  1.73643731e-09
    8.33306558e-10  1.93342545e-09  5.77469582e-10  5.25425708e-10
    2.13414566e-09  1.65401822e-09  5.13582070e-10  2.14478664e-09
    5.13712889e-10  5.39387870e-10  1.59799127e-09  5.18100571e-10
    5.32144984e-10  5.59272876e-10  2.07231005e-09  1.63988471e-09
    1.63747605e-09  8.64042284e-10  2.73580953e-09  5.17403818e-10
    2.14251798e-09  1.49434427e-09  1.46408234e-09  5.77095991e-10
    5.31947059e-10  1.84401323e-09  2.02168746e-09  2.15059875e-09
    2.16040872e-09  1.29683544e-09  2.16318147e-09  5.13646031e-10
    5.35492634e-10  5.13202396e-10  5.25405488e-10  5.57044908e-10
    2.13546601e-09  8.36603349e-10  6.60663023e-10  5.08644946e-10]]]