[[[[1.15972853e-07]]

  [[1.16626842e-07]]

  [[1.15429147e-07]]

  [[1.20213082e-07]]

  [[1.15026154e-07]]

  [[1.14923251e-07]]

  [[1.19351575e-07]]

  [[1.14166032e-07]]

  [[1.17823996e-07]]

  [[1.16388256e-07]]

  [[1.13008896e-07]]

  [[1.17988061e-07]]

  [[1.13877622e-07]]

  [[1.13813248e-07]]

  [[1.14621166e-07]]

  [[1.15951561e-07]]]


 [[[3.32312367e-07]]

  [[3.31288154e-07]]

  [[3.29700199e-07]]

  [[3.30929642e-07]]

  [[3.31397401e-07]]

  [[3.31635146e-07]]

  [[3.30475765e-07]]

  [[3.30239568e-07]]

  [[3.31092823e-07]]

  [[3.30107416e-07]]

  [[3.32518458e-07]]

  [[3.31006040e-07]]

  [[3.31319118e-07]]

  [[3.31741174e-07]]

  [[3.30391608e-07]]

  [[3.31716991e-07]]]]