[[[4.62021826e-08 4.58798911e-08 4.60881656e-08 4.62115286e-08
   4.35750440e-08 4.41841167e-08 4.57061069e-08 2.11583734e-08
   4.61473854e-08 4.15093692e-08 1.46884294e-07 4.57569269e-08
   4.56992117e-08 4.53784952e-08 4.37251983e-08 4.56341316e-08
   4.56267215e-08 4.60027504e-08 4.58047296e-08 2.08649607e-08
   4.02754054e-08 4.21411465e-08 4.60647597e-08 4.60000929e-08
   1.38933724e-07 4.58973008e-08 4.45959419e-08 3.45677543e-08
   4.44984874e-08 5.02628748e-08 2.94847344e-08 2.59646761e-08
   4.50197856e-08 4.59364233e-08 1.48940173e-07 7.04837880e-08
   2.79565547e-08 4.08614021e-08 4.59722355e-08 4.07745205e-08
   5.57936821e-08 4.10163200e-08 4.59430912e-08 4.60090323e-08
   4.58201531e-08 2.10831283e-08 4.22146955e-08 4.59197730e-08
   4.51412793e-08 1.49065599e-07 4.09504965e-08 4.25257037e-08
   2.27187944e-08 4.59762737e-08 4.46050597e-08 1.48007191e-07
   4.58540027e-08 3.52439306e-08 4.51926189e-08 1.38640716e-07
   2.35441371e-08 4.54770258e-08 4.51601161e-08 2.15241259e-08
   3.79450603e-08 4.56350170e-08 4.61504523e-08 4.56187408e-08
   4.58627066e-08 3.59749421e-08 3.73973636e-08 4.59907805e-08
   9.00920173e-08 4.60772159e-08 2.18651924e-08 2.35755107e-08
   4.58990591e-08 4.58563793e-08 2.11866400e-08 4.46886224e-08
   1.47461562e-07 4.11686813e-08 2.20936035e-08 2.38374361e-08
   4.60784705e-08 2.08403065e-08 6.66889886e-08 4.60473812e-08
   4.36063664e-08 3.48942749e-08 4.53209569e-08 2.45265619e-08
   4.61412347e-08 1.46391905e-07 4.14866014e-08 4.31224338e-08
   4.58189768e-08 4.60157247e-08 2.61212539e-08 4.28182718e-08
   1.36805484e-07 4.60201864e-08 4.58182875e-08 3.66150168e-08
   4.60215225e-08 4.61073451e-08 4.58267169e-08 4.53766748e-08
   2.99459076e-08 4.60779811e-08 9.83621415e-08 4.59768716e-08
   1.34882505e-07 6.23765052e-08 4.57642394e-08 4.55721359e-08
   4.57864528e-08 4.60317414e-08 3.35224532e-08 3.89099348e-08]
  [4.61353687e-08 4.58103532e-08 4.60219894e-08 4.61448261e-08
   4.35213363e-08 4.41276557e-08 4.56365424e-08 2.12344626e-08
   4.60802474e-08 4.14641407e-08 1.47483927e-07 4.56931218e-08
   4.56353861e-08 4.53171616e-08 4.36703048e-08 4.55643898e-08
   4.55573890e-08 4.59358553e-08 4.57349840e-08 2.09731437e-08
   4.02352335e-08 4.20932099e-08 4.59976035e-08 4.59351539e-08
   1.39480427e-07 4.58319672e-08 4.45371888e-08 3.45514111e-08
   4.44408126e-08 5.05353417e-08 2.96729259e-08 2.59927090e-08
   4.49596775e-08 4.58672684e-08 1.49569971e-07 7.08162744e-08
   2.79725389e-08 4.08186013e-08 4.59030965e-08 4.07325444e-08
   5.60823182e-08 4.09732274e-08 4.58740784e-08 4.59412072e-08
   4.57554975e-08 2.11600597e-08 4.21668912e-08 4.58501278e-08
   4.50806187e-08 1.49735634e-07 4.09076821e-08 4.24763313e-08
   2.27722926e-08 4.59071841e-08 4.45467646e-08 1.48700070e-07
   4.57843593e-08 3.54598141e-08 4.51316070e-08 1.39400168e-07
   2.35902825e-08 4.54143042e-08 4.50996980e-08 2.15926830e-08
   3.79146576e-08 4.55713232e-08 4.60821925e-08 4.55555561e-08
   4.57940413e-08 3.59524619e-08 3.73692629e-08 4.59234910e-08
   9.04790976e-08 4.60086915e-08 2.19290837e-08 2.37226301e-08
   4.58343357e-08 4.57911144e-08 2.12625584e-08 4.46307229e-08
   1.48158035e-07 4.11245597e-08 2.22248741e-08 2.38805856e-08
   4.60117598e-08 2.09477541e-08 6.70104840e-08 4.59810133e-08
   4.35523139e-08 3.48766804e-08 4.52590445e-08 2.45643416e-08
   4.60742481e-08 1.47097289e-07 4.14411735e-08 4.30708078e-08
   4.57498899e-08 4.59476491e-08 2.61479129e-08 4.27681119e-08
   1.37573233e-07 4.59526156e-08 4.57485909e-08 3.65897688e-08
   4.59544070e-08 4.60404535e-08 4.57622504e-08 4.53150877e-08
   2.99516007e-08 4.60093827e-08 9.87718857e-08 4.59086020e-08
   1.35658127e-07 6.26863909e-08 4.56944479e-08 4.55092009e-08
   4.57216664e-08 4.59639596e-08 3.35106163e-08 3.88752168e-08]
  [4.58052973e-08 4.54659735e-08 4.56952332e-08 4.58153600e-08
   4.32590649e-08 4.38512139e-08 4.52919715e-08 2.15625223e-08
   4.57484679e-08 4.12451532e-08 1.50392239e-07 4.53787071e-08
   4.53208147e-08 4.50155845e-08 4.34018560e-08 4.52188959e-08
   4.52140192e-08 4.56052911e-08 4.53895084e-08 2.14351907e-08
   4.00417877e-08 4.18604371e-08 4.56656892e-08 4.56148550e-08
   1.42058692e-07 4.55095503e-08 4.42488741e-08 3.44747094e-08
   4.41581351e-08 5.17174090e-08 3.04773349e-08 2.61171934e-08
   4.46643932e-08 4.55248941e-08 1.52680169e-07 7.22793184e-08
   2.80442252e-08 4.06118825e-08 4.55608214e-08 4.05300641e-08
   5.73409029e-08 4.07650854e-08 4.55324590e-08 4.56057865e-08
   4.54366201e-08 2.14915469e-08 4.19348839e-08 4.55052091e-08
   4.47824972e-08 1.53132912e-07 4.07009368e-08 4.22362341e-08
   2.30056809e-08 4.55651587e-08 4.42608491e-08 1.52270137e-07
   4.54394280e-08 3.63869758e-08 4.48316430e-08 1.43534991e-07
   2.37924631e-08 4.51054631e-08 4.48028572e-08 2.18890113e-08
   3.77699049e-08 4.52574379e-08 4.57445550e-08 4.52443383e-08
   4.54541962e-08 3.58463202e-08 3.72357979e-08 4.55908790e-08
   9.22037728e-08 4.56696348e-08 2.22061172e-08 2.43496263e-08
   4.55151396e-08 4.54690411e-08 2.15896906e-08 4.43469321e-08
   1.51757453e-07 4.09111474e-08 2.27843218e-08 2.40701032e-08
   4.56821976e-08 2.14066480e-08 6.84221328e-08 4.56532295e-08
   4.32882438e-08 3.47940498e-08 4.49543955e-08 2.47308826e-08
   4.57432607e-08 1.50768575e-07 4.12211482e-08 4.28192376e-08
   4.54078307e-08 4.56109198e-08 2.62664591e-08 4.25240878e-08
   1.41786728e-07 4.56185359e-08 4.54033751e-08 3.64701914e-08
   4.56226978e-08 4.57099573e-08 4.54443741e-08 4.50121789e-08
   2.99772731e-08 4.56699521e-08 1.00609698e-07 4.55708574e-08
   1.39947319e-07 6.40419914e-08 4.53487340e-08 4.51992700e-08
   4.54020936e-08 4.56287663e-08 3.34552356e-08 3.87090303e-08]
  [4.59520711e-08 4.56291628e-08 4.58390727e-08 4.59614743e-08
   4.33479491e-08 4.39517776e-08 4.54561438e-08 2.13134074e-08
   4.58972648e-08 4.12998325e-08 1.49927494e-07 4.55112291e-08
   4.54537580e-08 4.51365606e-08 4.34963262e-08 4.53843601e-08
   4.53772702e-08 4.57534546e-08 4.55541853e-08 2.11483313e-08
   4.00767910e-08 4.19260276e-08 4.58149882e-08 4.57523912e-08
   1.41610302e-07 4.56497315e-08 4.43597089e-08 3.44255215e-08
   4.42636550e-08 5.13306167e-08 3.01294766e-08 2.59493680e-08
   4.47805048e-08 4.56857149e-08 1.52204144e-07 7.18737469e-08
   2.79038766e-08 4.06573038e-08 4.57213809e-08 4.05716989e-08
   5.69482666e-08 4.08112236e-08 4.56924608e-08 4.57589941e-08
   4.55734762e-08 2.12410397e-08 4.19993789e-08 4.56687908e-08
   4.49009744e-08 1.52640483e-07 4.07459956e-08 4.23074603e-08
   2.27908197e-08 4.57254340e-08 4.43692103e-08 1.51768505e-07
   4.56033171e-08 3.60242007e-08 4.49517830e-08 1.42993147e-07
   2.35888461e-08 4.52334692e-08 4.49199405e-08 2.16491942e-08
   3.77683127e-08 4.53899440e-08 4.58994615e-08 4.53741701e-08
   4.56126902e-08 3.58174947e-08 3.72260058e-08 4.57412422e-08
   9.17857749e-08 4.58263525e-08 2.19740583e-08 2.40289070e-08
   4.56519800e-08 4.56090379e-08 2.13395899e-08 4.44527650e-08
   1.51252828e-07 4.09618110e-08 2.24764777e-08 2.38728338e-08
   4.58289918e-08 2.11206282e-08 6.80194298e-08 4.57983172e-08
   4.33788104e-08 3.47486681e-08 4.50787778e-08 2.45434552e-08
   4.58912572e-08 1.50257843e-07 4.12769480e-08 4.28993316e-08
   4.55688383e-08 4.57654668e-08 2.61021865e-08 4.25979474e-08
   1.41238345e-07 4.57702948e-08 4.55677190e-08 3.64509272e-08
   4.57719820e-08 4.58575958e-08 4.55801616e-08 4.51345364e-08
   2.98625106e-08 4.58270517e-08 1.00186894e-07 4.57266401e-08
   1.39391594e-07 6.36429364e-08 4.55138550e-08 4.53279855e-08
   4.55398160e-08 4.57816395e-08 3.33919391e-08 3.87236481e-08]
  [4.61412233e-08 4.58127596e-08 4.60283329e-08 4.61508184e-08
   4.35364281e-08 4.41409692e-08 4.56386261e-08 2.12637563e-08
   4.60856666e-08 4.14841122e-08 1.47209993e-07 4.57014276e-08
   4.56435611e-08 4.53274284e-08 4.36844336e-08 4.55661707e-08
   4.55595975e-08 4.59412893e-08 4.57370448e-08 2.09912422e-08
   4.02578793e-08 4.21116231e-08 4.60028611e-08 4.59426614e-08
   1.39239583e-07 4.58388794e-08 4.45488308e-08 3.45838569e-08
   4.44534112e-08 5.04681599e-08 2.96530255e-08 2.60309600e-08
   4.49706146e-08 4.58701800e-08 1.49277551e-07 7.07129785e-08
   2.80107526e-08 4.08397878e-08 4.59060866e-08 4.07543716e-08
   5.60056751e-08 4.09944078e-08 4.58771568e-08 4.59456605e-08
   4.57630021e-08 2.11891874e-08 4.21855791e-08 4.58524883e-08
   4.50911925e-08 1.49418706e-07 4.09290088e-08 4.24939737e-08
   2.28070425e-08 4.59102317e-08 4.45588898e-08 1.48369057e-07
   4.57866101e-08 3.54249764e-08 4.51418940e-08 1.39031817e-07
   2.36268132e-08 4.54232764e-08 4.51105567e-08 2.16244914e-08
   3.79420104e-08 4.55795390e-08 4.60864202e-08 4.55642802e-08
   4.57973527e-08 3.59828135e-08 3.73975851e-08 4.59284882e-08
   9.03415180e-08 4.60125079e-08 2.19617905e-08 2.37234774e-08
   4.58419041e-08 4.57980323e-08 2.12923133e-08 4.46434036e-08
   1.47825277e-07 4.11450118e-08 2.22330069e-08 2.39172449e-08
   4.60175190e-08 2.09661143e-08 6.69139817e-08 4.59870809e-08
   4.35671052e-08 3.49088187e-08 4.52686037e-08 2.46017654e-08
   4.60798196e-08 1.46759800e-07 4.14609175e-08 4.30872329e-08
   4.57526772e-08 4.59518453e-08 2.61860109e-08 4.27854929e-08
   1.37200655e-07 4.59573616e-08 4.57507270e-08 3.66190514e-08
   4.59596353e-08 4.60460700e-08 4.57699699e-08 4.53250840e-08
   2.99891092e-08 4.60131276e-08 9.86199609e-08 4.59125290e-08
   1.35281896e-07 6.25968312e-08 4.56963925e-08 4.55181056e-08
   4.57289773e-08 4.59684939e-08 3.35443180e-08 3.89004673e-08]
  [4.61582532e-08 4.58300177e-08 4.60452796e-08 4.61678426e-08
   4.35517539e-08 4.41566546e-08 4.56558556e-08 2.12567525e-08
   4.61027190e-08 4.14983040e-08 1.47016755e-07 4.57180839e-08
   4.56602049e-08 4.53437831e-08 4.36998847e-08 4.55834086e-08
   4.55767864e-08 4.59582867e-08 4.57543128e-08 2.09765842e-08
   4.02713949e-08 4.21261689e-08 4.60198972e-08 4.59594718e-08
   1.39071002e-07 4.58557048e-08 4.45647955e-08 3.45940450e-08
   4.44692663e-08 5.04046109e-08 2.96161639e-08 2.60338953e-08
   4.49867862e-08 4.58874048e-08 1.49069336e-07 7.06287477e-08
   2.80158248e-08 4.08536413e-08 4.59233171e-08 4.07681461e-08
   5.59365321e-08 4.10083227e-08 4.58943689e-08 4.59627555e-08
   4.57797484e-08 2.11820216e-08 4.22001366e-08 4.58697671e-08
   4.51074392e-08 1.49189236e-07 4.09428866e-08 4.25087194e-08
   2.28049022e-08 4.59274563e-08 4.45748186e-08 1.48126753e-07
   4.58038762e-08 3.53796142e-08 4.51581803e-08 1.38748236e-07
   2.36262909e-08 4.54397738e-08 4.51267864e-08 2.16192845e-08
   3.79542124e-08 4.55961577e-08 4.61035901e-08 4.55808495e-08
   4.58145102e-08 3.59938810e-08 3.74094697e-08 4.59455269e-08
   9.02376661e-08 4.60296904e-08 2.19575111e-08 2.36984583e-08
   4.58586743e-08 4.58148414e-08 2.12854601e-08 4.46593196e-08
   1.47580889e-07 4.11590373e-08 2.22123046e-08 2.39172430e-08
   4.60345153e-08 2.09516404e-08 6.68335716e-08 4.60040371e-08
   4.35824655e-08 3.49192036e-08 4.52849960e-08 2.46028410e-08
   4.60968553e-08 1.46510228e-07 4.14751184e-08 4.31022927e-08
   4.57698712e-08 4.59689678e-08 2.61891495e-08 4.28003717e-08
   1.36911384e-07 4.59744336e-08 4.57679922e-08 3.66305056e-08
   4.59766603e-08 4.60630905e-08 4.57867001e-08 4.53414613e-08
   2.99959413e-08 4.60303183e-08 9.85075695e-08 4.59296655e-08
   1.34987220e-07 6.25205704e-08 4.57136611e-08 4.55346425e-08
   4.57457293e-08 4.59855889e-08 3.35538296e-08 3.89132354e-08]
  [4.58093531e-08 4.54803819e-08 4.56977603e-08 4.58190090e-08
   4.32339442e-08 4.38317766e-08 4.53072864e-08 2.14483250e-08
   4.57538246e-08 4.12041384e-08 1.51048410e-07 4.53751460e-08
   4.53176139e-08 4.50059128e-08 4.33797178e-08 4.52351102e-08
   4.52289253e-08 4.56105365e-08 4.54049399e-08 2.13384447e-08
   3.99918990e-08 4.18245053e-08 4.56714958e-08 4.56138131e-08
   1.42609083e-07 4.55102639e-08 4.42346890e-08 3.43900392e-08
   4.41410122e-08 5.18049819e-08 3.04569196e-08 2.59990388e-08
   4.46525276e-08 4.55377862e-08 1.53399533e-07 7.24551888e-08
   2.79312314e-08 4.05668022e-08 4.55734923e-08 4.04829799e-08
   5.74517500e-08 4.07201132e-08 4.55448509e-08 4.56140163e-08
   4.54355072e-08 2.13774034e-08 4.18981695e-08 4.55197782e-08
   4.47717938e-08 1.53941339e-07 4.06554764e-08 4.22028382e-08
   2.28862561e-08 4.55776528e-08 4.42452001e-08 1.53132527e-07
   4.54543014e-08 3.63997753e-08 4.48218250e-08 1.44562123e-07
   2.36712399e-08 4.50997538e-08 4.47912989e-08 2.17709926e-08
   3.77040146e-08 4.52540918e-08 4.57535364e-08 4.52394444e-08
   4.54658384e-08 3.57695466e-08 3.71664854e-08 4.55974535e-08
   9.24661220e-08 4.56798292e-08 2.20877597e-08 2.42857539e-08
   4.55138716e-08 4.54697185e-08 2.14741777e-08 4.43296432e-08
   1.52627594e-07 4.08684804e-08 2.27061367e-08 2.39498830e-08
   4.56864930e-08 2.13094577e-08 6.85813193e-08 4.56565726e-08
   4.32640475e-08 3.47106712e-08 4.49468384e-08 2.46108513e-08
   4.57481528e-08 1.51658863e-07 4.11808196e-08 4.27898508e-08
   4.54210482e-08 4.56199337e-08 2.61493396e-08 4.24916532e-08
   1.42835644e-07 4.56258841e-08 4.54185835e-08 3.63972923e-08
   4.56285768e-08 4.57146999e-08 4.54426150e-08 4.50033265e-08
   2.98703867e-08 4.56803691e-08 1.00909686e-07 4.55806765e-08
   1.41016173e-07 6.41836540e-08 4.53645069e-08 4.51938056e-08
   4.54015544e-08 4.56367575e-08 3.33654900e-08 3.86502895e-08]
  [4.58770142e-08 4.55386263e-08 4.57665429e-08 4.58870292e-08
   4.33219323e-08 4.39160335e-08 4.53644699e-08 2.15052949e-08
   4.58202835e-08 4.13016993e-08 1.49570130e-07 4.54485846e-08
   4.53906489e-08 4.50839170e-08 4.34654676e-08 4.52914044e-08
   4.52863418e-08 4.56768621e-08 4.54621826e-08 2.13413849e-08
   4.00944626e-08 4.19189995e-08 4.57374382e-08 4.56854982e-08
   1.41329926e-07 4.55802867e-08 4.43152200e-08 3.45081109e-08
   4.42238519e-08 5.14096532e-08 3.02836999e-08 2.61102664e-08
   4.47317937e-08 4.55974315e-08 1.51802308e-07 7.18858136e-08
   2.80488308e-08 4.06665313e-08 4.56333845e-08 4.05841827e-08
   5.70100321e-08 4.08200316e-08 4.56049371e-08 4.56777905e-08
   4.55069631e-08 2.14334602e-08 4.19934419e-08 4.55779462e-08
   4.48502814e-08 1.52177140e-07 4.07556713e-08 4.22958983e-08
   2.29726973e-08 4.56377050e-08 4.43269716e-08 1.51267999e-07
   4.55121020e-08 3.61565772e-08 4.48996478e-08 1.42387305e-07
   2.37674258e-08 4.51745627e-08 4.48705393e-08 2.18403319e-08
   3.78149343e-08 4.53271523e-08 4.58168872e-08 4.53137913e-08
   4.55264437e-08 3.58848288e-08 3.72789768e-08 4.56626167e-08
   9.17299930e-08 4.57420195e-08 2.21622535e-08 2.42084647e-08
   4.55855865e-08 4.55397099e-08 2.15329411e-08 4.44129311e-08
   1.50747874e-07 4.09667911e-08 2.26627138e-08 2.40479386e-08
   4.57537500e-08 2.13137039e-08 6.80444367e-08 4.57245917e-08
   4.33513156e-08 3.48285467e-08 4.50229587e-08 2.47142302e-08
   4.58150010e-08 1.49740466e-07 4.12777828e-08 4.28806200e-08
   4.54802286e-08 4.56830445e-08 2.62607472e-08 4.25844290e-08
   1.40619430e-07 4.56904327e-08 4.54760400e-08 3.65109588e-08
   4.56943851e-08 4.57816205e-08 4.55146339e-08 4.50806317e-08
   2.99914871e-08 4.57423724e-08 1.00101545e-07 4.56430335e-08
   1.38761422e-07 6.36812465e-08 4.54213860e-08 4.52685587e-08
   4.54724681e-08 4.57007708e-08 3.34847777e-08 3.87574150e-08]
  [4.60502951e-08 4.57259956e-08 4.59370944e-08 4.60597222e-08
   4.34406045e-08 4.40458732e-08 4.55525105e-08 2.12615883e-08
   4.59952904e-08 4.13871806e-08 1.48423694e-07 4.56087228e-08
   4.55511091e-08 4.52333498e-08 4.35893487e-08 4.54804909e-08
   4.54734909e-08 4.58511630e-08 4.56507711e-08 2.10411152e-08
   4.01606880e-08 4.20150691e-08 4.59128081e-08 4.58503615e-08
   1.40305834e-07 4.57473954e-08 4.44547342e-08 3.44904106e-08
   4.43584827e-08 5.08539618e-08 2.98567700e-08 2.59671228e-08
   4.48764891e-08 4.57827929e-08 1.50578365e-07 7.12367772e-08
   2.79359990e-08 4.07428926e-08 4.58185516e-08 4.06569913e-08
   5.64282905e-08 4.08972071e-08 4.57895804e-08 4.58565441e-08
   4.56710324e-08 2.11880757e-08 4.20885832e-08 4.57656965e-08
   4.49972204e-08 1.50840376e-07 4.08317938e-08 4.23974861e-08
   2.27734561e-08 4.58226329e-08 4.44642716e-08 1.49862447e-07
   4.57000517e-08 3.56869234e-08 4.50481362e-08 1.40743014e-07
   2.35828330e-08 4.53303848e-08 4.50162506e-08 2.16102396e-08
   3.78450901e-08 4.54871544e-08 4.59972790e-08 4.54713909e-08
   4.57096849e-08 3.58876546e-08 3.73009781e-08 4.58388323e-08
   9.09955647e-08 4.59239321e-08 2.19416437e-08 2.38451198e-08
   4.57497208e-08 4.57066175e-08 2.12888927e-08 4.45480423e-08
   1.49329525e-07 4.10482587e-08 2.23247682e-08 2.38704022e-08
   4.59269113e-08 2.10147633e-08 6.74121355e-08 4.58962090e-08
   4.34715393e-08 3.48147736e-08 4.51753788e-08 2.45484798e-08
   4.59892950e-08 1.48291592e-07 4.13642602e-08 4.29908664e-08
   4.56656331e-08 4.58629847e-08 2.61212985e-08 4.26886998e-08
   1.38940342e-07 4.58679167e-08 4.56643507e-08 3.65233477e-08
   4.58696889e-08 4.59555578e-08 4.56777600e-08 4.52312933e-08
   2.99062415e-08 4.59246209e-08 9.93295585e-08 4.58240156e-08
   1.37048120e-07 6.30679413e-08 4.56103072e-08 4.54251133e-08
   4.56372709e-08 4.58792536e-08 3.34526714e-08 3.88035147e-08]
  [4.58274440e-08 4.54918425e-08 4.57167569e-08 4.58373593e-08
   4.32690432e-08 4.38636221e-08 4.53181002e-08 2.15087632e-08
   4.57710765e-08 4.12481028e-08 1.50380403e-07 4.53978027e-08
   4.53400168e-08 4.50322160e-08 4.34130286e-08 4.52453293e-08
   4.52399615e-08 4.56277926e-08 4.54157260e-08 2.13766481e-08
   4.00407201e-08 4.18656317e-08 4.56884281e-08 4.56350032e-08
   1.42036840e-07 4.55303081e-08 4.42634504e-08 3.44567310e-08
   4.41715621e-08 5.16589200e-08 3.04154496e-08 2.60766420e-08
   4.46800348e-08 4.55502227e-08 1.52674488e-07 7.22259670e-08
   2.80086911e-08 4.06129564e-08 4.55860836e-08 4.05303291e-08
   5.72836356e-08 4.07662795e-08 4.55576043e-08 4.56294062e-08
   4.54566598e-08 2.14375562e-08 4.19398207e-08 4.55311563e-08
   4.47986328e-08 1.53136291e-07 4.07019101e-08 4.22425761e-08
   2.29571967e-08 4.55903565e-08 4.42748777e-08 1.52279332e-07
   4.54654590e-08 3.63256366e-08 4.48481335e-08 1.43561608e-07
   2.37456791e-08 4.51236252e-08 4.48186805e-08 2.18364557e-08
   3.77614074e-08 4.52765581e-08 4.57685193e-08 4.52628709e-08
   4.54790248e-08 3.58323914e-08 3.72256496e-08 4.56138723e-08
   9.21565953e-08 4.56940182e-08 2.21548435e-08 2.42883569e-08
   4.55351576e-08 4.54897671e-08 2.15356328e-08 4.43603836e-08
   1.51767309e-07 4.09132972e-08 2.27239238e-08 2.40244791e-08
   4.57043783e-08 2.13482054e-08 6.83677002e-08 4.56750393e-08
   4.32985852e-08 3.47768087e-08 4.49717931e-08 2.46869103e-08
   4.57656931e-08 1.50780342e-07 4.12243490e-08 4.28273882e-08
   4.54332280e-08 4.56348353e-08 2.62265984e-08 4.25309398e-08
   1.41815643e-07 4.56418317e-08 4.54295155e-08 3.64581783e-08
   4.56454440e-08 4.57323185e-08 4.54641756e-08 4.50291165e-08
   2.99465077e-08 4.56944202e-08 1.00565433e-07 4.55950567e-08
   1.39978191e-07 6.39864939e-08 4.53750608e-08 4.52175668e-08
   4.54223331e-08 4.56523065e-08 3.34344878e-08 3.87038346e-08]
  [4.63667622e-08 4.60440269e-08 4.62521653e-08 4.63760895e-08
   4.37259380e-08 4.43382267e-08 4.58696465e-08 2.10599400e-08
   4.63118673e-08 4.16492393e-08 1.44801489e-07 4.59190659e-08
   4.58611683e-08 4.55385021e-08 4.38771339e-08 4.57974565e-08
   4.57899515e-08 4.61666906e-08 4.59686495e-08 2.06812547e-08
   4.04083376e-08 4.22845295e-08 4.62289771e-08 4.61634142e-08
   1.37109839e-07 4.60604098e-08 4.47523739e-08 3.46643950e-08
   4.46541461e-08 4.95497800e-08 2.90584373e-08 2.59785488e-08
   4.51781369e-08 4.61006820e-08 1.46700333e-07 6.95507277e-08
   2.79948872e-08 4.09978029e-08 4.61366089e-08 4.09101496e-08
   5.50212660e-08 4.11533848e-08 4.61073344e-08 4.61732327e-08
   4.59827878e-08 2.09828070e-08 4.23582409e-08 4.60840614e-08
   4.53002449e-08 1.46603234e-07 4.10871846e-08 4.26710662e-08
   2.26751928e-08 4.61406566e-08 4.47613214e-08 1.45410677e-07
   4.60180657e-08 3.47259527e-08 4.53518927e-08 1.35614702e-07
   2.35185970e-08 4.56378698e-08 4.53190499e-08 2.14455939e-08
   3.80640049e-08 4.57967244e-08 4.63152270e-08 4.57802142e-08
   4.60266060e-08 3.60814226e-08 3.75128420e-08 4.61547680e-08
   8.89507816e-08 4.62418099e-08 2.17973121e-08 2.32780124e-08
   4.60619727e-08 4.60193413e-08 2.10896550e-08 4.48449851e-08
   1.44843352e-07 4.13068365e-08 2.18433891e-08 2.38179776e-08
   4.62426000e-08 2.06586376e-08 6.57965758e-08 4.62113034e-08
   4.37575200e-08 3.49931115e-08 4.54809927e-08 2.45192851e-08
   4.63056567e-08 1.43719661e-07 4.16265157e-08 4.32708614e-08
   4.59828277e-08 4.61800096e-08 2.61375619e-08 4.29649769e-08
   1.33720516e-07 4.61843552e-08 4.59822428e-08 3.67257812e-08
   4.61855732e-08 4.62716213e-08 4.59893149e-08 4.55367627e-08
   3.00043168e-08 4.62425996e-08 9.71306953e-08 4.61410692e-08
   1.31741594e-07 6.15279392e-08 4.59280123e-08 4.57333645e-08
   4.59490185e-08 4.61960042e-08 3.36114902e-08 3.90349786e-08]
  [4.60304413e-08 4.57047434e-08 4.59175692e-08 4.60399475e-08
   4.34276794e-08 4.40314683e-08 4.55312246e-08 2.12995980e-08
   4.59752617e-08 4.13787987e-08 1.48729780e-07 4.55904361e-08
   4.55327818e-08 4.52163774e-08 4.35757274e-08 4.54591241e-08
   4.54523070e-08 4.58312233e-08 4.56294151e-08 2.10881894e-08
   4.01549961e-08 4.20052234e-08 4.58927438e-08 4.58314901e-08
   1.40566590e-07 4.57282767e-08 4.44390681e-08 3.44965663e-08
   4.43434428e-08 5.09593551e-08 2.99292957e-08 2.59907439e-08
   4.48601356e-08 4.57617233e-08 1.50913746e-07 7.13696092e-08
   2.79554376e-08 4.07357838e-08 4.57974994e-08 4.06503812e-08
   5.65413218e-08 4.08899845e-08 4.57685898e-08 4.58361337e-08
   4.56522743e-08 2.12263085e-08 4.20788720e-08 4.57444062e-08
   4.49805851e-08 1.51219380e-07 4.08247162e-08 4.23868788e-08
   2.28049653e-08 4.58015976e-08 4.44488812e-08 1.50268759e-07
   4.56787519e-08 3.57697414e-08 4.50312986e-08 1.41245255e-07
   2.36122172e-08 4.53126322e-08 4.49997616e-08 2.16461198e-08
   3.78444870e-08 4.54688909e-08 4.59766851e-08 4.54534123e-08
   4.56888404e-08 3.58909121e-08 3.73015259e-08 4.58187053e-08
   9.11551552e-08 4.59031852e-08 2.19762069e-08 2.39039830e-08
   4.57309504e-08 4.56875209e-08 2.13268743e-08 4.45329228e-08
   1.49740704e-07 4.10404359e-08 2.23786743e-08 2.38988250e-08
   4.59070952e-08 2.10616010e-08 6.75399538e-08 4.58765669e-08
   4.34584112e-08 3.48203794e-08 4.51580506e-08 2.45752425e-08
   4.59693435e-08 1.48714619e-07 4.13557456e-08 4.29790788e-08
   4.56445730e-08 4.58424491e-08 2.61444203e-08 4.26777333e-08
   1.39456781e-07 4.58476439e-08 4.56430206e-08 3.65252524e-08
   4.58496455e-08 4.59356547e-08 4.56591100e-08 4.52141777e-08
   2.99218655e-08 4.59038411e-08 9.95015156e-08 4.58033826e-08
   1.37578320e-07 6.31899242e-08 4.55889393e-08 4.54072631e-08
   4.56184345e-08 4.58588682e-08 3.34608506e-08 3.88006531e-08]
  [4.61634099e-08 4.58333561e-08 4.60506642e-08 4.61730622e-08
   4.35610130e-08 4.41651632e-08 4.56590058e-08 2.12681058e-08
   4.61076476e-08 4.15095112e-08 1.46840831e-07 4.57243978e-08
   4.56664531e-08 4.53510030e-08 4.37087242e-08 4.55863874e-08
   4.55799944e-08 4.59632116e-08 4.57574600e-08 2.09818674e-08
   4.02836269e-08 4.21367595e-08 4.60247392e-08 4.59654247e-08
   1.38920598e-07 4.58613546e-08 4.45725737e-08 3.46097580e-08
   4.44774792e-08 5.03627666e-08 2.96008044e-08 2.60506915e-08
   4.49942825e-08 4.58910176e-08 1.48877956e-07 7.05660041e-08
   2.80329789e-08 4.08653060e-08 4.59269727e-08 4.07800781e-08
   5.58891434e-08 4.10200017e-08 4.58980659e-08 4.59671785e-08
   4.57856806e-08 2.11932813e-08 4.22108527e-08 4.58730821e-08
   4.51147743e-08 1.48975900e-07 4.09546226e-08 4.25190109e-08
   2.28193639e-08 4.59311454e-08 4.45828247e-08 1.47900089e-07
   4.58071277e-08 3.53559403e-08 4.51653884e-08 1.38479824e-07
   2.36417811e-08 4.54463835e-08 4.51342600e-08 2.16320149e-08
   3.79681903e-08 4.56024177e-08 4.61079068e-08 4.55873545e-08
   4.58183250e-08 3.60088914e-08 3.74237942e-08 4.59502207e-08
   9.01547291e-08 4.60337906e-08 2.19707619e-08 2.36944208e-08
   4.58646440e-08 4.58204925e-08 2.12970482e-08 4.46675939e-08
   1.47352201e-07 4.11704171e-08 2.22122205e-08 2.39328669e-08
   4.60396076e-08 2.09570715e-08 6.67747435e-08 4.60092812e-08
   4.35915901e-08 3.49348280e-08 4.52918709e-08 2.46189699e-08
   4.61018608e-08 1.46276378e-07 4.14862215e-08 4.31121041e-08
   4.57734102e-08 4.59732593e-08 2.62059127e-08 4.28105739e-08
   1.36637338e-07 4.59790053e-08 4.57711801e-08 3.66451436e-08
   4.59814794e-08 4.60681129e-08 4.57927385e-08 4.53485490e-08
   3.00131218e-08 4.60343807e-08 9.84158577e-08 4.59338119e-08
   1.34707929e-07 6.24658756e-08 4.57167366e-08 4.55412301e-08
   4.57515616e-08 4.59900558e-08 3.35699349e-08 3.89264323e-08]
  [4.61981009e-08 4.58695692e-08 4.60849896e-08 4.62076826e-08
   4.35881383e-08 4.41938843e-08 4.56952333e-08 2.12296842e-08
   4.61425217e-08 4.15317356e-08 1.46479768e-07 4.57573629e-08
   4.56994388e-08 4.53825426e-08 4.37365530e-08 4.56227072e-08
   4.56160924e-08 4.59979547e-08 4.57937856e-08 2.09286540e-08
   4.03029502e-08 4.21605493e-08 4.60596294e-08 4.59990418e-08
   1.38604300e-07 4.58952056e-08 4.46026315e-08 3.46158712e-08
   4.45069004e-08 5.02252310e-08 2.95084472e-08 2.60345047e-08
   4.50251200e-08 4.59270221e-08 1.48489072e-07 7.03937490e-08
   2.80225843e-08 4.08861397e-08 4.59629664e-08 4.08004225e-08
   5.57421139e-08 4.10409919e-08 4.59339880e-08 4.60024442e-08
   4.58191410e-08 2.11544917e-08 4.22345470e-08 4.59093514e-08
   4.51459268e-08 1.48546882e-07 4.09754548e-08 4.25436301e-08
   2.27912873e-08 4.59671147e-08 4.46126118e-08 1.47446591e-07
   4.58433968e-08 3.52490609e-08 4.51967493e-08 1.37944488e-07
   2.36171092e-08 4.54787335e-08 4.51652693e-08 2.15970843e-08
   3.79819818e-08 4.56353266e-08 4.61434102e-08 4.56199676e-08
   4.58540589e-08 3.60183221e-08 3.74363078e-08 4.59851799e-08
   8.99496890e-08 4.60694466e-08 2.19379234e-08 2.36225755e-08
   4.58981380e-08 4.58543074e-08 2.12587401e-08 4.46971382e-08
   1.46894500e-07 4.11920125e-08 2.21480632e-08 2.39095760e-08
   4.60742397e-08 2.09042142e-08 6.66088474e-08 4.60437196e-08
   4.36189195e-08 3.49416038e-08 4.53237547e-08 2.45981877e-08
   4.61366493e-08 1.45808388e-07 4.15085661e-08 4.31380180e-08
   4.58093799e-08 4.60086656e-08 2.61903783e-08 4.28356288e-08
   1.36090367e-07 4.60141252e-08 4.58074784e-08 3.66560933e-08
   4.60163446e-08 4.61028462e-08 4.58260884e-08 4.53802360e-08
   3.00077985e-08 4.60700761e-08 9.81963901e-08 4.59693248e-08
   1.34149752e-07 6.23070191e-08 4.57530820e-08 4.55737007e-08
   4.57850980e-08 4.60252975e-08 3.35736580e-08 3.89426626e-08]
  [4.60102432e-08 4.56761439e-08 4.58986630e-08 4.60200770e-08
   4.34322770e-08 4.40312040e-08 4.55019388e-08 2.13990992e-08
   4.59540138e-08 4.13971351e-08 1.48438078e-07 4.55766340e-08
   4.55187073e-08 4.52077104e-08 4.35778375e-08 4.54291207e-08
   4.54233848e-08 4.58101187e-08 4.55999985e-08 2.11826215e-08
   4.01810541e-08 4.20191732e-08 4.58711569e-08 4.58155412e-08
   1.40330006e-07 4.57109256e-08 4.44343660e-08 3.45536501e-08
   4.43411754e-08 5.09650798e-08 2.99890791e-08 2.60822211e-08
   4.48533892e-08 4.57343536e-08 1.50589294e-07 7.13299649e-08
   2.80404756e-08 4.07576862e-08 4.57702985e-08 4.06739519e-08
   5.65352569e-08 4.09117386e-08 4.57416277e-08 4.58125744e-08
   4.56364464e-08 2.13259498e-08 4.20934297e-08 4.57156593e-08
   4.49728436e-08 1.50848832e-07 4.08468950e-08 4.23986172e-08
   2.29031081e-08 4.57745420e-08 4.44453732e-08 1.49870187e-07
   4.56497776e-08 3.58132043e-08 4.50228168e-08 1.40763298e-07
   2.37099710e-08 4.53006886e-08 4.49927133e-08 2.17466083e-08
   3.78845790e-08 4.54549567e-08 4.59524571e-08 4.54407513e-08
   4.56625250e-08 3.59408119e-08 3.73446598e-08 4.57965101e-08
   9.10703495e-08 4.58779870e-08 2.20759155e-08 2.39843633e-08
   4.57152209e-08 4.56702147e-08 2.14272477e-08 4.45307247e-08
   1.49338368e-07 4.10602508e-08 2.24653815e-08 2.39952013e-08
   4.58867422e-08 2.11561731e-08 6.75089821e-08 4.58570066e-08
   4.34622425e-08 3.48762320e-08 4.51476740e-08 2.46702678e-08
   4.59484792e-08 1.48302242e-07 4.13735294e-08 4.29873235e-08
   4.56169773e-08 4.58182430e-08 2.62348517e-08 4.26885751e-08
   1.38964040e-07 4.58248041e-08 4.56137828e-08 3.65716769e-08
   4.58280130e-08 4.59149241e-08 4.56438089e-08 4.52048403e-08
   3.00001487e-08 4.58784588e-08 9.93970427e-08 4.57785271e-08
   1.37075927e-07 6.31678943e-08 4.55592533e-08 4.53950859e-08
   4.56021478e-08 4.58354973e-08 3.35226731e-08 3.88344939e-08]
  [4.61005609e-08 4.57734497e-08 4.59876460e-08 4.61101180e-08
   4.34960414e-08 4.41003749e-08 4.55995808e-08 2.12746967e-08
   4.60451835e-08 4.14448494e-08 1.47834885e-07 4.56605251e-08
   4.56027434e-08 4.52863863e-08 4.36440999e-08 4.55272932e-08
   4.55205836e-08 4.59009312e-08 4.56979159e-08 2.10247215e-08
   4.02194468e-08 4.20720024e-08 4.59624969e-08 4.59017378e-08
   1.39778224e-07 4.57982115e-08 4.45082143e-08 3.45508809e-08
   4.44126712e-08 5.06555689e-08 2.97551450e-08 2.60145393e-08
   4.49297567e-08 4.58306530e-08 1.49955527e-07 7.09676538e-08
   2.79890073e-08 4.08009805e-08 4.58665044e-08 4.07155505e-08
   5.62112289e-08 4.09554432e-08 4.58375760e-08 4.59055887e-08
   4.57222483e-08 2.12005752e-08 4.21458374e-08 4.58131604e-08
   4.50503075e-08 1.50172908e-07 4.08900876e-08 4.24541153e-08
   2.28042717e-08 4.58706238e-08 4.45181544e-08 1.49169777e-07
   4.57473769e-08 3.55540575e-08 4.51010256e-08 1.39984092e-07
   2.36194961e-08 4.53824633e-08 4.50695837e-08 2.16301931e-08
   3.79054373e-08 4.55387708e-08 4.60462917e-08 4.55233967e-08
   4.57577681e-08 3.59482214e-08 3.73615227e-08 4.58882792e-08
   9.06607436e-08 4.59725686e-08 2.19649364e-08 2.37885891e-08
   4.58010617e-08 4.57573969e-08 2.13027254e-08 4.46024617e-08
   1.48633559e-07 4.11060117e-08 2.22848411e-08 2.39086003e-08
   4.59770035e-08 2.09990426e-08 6.71561859e-08 4.59465076e-08
   4.35267523e-08 3.48754347e-08 4.52277916e-08 2.45902170e-08
   4.60392974e-08 1.47586933e-07 4.14217177e-08 4.30470202e-08
   4.57132934e-08 4.59118447e-08 2.61691276e-08 4.27453981e-08
   1.38174069e-07 4.59171953e-08 4.57115622e-08 3.65837954e-08
   4.59193249e-08 4.60055694e-08 4.57291519e-08 4.52841143e-08
   2.99631579e-08 4.59732095e-08 9.89675544e-08 4.58726486e-08
   1.36275369e-07 6.28254869e-08 4.56573469e-08 4.54772204e-08
   4.56883080e-08 4.59283774e-08 3.35126865e-08 3.88631037e-08]]

 [[1.32375571e-10 1.23820109e-10 1.32597298e-10 1.32813162e-10
   1.37364213e-10 1.36412567e-10 1.22087155e-10 2.62503859e-10
   1.31086839e-10 1.39309820e-10 3.61104764e-09 1.34594478e-10
   1.33867261e-10 1.36638466e-10 1.35519161e-10 1.21131192e-10
   1.21648545e-10 1.30013720e-10 1.22737656e-10 3.22229272e-10
   1.41176402e-10 1.38204790e-10 1.30143808e-10 1.34505322e-10
   3.19810295e-09 1.32429814e-10 1.34588234e-10 1.53898130e-10
   1.36528487e-10 9.13620905e-10 5.38176906e-10 1.97005738e-10
   1.35836489e-10 1.25002161e-10 3.80861115e-09 1.28849312e-09
   1.83071858e-10 1.39395327e-10 1.25400827e-10 1.41178612e-10
   9.99670108e-10 1.40418719e-10 1.25351599e-10 1.28220027e-10
   1.33198488e-10 2.64555142e-10 1.39492043e-10 1.24049277e-10
   1.35747518e-10 4.03610713e-09 1.40582685e-10 1.38315193e-10
   2.27193007e-10 1.25496519e-10 1.36073839e-10 4.15488444e-09
   1.23411430e-10 6.40791541e-10 1.35365890e-10 4.38920477e-09
   2.19608825e-10 1.34088586e-10 1.36594605e-10 2.53107243e-10
   1.46082947e-10 1.33453308e-10 1.28889205e-10 1.34533683e-10
   1.25141453e-10 1.49497817e-10 1.47564853e-10 1.29145172e-10
   1.72161281e-09 1.27606470e-10 2.43578744e-10 4.12222608e-10
   1.33911093e-10 1.32089396e-10 2.64180297e-10 1.38220932e-10
   4.15852840e-09 1.38771779e-10 3.72224723e-10 2.13691802e-10
   1.31263720e-10 3.21072301e-10 1.20984954e-09 1.31718460e-10
   1.36704188e-10 1.53668717e-10 1.34424357e-10 2.07993424e-10
   1.31337306e-10 4.18274090e-09 1.38291070e-10 1.38342643e-10
   1.23917200e-10 1.27786344e-10 1.93713797e-10 1.39324738e-10
   4.41412185e-09 1.28837070e-10 1.22937599e-10 1.47645750e-10
   1.29812251e-10 1.31195491e-10 1.33704338e-10 1.35953555e-10
   1.73834332e-10 1.27464431e-10 1.91415653e-09 1.27030290e-10
   4.43445980e-09 1.13946341e-09 1.22313842e-10 1.34697877e-10
   1.32495879e-10 1.28567525e-10 1.56917954e-10 1.42941250e-10]
  [1.31520599e-10 1.23003069e-10 1.31744080e-10 1.31956043e-10
   1.36550425e-10 1.35588939e-10 1.21280430e-10 2.61583642e-10
   1.30237607e-10 1.38530461e-10 3.60281255e-09 1.33741727e-10
   1.33019233e-10 1.35787537e-10 1.34709594e-10 1.20329127e-10
   1.20844581e-10 1.29171901e-10 1.21925982e-10 3.21134217e-10
   1.40412846e-10 1.37417300e-10 1.29300108e-10 1.33647628e-10
   3.18987225e-09 1.31582175e-10 1.33762383e-10 1.53179515e-10
   1.35697433e-10 9.10642407e-10 5.36398072e-10 1.96243393e-10
   1.34996932e-10 1.24179356e-10 3.80068734e-09 1.28437584e-09
   1.82334649e-10 1.38627801e-10 1.24575776e-10 1.40405552e-10
   9.96427058e-10 1.39644297e-10 1.24527170e-10 1.27384219e-10
   1.32349699e-10 2.63628678e-10 1.38697502e-10 1.23230351e-10
   1.34905053e-10 4.02893325e-09 1.39808912e-10 1.37519777e-10
   2.26367496e-10 1.24671092e-10 1.35242460e-10 4.14828587e-09
   1.22596420e-10 6.38682193e-10 1.34524035e-10 4.38523937e-09
   2.18797716e-10 1.33244634e-10 1.35748753e-10 2.52210112e-10
   1.45341015e-10 1.32607777e-10 1.28047566e-10 1.33684803e-10
   1.24319855e-10 1.48774657e-10 1.46826337e-10 1.28306272e-10
   1.71626836e-09 1.26771445e-10 2.42709480e-10 4.10847821e-10
   1.33057682e-10 1.31243901e-10 2.63253356e-10 1.37379647e-10
   4.15208657e-09 1.38001009e-10 3.70976045e-10 2.12897714e-10
   1.30415538e-10 3.19980649e-10 1.20596683e-09 1.30869651e-10
   1.35892153e-10 1.52946049e-10 1.33582983e-10 2.07210274e-10
   1.30487310e-10 4.17663243e-09 1.37515824e-10 1.37534640e-10
   1.23100999e-10 1.26951891e-10 1.92961440e-10 1.38518798e-10
   4.41058404e-09 1.27998642e-10 1.22124932e-10 1.46919625e-10
   1.28970732e-10 1.30346669e-10 1.32853405e-10 1.35105107e-10
   1.73105139e-10 1.26629553e-10 1.90831402e-09 1.26199286e-10
   4.43134318e-09 1.13578819e-09 1.21504675e-10 1.33849586e-10
   1.31650293e-10 1.27730093e-10 1.56203336e-10 1.42195272e-10]
  [1.31113626e-10 1.22619746e-10 1.31336878e-10 1.31547886e-10
   1.36136932e-10 1.35176752e-10 1.20902241e-10 2.60763067e-10
   1.29834173e-10 1.38114701e-10 3.59199361e-09 1.33330249e-10
   1.32609990e-10 1.35371768e-10 1.34300900e-10 1.19953611e-10
   1.20467576e-10 1.28771728e-10 1.21545682e-10 3.20111525e-10
   1.39992971e-10 1.37003857e-10 1.28899425e-10 1.33235727e-10
   3.18001320e-09 1.31176100e-10 1.33354132e-10 1.52722786e-10
   1.35284157e-10 9.07642325e-10 5.34646551e-10 1.95645171e-10
   1.34584355e-10 1.23792606e-10 3.78949940e-09 1.28015679e-09
   1.81782821e-10 1.38212441e-10 1.24187891e-10 1.39985236e-10
   9.93144632e-10 1.39225941e-10 1.24139450e-10 1.26988742e-10
   1.31941794e-10 2.62801488e-10 1.38280281e-10 1.22846292e-10
   1.34492307e-10 4.01743545e-09 1.39390172e-10 1.37105514e-10
   2.25666078e-10 1.24282926e-10 1.34830241e-10 4.13668214e-09
   1.22214270e-10 6.36586632e-10 1.34112227e-10 4.37388858e-09
   2.18123300e-10 1.32835370e-10 1.35333703e-10 2.51422734e-10
   1.44907997e-10 1.32199698e-10 1.27649938e-10 1.33273953e-10
   1.23932940e-10 1.48331444e-10 1.46389100e-10 1.27908398e-10
   1.71067661e-09 1.26377485e-10 2.41953216e-10 4.09520309e-10
   1.32647621e-10 1.30838792e-10 2.62428092e-10 1.36961429e-10
   4.14051988e-09 1.37587119e-10 3.69783640e-10 2.12242259e-10
   1.30011862e-10 3.18961973e-10 1.20200121e-09 1.30464960e-10
   1.35480402e-10 1.52490245e-10 1.33173316e-10 2.06574633e-10
   1.30083220e-10 4.16510730e-09 1.37102895e-10 1.37119280e-10
   1.22717436e-10 1.26557531e-10 1.92373401e-10 1.38101190e-10
   4.39931113e-09 1.27601476e-10 1.21744071e-10 1.46481974e-10
   1.28571097e-10 1.29943043e-10 1.32444088e-10 1.34691187e-10
   1.72584549e-10 1.26235870e-10 1.90212744e-09 1.25807025e-10
   4.42015807e-09 1.13205011e-09 1.21125715e-10 1.33438474e-10
   1.31244311e-10 1.27333685e-10 1.55736967e-10 1.41771066e-10]
  [1.31006182e-10 1.22521504e-10 1.31228786e-10 1.31439947e-10
   1.36017284e-10 1.35059347e-10 1.20805508e-10 2.60523418e-10
   1.29728075e-10 1.37989728e-10 3.59051487e-09 1.33218877e-10
   1.32499148e-10 1.35257034e-10 1.34183381e-10 1.19857897e-10
   1.20371234e-10 1.28666441e-10 1.21448585e-10 3.19819170e-10
   1.39864694e-10 1.36880869e-10 1.28794172e-10 1.33125111e-10
   3.17822809e-09 1.31067525e-10 1.33239624e-10 1.52579086e-10
   1.35167379e-10 9.06841398e-10 5.34163480e-10 1.95462437e-10
   1.34469464e-10 1.23693173e-10 3.78834055e-09 1.27906687e-09
   1.81612320e-10 1.38086558e-10 1.24088073e-10 1.39857578e-10
   9.92276702e-10 1.39099270e-10 1.24039623e-10 1.26885626e-10
   1.31832133e-10 2.62559969e-10 1.38156235e-10 1.22747921e-10
   1.34377908e-10 4.01687034e-09 1.39263247e-10 1.36982973e-10
   2.25457286e-10 1.24183006e-10 1.34714115e-10 4.13653741e-09
   1.22116444e-10 6.36014881e-10 1.33998335e-10 4.37551677e-09
   2.17920996e-10 1.32723706e-10 1.35218421e-10 2.51191124e-10
   1.44773155e-10 1.32089255e-10 1.27546466e-10 1.33162197e-10
   1.23833067e-10 1.48192323e-10 1.46252489e-10 1.27804103e-10
   1.70928958e-09 1.26275272e-10 2.41730112e-10 4.09148273e-10
   1.32537399e-10 1.30730539e-10 2.62186928e-10 1.36843244e-10
   4.14046961e-09 1.37462216e-10 3.69447043e-10 2.12045205e-10
   1.29905314e-10 3.18670589e-10 1.20097040e-09 1.30357711e-10
   1.35361479e-10 1.52346859e-10 1.33060815e-10 2.06382405e-10
   1.29976822e-10 4.16527169e-09 1.36978908e-10 1.36997796e-10
   1.22618944e-10 1.26454960e-10 1.92193653e-10 1.37978226e-10
   4.40123102e-09 1.27497664e-10 1.21646752e-10 1.46344857e-10
   1.28466050e-10 1.29836704e-10 1.32333916e-10 1.34577159e-10
   1.72422204e-10 1.26133914e-10 1.90063023e-09 1.25705254e-10
   4.42236800e-09 1.13107003e-09 1.21028921e-10 1.33326375e-10
   1.31135375e-10 1.27230189e-10 1.55590224e-10 1.41639829e-10]
  [1.31845718e-10 1.23312288e-10 1.32068805e-10 1.32282042e-10
   1.36864967e-10 1.35906262e-10 1.21585653e-10 2.61955617e-10
   1.30560347e-10 1.38834444e-10 3.60581048e-09 1.34067305e-10
   1.33343027e-10 1.36113490e-10 1.35022093e-10 1.20632435e-10
   1.21148774e-10 1.29491872e-10 1.22233007e-10 3.21575527e-10
   1.40712116e-10 1.37723605e-10 1.29620702e-10 1.33974657e-10
   3.19297081e-09 1.31905145e-10 1.34079660e-10 1.53466156e-10
   1.36017145e-10 9.11821398e-10 5.37108276e-10 1.96551612e-10
   1.35319019e-10 1.24490948e-10 3.80348522e-09 1.28599612e-09
   1.82632161e-10 1.38927879e-10 1.24888251e-10 1.40708003e-10
   9.97708415e-10 1.39946979e-10 1.24839445e-10 1.27701444e-10
   1.32673397e-10 2.64003174e-10 1.39006541e-10 1.23540248e-10
   1.35228002e-10 4.03130905e-09 1.40111429e-10 1.37828718e-10
   2.26701561e-10 1.24983734e-10 1.35562091e-10 4.15035040e-09
   1.22904808e-10 6.39521741e-10 1.34846623e-10 4.38594082e-09
   2.19125967e-10 1.33567291e-10 1.36073121e-10 2.52572983e-10
   1.45634182e-10 1.32930610e-10 1.28366868e-10 1.34009172e-10
   1.24631194e-10 1.49062042e-10 1.47118673e-10 1.28624929e-10
   1.71835973e-09 1.27088087e-10 2.43061129e-10 4.11399321e-10
   1.33383133e-10 1.31566049e-10 2.63628072e-10 1.37703273e-10
   4.15407312e-09 1.38301977e-10 3.71477899e-10 2.13219055e-10
   1.30738067e-10 3.20420631e-10 1.20749630e-09 1.31192604e-10
   1.36205892e-10 1.53234092e-10 1.33905001e-10 2.07527143e-10
   1.30810409e-10 4.17844881e-09 1.37818126e-10 1.37847675e-10
   1.23410054e-10 1.27268478e-10 1.93265572e-10 1.38831511e-10
   4.41106517e-09 1.28316986e-10 1.22432368e-10 1.47207658e-10
   1.29290512e-10 1.30669351e-10 1.33177999e-10 1.35429999e-10
   1.73398669e-10 1.26946071e-10 1.91059308e-09 1.26514442e-10
   4.43160726e-09 1.13723795e-09 1.21810733e-10 1.34173850e-10
   1.31972680e-10 1.28047984e-10 1.56489085e-10 1.42489059e-10]
  [1.31943756e-10 1.23405374e-10 1.32166755e-10 1.32380342e-10
   1.36960680e-10 1.36002596e-10 1.21677534e-10 2.62085207e-10
   1.30657650e-10 1.38927693e-10 3.60714541e-09 1.34165648e-10
   1.33440831e-10 1.36212108e-10 1.35117097e-10 1.20723730e-10
   1.21240367e-10 1.29588360e-10 1.22325425e-10 3.21731650e-10
   1.40804418e-10 1.37817310e-10 1.29717361e-10 1.34073373e-10
   3.19425060e-09 1.32002613e-10 1.34175821e-10 1.53557245e-10
   1.36114120e-10 9.12252041e-10 5.37364577e-10 1.96654923e-10
   1.35416540e-10 1.24584778e-10 3.80481330e-09 1.28659455e-09
   1.82730603e-10 1.39020166e-10 1.24982345e-10 1.40801095e-10
   9.98177896e-10 1.40040032e-10 1.24933486e-10 1.27797048e-10
   1.32771125e-10 2.64133688e-10 1.39101083e-10 1.23633530e-10
   1.35325748e-10 4.03258722e-09 1.40204459e-10 1.37923096e-10
   2.26816195e-10 1.25077885e-10 1.35658996e-10 4.15158246e-09
   1.22997636e-10 6.39826014e-10 1.34944240e-10 4.38691615e-09
   2.19237862e-10 1.33664823e-10 1.36171315e-10 2.52698743e-10
   1.45725658e-10 1.33028136e-10 1.28463064e-10 1.34107191e-10
   1.24724977e-10 1.49152641e-10 1.47210151e-10 1.28720987e-10
   1.71914296e-09 1.27183468e-10 2.43182681e-10 4.11596784e-10
   1.33481383e-10 1.31663281e-10 2.63758544e-10 1.37801414e-10
   4.15528878e-09 1.38394411e-10 3.71656844e-10 2.13328366e-10
   1.30835329e-10 3.20576235e-10 1.20805998e-09 1.31290008e-10
   1.36301331e-10 1.53325465e-10 1.34002389e-10 2.07634392e-10
   1.30907830e-10 4.17963163e-09 1.37910840e-10 1.37943103e-10
   1.23503129e-10 1.27363876e-10 1.93367411e-10 1.38926960e-10
   4.41199616e-09 1.28412940e-10 1.22524910e-10 1.47298137e-10
   1.29386920e-10 1.30766649e-10 1.33276010e-10 1.35528273e-10
   1.73494587e-10 1.27041416e-10 1.91145359e-09 1.26609395e-10
   4.43249368e-09 1.13777078e-09 1.21902846e-10 1.34271850e-10
   1.32070005e-10 1.28143788e-10 1.56580441e-10 1.42580254e-10]
  [1.31165621e-10 1.22675128e-10 1.31387673e-10 1.31599775e-10
   1.36163670e-10 1.35208788e-10 1.20957251e-10 2.60619386e-10
   1.29886605e-10 1.38125882e-10 3.59042584e-09 1.33376731e-10
   1.32656129e-10 1.35413494e-10 1.34329532e-10 1.20008867e-10
   1.20522365e-10 1.28823498e-10 1.21601301e-10 3.19925626e-10
   1.39995530e-10 1.37019806e-10 1.28951677e-10 1.33284309e-10
   3.17845110e-09 1.31225047e-10 1.33390465e-10 1.52689627e-10
   1.35318690e-10 9.07098797e-10 5.34323523e-10 1.95557108e-10
   1.34623358e-10 1.23847676e-10 3.78799823e-09 1.27940431e-09
   1.81709049e-10 1.38219426e-10 1.24242992e-10 1.39991017e-10
   9.92553092e-10 1.39233502e-10 1.24194383e-10 1.27041969e-10
   1.31989599e-10 2.62656428e-10 1.38296395e-10 1.22901943e-10
   1.34532580e-10 4.01610517e-09 1.39397222e-10 1.37124008e-10
   2.25549622e-10 1.24337962e-10 1.34865752e-10 4.13548925e-09
   1.22269746e-10 6.36202126e-10 1.34153028e-10 4.37339132e-09
   2.18014487e-10 1.32879494e-10 1.35373590e-10 2.51286969e-10
   1.44895143e-10 1.32245731e-10 1.27704081e-10 1.33319073e-10
   1.23987155e-10 1.48306891e-10 1.46372664e-10 1.27960825e-10
   1.70969356e-09 1.26431768e-10 2.41824125e-10 4.09275372e-10
   1.32695742e-10 1.30887621e-10 2.62283836e-10 1.36996493e-10
   4.13936548e-09 1.37596304e-10 3.69564382e-10 2.12137609e-10
   1.30063483e-10 3.18776865e-10 1.20129219e-09 1.30515867e-10
   1.35507718e-10 1.52458746e-10 1.33215795e-10 2.06475609e-10
   1.30135426e-10 4.16403608e-09 1.37114453e-10 1.37142166e-10
   1.22772195e-10 1.26611155e-10 1.92287505e-10 1.38121560e-10
   4.39893808e-09 1.27654396e-10 1.21799634e-10 1.46461402e-10
   1.28623166e-10 1.29995067e-10 1.32491689e-10 1.34733297e-10
   1.72522891e-10 1.26290409e-10 1.90104896e-09 1.25860905e-10
   4.41991199e-09 1.13137897e-09 1.21181236e-10 1.33483043e-10
   1.31292310e-10 1.27386817e-10 1.55697680e-10 1.41764772e-10]
  [1.31559727e-10 1.23044761e-10 1.31782322e-10 1.31995156e-10
   1.36567521e-10 1.35611162e-10 1.21321827e-10 2.61310970e-10
   1.30277089e-10 1.38531238e-10 3.59713425e-09 1.33776511e-10
   1.33053807e-10 1.35818281e-10 1.34728682e-10 1.20370653e-10
   1.20885723e-10 1.29210832e-10 1.21967779e-10 3.20770171e-10
   1.40403592e-10 1.37423368e-10 1.29339424e-10 1.33684118e-10
   3.18510595e-09 1.31619007e-10 1.33788573e-10 1.53120755e-10
   1.35721885e-10 9.09456711e-10 5.35727586e-10 1.96086532e-10
   1.35025462e-10 1.24220768e-10 3.79448038e-09 1.28266785e-09
   1.82205300e-10 1.38623851e-10 1.24617245e-10 1.40400004e-10
   9.95120761e-10 1.39640905e-10 1.24568505e-10 1.27424280e-10
   1.32385599e-10 2.63353283e-10 1.38703549e-10 1.23272255e-10
   1.34934642e-10 4.02200241e-09 1.39804938e-10 1.37528555e-10
   2.26152369e-10 1.24712497e-10 1.35267880e-10 4.14092390e-09
   1.22638181e-10 6.37870024e-10 1.34554100e-10 4.37658828e-09
   2.18598862e-10 1.33277506e-10 1.35777963e-10 2.51955067e-10
   1.45311815e-10 1.32642200e-10 1.28088384e-10 1.33718484e-10
   1.24360645e-10 1.48728966e-10 1.46792235e-10 1.28345772e-10
   1.71394176e-09 1.26812363e-10 2.42467973e-10 4.10352914e-10
   1.33093824e-10 1.31280579e-10 2.62979821e-10 1.37404523e-10
   4.14466960e-09 1.37999618e-10 3.70538194e-10 2.12707070e-10
   1.30454407e-10 3.19618464e-10 1.20436863e-09 1.30908015e-10
   1.35909879e-10 1.52889839e-10 1.33614493e-10 2.07031378e-10
   1.30526601e-10 4.16906273e-09 1.37517098e-10 1.37547843e-10
   1.23142136e-10 1.26992251e-10 1.92808582e-10 1.38529361e-10
   4.40175529e-09 1.28038484e-10 1.22166707e-10 1.46879775e-10
   1.29009968e-10 1.30385834e-10 1.32889095e-10 1.35136258e-10
   1.72998262e-10 1.26670609e-10 1.90570060e-09 1.26239838e-10
   4.42234859e-09 1.13429040e-09 1.21546490e-10 1.33882831e-10
   1.31686346e-10 1.27770116e-10 1.56134882e-10 1.42174963e-10]
  [1.31434274e-10 1.22923641e-10 1.31657362e-10 1.31869392e-10
   1.36456000e-10 1.35496106e-10 1.21202184e-10 2.61374044e-10
   1.30152286e-10 1.38432010e-10 3.60040428e-09 1.33652769e-10
   1.32930740e-10 1.35696264e-10 1.34616798e-10 1.20251625e-10
   1.20766560e-10 1.29087208e-10 1.21847383e-10 3.20876300e-10
   1.40311636e-10 1.37320437e-10 1.29215425e-10 1.33559134e-10
   3.18762454e-09 1.31495230e-10 1.33671584e-10 1.53063483e-10
   1.35604946e-10 9.09922389e-10 5.35968865e-10 1.96088363e-10
   1.34905745e-10 1.24098971e-10 3.79824347e-09 1.28337377e-09
   1.82191642e-10 1.38528578e-10 1.24495115e-10 1.40304874e-10
   9.95642043e-10 1.39544459e-10 1.24446500e-10 1.27301113e-10
   1.32261986e-10 2.63417427e-10 1.38599751e-10 1.23150817e-10
   1.34814149e-10 4.02650228e-09 1.39708877e-10 1.37423274e-10
   2.26186873e-10 1.24590341e-10 1.35150478e-10 4.14588815e-09
   1.22517315e-10 6.38172814e-10 1.34433499e-10 4.38313131e-09
   2.18623582e-10 1.33155596e-10 1.35657181e-10 2.52008304e-10
   1.45233791e-10 1.32519543e-10 1.27964184e-10 1.33595637e-10
   1.24239178e-10 1.48663111e-10 1.46717490e-10 1.28222336e-10
   1.71494996e-09 1.26689026e-10 2.42515395e-10 4.10518046e-10
   1.32969519e-10 1.31157163e-10 2.63042464e-10 1.37286078e-10
   4.14970911e-09 1.37902596e-10 3.70678093e-10 2.12728388e-10
   1.30329929e-10 3.19723662e-10 1.20502349e-09 1.30783592e-10
   1.35798293e-10 1.52830451e-10 1.33493414e-10 2.07045824e-10
   1.30401761e-10 4.17429219e-09 1.37418143e-10 1.37438862e-10
   1.23021322e-10 1.26869177e-10 1.92809062e-10 1.38421896e-10
   4.40853128e-09 1.27915024e-10 1.22046175e-10 1.46810032e-10
   1.28886258e-10 1.30261185e-10 1.32765286e-10 1.35014389e-10
   1.72970540e-10 1.26547274e-10 1.90686038e-09 1.26117171e-10
   4.42934774e-09 1.13489694e-09 1.21426386e-10 1.33760210e-10
   1.31563110e-10 1.27646729e-10 1.56084193e-10 1.42091340e-10]
  [1.31250943e-10 1.22752444e-10 1.31473630e-10 1.31685486e-10
   1.36261942e-10 1.35304491e-10 1.21033349e-10 2.60866950e-10
   1.29970767e-10 1.38230949e-10 3.59298865e-09 1.33465835e-10
   1.32744802e-10 1.35505894e-10 1.34425752e-10 1.20084109e-10
   1.20598223e-10 1.28907076e-10 1.21677667e-10 3.20232493e-10
   1.40104884e-10 1.37122425e-10 1.29035171e-10 1.33372565e-10
   3.18096646e-09 1.31311568e-10 1.33483254e-10 1.52820056e-10
   1.35413595e-10 9.07968228e-10 5.34840146e-10 1.95737226e-10
   1.34716141e-10 1.23926056e-10 3.79049347e-09 1.28060998e-09
   1.81874155e-10 1.38325968e-10 1.24321674e-10 1.40099293e-10
   9.93500192e-10 1.39340615e-10 1.24273097e-10 1.27123594e-10
   1.32077139e-10 2.62906001e-10 1.38399922e-10 1.22979334e-10
   1.34624833e-10 4.01840397e-09 1.39504631e-10 1.37225849e-10
   2.25761604e-10 1.24416746e-10 1.34959968e-10 4.13762680e-09
   1.22346700e-10 6.36816441e-10 1.34244797e-10 4.37470675e-09
   2.18218257e-10 1.32969079e-10 1.35466627e-10 2.51524814e-10
   1.45013207e-10 1.32334120e-10 1.27785873e-10 1.33408631e-10
   1.24065989e-10 1.48431279e-10 1.46493001e-10 1.28043489e-10
   1.71126815e-09 1.26512499e-10 2.42052584e-10 4.09670374e-10
   1.32783717e-10 1.30973919e-10 2.62532832e-10 1.37092493e-10
   4.14145527e-09 1.37701637e-10 3.69920398e-10 2.12335582e-10
   1.30148094e-10 3.19082599e-10 1.20242818e-09 1.30601100e-10
   1.35605295e-10 1.52588472e-10 1.33306236e-10 2.06667492e-10
   1.30219868e-10 4.16602504e-09 1.37218629e-10 1.37242511e-10
   1.22849847e-10 1.26692289e-10 1.92464449e-10 1.38223515e-10
   4.40010967e-09 1.27736627e-10 1.21876183e-10 1.46583130e-10
   1.28706478e-10 1.30079472e-10 1.32579693e-10 1.34825045e-10
   1.72677244e-10 1.26370929e-10 1.90277629e-09 1.25941349e-10
   4.42093786e-09 1.13245361e-09 1.21257310e-10 1.33572927e-10
   1.31379238e-10 1.27468748e-10 1.55832313e-10 1.41878361e-10]
  [1.32724518e-10 1.24147813e-10 1.32946681e-10 1.33163207e-10
   1.37722846e-10 1.36769366e-10 1.22410432e-10 2.63203396e-10
   1.31432614e-10 1.39672096e-10 3.61921776e-09 1.34948347e-10
   1.34219271e-10 1.36996868e-10 1.35873392e-10 1.21452062e-10
   1.21970746e-10 1.30356724e-10 1.23062641e-10 3.23096934e-10
   1.41542894e-10 1.38564622e-10 1.30487188e-10 1.34859215e-10
   3.20582520e-09 1.32778557e-10 1.34940946e-10 1.54296847e-10
   1.36885839e-10 9.16132851e-10 5.39652403e-10 1.97521634e-10
   1.36192598e-10 1.25332865e-10 3.81682563e-09 1.29200354e-09
   1.83549423e-10 1.39757593e-10 1.25732539e-10 1.41545241e-10
   1.00241343e-09 1.40783539e-10 1.25683185e-10 1.28558682e-10
   1.33549020e-10 2.65260260e-10 1.39855090e-10 1.24377587e-10
   1.36103545e-10 4.04415343e-09 1.40947887e-10 1.38675498e-10
   2.27793751e-10 1.25828475e-10 1.36430165e-10 4.16273601e-09
   1.23738100e-10 6.42553310e-10 1.35721018e-10 4.39576987e-09
   2.20187552e-10 1.34440921e-10 1.36952699e-10 2.53779579e-10
   1.46461365e-10 1.33804265e-10 1.29229632e-10 1.34887239e-10
   1.25472445e-10 1.49885058e-10 1.47946995e-10 1.29486088e-10
   1.72622950e-09 1.27943667e-10 2.44225003e-10 4.13344331e-10
   1.34263457e-10 1.32437269e-10 2.64883911e-10 1.38582542e-10
   4.16629562e-09 1.39132602e-10 3.73233731e-10 2.14254619e-10
   1.31609854e-10 3.21936661e-10 1.21315303e-09 1.32065644e-10
   1.37061245e-10 1.54066709e-10 1.34777332e-10 2.08540062e-10
   1.31683684e-10 4.19034493e-09 1.38650848e-10 1.38703368e-10
   1.24245141e-10 1.28123953e-10 1.94221051e-10 1.39687702e-10
   4.42045152e-09 1.29177260e-10 1.23263091e-10 1.48028228e-10
   1.30154784e-10 1.31541503e-10 1.34056115e-10 1.36310311e-10
   1.74286284e-10 1.27801303e-10 1.91924085e-09 1.27366018e-10
   4.44054863e-09 1.14258249e-09 1.22637734e-10 1.35051773e-10
   1.32844684e-10 1.28907036e-10 1.57324733e-10 1.43311903e-10]
  [1.31283521e-10 1.22781513e-10 1.31506497e-10 1.31718183e-10
   1.36301708e-10 1.35342619e-10 1.21061927e-10 2.61032315e-10
   1.30002841e-10 1.38275702e-10 3.59593814e-09 1.33500219e-10
   1.32778981e-10 1.35541948e-10 1.34464401e-10 1.20112350e-10
   1.20626795e-10 1.28938972e-10 1.21706369e-10 3.20443781e-10
   1.40153000e-10 1.37165382e-10 1.29066996e-10 1.33406476e-10
   3.18345102e-09 1.31344726e-10 1.33519805e-10 1.52886595e-10
   1.35451210e-10 9.08604995e-10 5.35208897e-10 1.95847021e-10
   1.34752465e-10 1.23955635e-10 3.79371212e-09 1.28151833e-09
   1.81971216e-10 1.38372048e-10 1.24351355e-10 1.40146397e-10
   9.94199543e-10 1.39386864e-10 1.24302811e-10 1.27154602e-10
   1.32110785e-10 2.63072811e-10 1.38443325e-10 1.23008413e-10
   1.34660880e-10 4.02199194e-09 1.39551087e-10 1.37268097e-10
   2.25898568e-10 1.24446487e-10 1.34997164e-10 4.14143569e-09
   1.22375606e-10 6.37258691e-10 1.34280596e-10 4.37919037e-09
   2.18347925e-10 1.33003784e-10 1.35503042e-10 2.51681925e-10
   1.45068594e-10 1.32368242e-10 1.27816860e-10 1.33443271e-10
   1.24095795e-10 1.48492562e-10 1.46550263e-10 1.28074936e-10
   1.71249767e-09 1.26543034e-10 2.42202658e-10 4.09948382e-10
   1.32817531e-10 1.31007037e-10 2.62699012e-10 1.37130515e-10
   4.14529273e-09 1.37746811e-10 3.70169124e-10 2.12460912e-10
   1.30180384e-10 3.19292958e-10 1.20327942e-09 1.30633639e-10
   1.35644681e-10 1.52654174e-10 1.33341379e-10 2.06787440e-10
   1.30252079e-10 4.16994173e-09 1.37262929e-10 1.37283616e-10
   1.22879170e-10 1.26723076e-10 1.92572014e-10 1.38265636e-10
   4.40468911e-09 1.27767896e-10 1.21904955e-10 1.46642107e-10
   1.28738194e-10 1.30111669e-10 1.32613571e-10 1.34860761e-10
   1.72764558e-10 1.26401408e-10 1.90415419e-09 1.25971840e-10
   4.42560797e-09 1.13325280e-09 1.21285824e-10 1.33607715e-10
   1.31412632e-10 1.27499860e-10 1.55902693e-10 1.41930173e-10]
  [1.31830867e-10 1.23295628e-10 1.32054450e-10 1.32267245e-10
   1.36860698e-10 1.35899754e-10 1.21569063e-10 2.62037189e-10
   1.30545259e-10 1.38836778e-10 3.60685915e-09 1.34054803e-10
   1.33330626e-10 1.36103025e-10 1.35016952e-10 1.20615701e-10
   1.21132276e-10 1.29477013e-10 1.22216204e-10 3.21681576e-10
   1.40718206e-10 1.37723877e-10 1.29605648e-10 1.33961290e-10
   3.19396536e-09 1.31891534e-10 1.34071309e-10 1.53488619e-10
   1.36009623e-10 9.12142510e-10 5.37295928e-10 1.96602121e-10
   1.35309621e-10 1.24474488e-10 3.80453450e-09 1.28644523e-09
   1.82675064e-10 1.38931998e-10 1.24871793e-10 1.40712722e-10
   9.98059110e-10 1.39950900e-10 1.24823057e-10 1.27685899e-10
   1.32660290e-10 2.64085521e-10 1.39006810e-10 1.23523486e-10
   1.35218086e-10 4.03232500e-09 1.40115574e-10 1.37827922e-10
   2.26767687e-10 1.24967312e-10 1.35554139e-10 4.15133164e-09
   1.22888087e-10 6.39746503e-10 1.34836473e-10 4.38670202e-09
   2.19187837e-10 1.33555731e-10 1.36063403e-10 2.52649994e-10
   1.45647201e-10 1.32918244e-10 1.28350966e-10 1.33997223e-10
   1.24615097e-10 1.49080415e-10 1.47133336e-10 1.28609752e-10
   1.71895141e-09 1.27072066e-10 2.43134379e-10 4.11540276e-10
   1.33369927e-10 1.31552481e-10 2.63709959e-10 1.37695604e-10
   4.15504101e-09 1.38305131e-10 3.71603621e-10 2.13278615e-10
   1.30723318e-10 3.20526204e-10 1.20791881e-09 1.31178160e-10
   1.36201349e-10 1.53255785e-10 1.33894124e-10 2.07583601e-10
   1.30795427e-10 4.17938986e-09 1.37820255e-10 1.37845051e-10
   1.23393679e-10 1.27252750e-10 1.93314900e-10 1.38829983e-10
   4.41178508e-09 1.28301598e-10 1.22415596e-10 1.47224165e-10
   1.29275510e-10 1.30654436e-10 1.33165002e-10 1.35419341e-10
   1.73435316e-10 1.26929947e-10 1.91124525e-09 1.26498572e-10
   4.43228441e-09 1.13763688e-09 1.21793936e-10 1.34162130e-10
   1.31959464e-10 1.28032489e-10 1.56514488e-10 1.42499056e-10]
  [1.32086270e-10 1.23538712e-10 1.32309556e-10 1.32523320e-10
   1.37109708e-10 1.36150296e-10 1.21809053e-10 2.62413944e-10
   1.30798799e-10 1.39080034e-10 3.61110537e-09 1.34310714e-10
   1.33585153e-10 1.36359516e-10 1.35264079e-10 1.20854221e-10
   1.21371457e-10 1.29728410e-10 1.22457607e-10 3.22144565e-10
   1.40959624e-10 1.37968055e-10 1.29857527e-10 1.34218258e-10
   3.19801529e-09 1.32145314e-10 1.34321375e-10 1.53731508e-10
   1.36261798e-10 9.13482067e-10 5.38080424e-10 1.96890436e-10
   1.35563255e-10 1.24719398e-10 3.80877753e-09 1.28831814e-09
   1.82946482e-10 1.39173029e-10 1.25117383e-10 1.40955938e-10
   9.99522588e-10 1.40193891e-10 1.25068486e-10 1.27935152e-10
   1.32914676e-10 2.64465149e-10 1.39253155e-10 1.23767098e-10
   1.35472302e-10 4.03644222e-09 1.40358542e-10 1.38073743e-10
   2.27095293e-10 1.25213032e-10 1.35806145e-10 4.15532516e-09
   1.23130533e-10 6.40684161e-10 1.35090368e-10 4.38997430e-09
   2.19505367e-10 1.33809468e-10 1.36318772e-10 2.53013423e-10
   1.45888045e-10 1.33172028e-10 1.28601827e-10 1.34252254e-10
   1.24859792e-10 1.49320596e-10 1.47374648e-10 1.28860106e-10
   1.72141072e-09 1.27320871e-10 2.43484548e-10 4.12136599e-10
   1.33625671e-10 1.31805630e-10 2.64089017e-10 1.37950820e-10
   4.15898736e-09 1.38546391e-10 3.72140479e-10 2.13588134e-10
   1.30976699e-10 3.20987484e-10 1.20968148e-09 1.31431880e-10
   1.36449635e-10 1.53499119e-10 1.34147457e-10 2.07885761e-10
   1.31049251e-10 4.18324336e-09 1.38062089e-10 1.38093428e-10
   1.23636622e-10 1.27501508e-10 1.93598809e-10 1.39078505e-10
   4.41493172e-09 1.28551713e-10 1.22657309e-10 1.47463440e-10
   1.29526747e-10 1.30907932e-10 1.33420101e-10 1.35674958e-10
   1.73696887e-10 1.27178660e-10 1.91395030e-09 1.26746218e-10
   4.43530463e-09 1.13930113e-09 1.22034578e-10 1.34417107e-10
   1.32212816e-10 1.28282258e-10 1.56759221e-10 1.42738424e-10]
  [1.31150774e-10 1.22649476e-10 1.31375010e-10 1.31585306e-10
   1.36195603e-10 1.35230844e-10 1.20931264e-10 2.61064289e-10
   1.29870283e-10 1.38186733e-10 3.59633345e-09 1.33372653e-10
   1.32652203e-10 1.35418805e-10 1.34357076e-10 1.19981930e-10
   1.20496640e-10 1.28807773e-10 1.21574655e-10 3.20495711e-10
   1.40073146e-10 1.37071421e-10 1.28935165e-10 1.33276520e-10
   3.18390701e-09 1.31215471e-10 1.33404024e-10 1.52842282e-10
   1.35336476e-10 9.08787416e-10 5.35315040e-10 1.95845930e-10
   1.34632901e-10 1.23823326e-10 3.79403455e-09 1.28176955e-09
   1.81960219e-10 1.38287952e-10 1.24218787e-10 1.40062763e-10
   9.94397702e-10 1.39301548e-10 1.24170466e-10 1.27022682e-10
   1.31982440e-10 2.63105365e-10 1.38348487e-10 1.22875936e-10
   1.34539895e-10 4.02217063e-09 1.39466281e-10 1.37171095e-10
   2.25916062e-10 1.24313947e-10 1.34881530e-10 4.14150867e-09
   1.22243681e-10 6.37386728e-10 1.34159207e-10 4.37878231e-09
   2.18360076e-10 1.32879232e-10 1.35382050e-10 2.51709144e-10
   1.45004320e-10 1.32241825e-10 1.27683501e-10 1.33317320e-10
   1.23964401e-10 1.48440348e-10 1.46489434e-10 1.27943432e-10
   1.71282282e-09 1.26410212e-10 2.42226845e-10 4.10025065e-10
   1.32688430e-10 1.30878115e-10 2.62730750e-10 1.37014248e-10
   4.14534059e-09 1.37660471e-10 3.70235475e-10 2.12471179e-10
   1.30048668e-10 3.19344520e-10 1.20351636e-09 1.30502498e-10
   1.35538249e-10 1.52608003e-10 1.33218552e-10 2.06793857e-10
   1.30119651e-10 4.16993263e-09 1.37174064e-10 1.37181478e-10
   1.22747819e-10 1.26590931e-10 1.92570077e-10 1.38165903e-10
   4.40419769e-09 1.27635996e-10 1.21773193e-10 1.46586147e-10
   1.28606745e-10 1.29979525e-10 1.32485194e-10 1.34737531e-10
   1.72743825e-10 1.26268374e-10 1.90450818e-09 1.25839807e-10
   4.42503191e-09 1.13347768e-09 1.21154440e-10 1.33482312e-10
   1.31284442e-10 1.27367856e-10 1.55864096e-10 1.41859814e-10]
  [1.31988527e-10 1.23451778e-10 1.32210730e-10 1.32425087e-10
   1.36987336e-10 1.36033258e-10 1.21723549e-10 2.61944144e-10
   1.30702636e-10 1.38942066e-10 3.60475990e-09 1.34206742e-10
   1.33481647e-10 1.36249905e-10 1.35145143e-10 1.20769820e-10
   1.21286201e-10 1.29632809e-10 1.22371885e-10 3.21543697e-10
   1.40811676e-10 1.37835517e-10 1.29762150e-10 1.34115936e-10
   3.19213455e-09 1.32045304e-10 1.34209598e-10 1.53532535e-10
   1.36146646e-10 9.11655641e-10 5.37022155e-10 1.96574697e-10
   1.35452344e-10 1.24631069e-10 3.80230412e-09 1.28574801e-09
   1.82665373e-10 1.39031083e-10 1.25028695e-10 1.40811045e-10
   9.97523785e-10 1.40051452e-10 1.24979723e-10 1.27842361e-10
   1.32813066e-10 2.63991188e-10 1.39119445e-10 1.23680133e-10
   1.35362462e-10 4.02994614e-09 1.40215464e-10 1.37943351e-10
   2.26705040e-10 1.25124196e-10 1.35692240e-10 4.14887978e-09
   1.23044067e-10 6.39413248e-10 1.34981318e-10 4.38416871e-09
   2.19135276e-10 1.33704216e-10 1.36207790e-10 2.52566738e-10
   1.45719590e-10 1.33068838e-10 1.28509054e-10 1.34147317e-10
   1.24770719e-10 1.49135957e-10 1.47200907e-10 1.28765843e-10
   1.71800845e-09 1.27229452e-10 2.43057766e-10 4.11342522e-10
   1.33523593e-10 1.31705855e-10 2.63617035e-10 1.37834414e-10
   4.15258827e-09 1.38407130e-10 3.71431423e-10 2.13230112e-10
   1.30879777e-10 3.20389208e-10 1.20726575e-09 1.31334005e-10
   1.36328412e-10 1.53302347e-10 1.34040626e-10 2.07542350e-10
   1.30952675e-10 4.17692583e-09 1.37925490e-10 1.37966805e-10
   1.23549123e-10 1.27409425e-10 1.93289333e-10 1.38948719e-10
   4.40925714e-09 1.28458098e-10 1.22571356e-10 1.47285104e-10
   1.29431574e-10 1.30811366e-10 1.33317832e-10 1.35566330e-10
   1.73441913e-10 1.27087551e-10 1.91019096e-09 1.26655061e-10
   4.42976827e-09 1.13702360e-09 1.21949225e-10 1.34311597e-10
   1.32112038e-10 1.28189067e-10 1.56549871e-10 1.42579935e-10]]]