[[[ 1.73880262e-07  1.41003931e-07 -1.32433715e-06  8.27840585e-07
    2.24992573e-12]
  [-1.12884655e-06  1.10006083e-10 -2.76947515e-07  2.15748945e-07
    4.53980080e-16]
  [ 1.04795475e-06 -2.63586800e-05  1.83868248e-06  1.65266694e-06
    9.48537033e-06]
  [ 2.58178862e-07  2.89462588e-07 -1.29803953e-06  5.91882325e-07
    1.58450584e-11]
  [ 1.11991571e-07  9.50293827e-08 -1.28783127e-06  8.66092673e-07
    9.57293942e-13]
  [ 4.77307235e-09  6.51898053e-08 -1.20876430e-06  8.47749687e-07
    7.42250277e-13]
  [ 1.48084433e-07  1.18724374e-07 -1.31896758e-06  8.55983483e-07
    1.60525643e-12]
  [ 9.26499606e-08  8.80029773e-08 -1.26966574e-06  8.62126292e-07
    8.85073074e-13]
  [-2.78542458e-08  5.88846192e-08 -1.17174190e-06  8.28036142e-07
    7.05225332e-13]
  [ 1.19963593e-07  8.73607986e-08 -1.32378359e-06  9.05248403e-07
    6.93856095e-13]
  [ 6.54683344e-07  1.92474230e-06 -5.91198509e-07 -2.69986964e-06
    9.81294986e-08]
  [ 6.38351614e-07  2.02484452e-06 -6.11902789e-07 -2.72623655e-06
    7.07388722e-08]
  [ 6.47311936e-07  2.04121823e-06 -6.15364000e-07 -2.70428696e-06
    5.92722770e-08]
  [ 9.96874061e-07 -2.68841381e-05  1.80477096e-06  1.64715832e-06
    9.61552407e-06]
  [-1.20650956e-06  2.53005568e-11 -1.92286187e-07  1.49871014e-07
    1.10030520e-16]
  [-1.18793376e-06  6.82164633e-11 -2.59775540e-07  2.02422684e-07
    2.84322878e-16]
  [-1.00309745e-06  4.59827903e-10 -4.32227519e-07  3.36295620e-07
    1.90049068e-15]
  [-1.09868586e-06  1.76715902e-10 -3.17560935e-07  2.47313850e-07
    7.28067004e-16]
  [-7.58497174e-07  2.41495232e-09 -6.04372507e-07  4.67660340e-07
    1.26339260e-14]
  [ 3.17862157e-08  7.15317389e-08 -1.21883257e-06  8.46396776e-07
    7.78825590e-13]
  [-4.43054725e-07  1.14778619e-08 -8.63719299e-07  6.56693151e-07
    9.99645175e-14]
  [ 1.53428609e-07  1.13917614e-07 -1.31445289e-06  8.59439864e-07
    1.16652004e-12]
  [-3.69690531e-07  1.34929890e-08 -9.48251031e-07  7.19669172e-07
    8.94664662e-14]
  [-1.19247498e-06  3.60496051e-11 -2.09608693e-07  1.63359817e-07
    1.53664202e-16]
  [ 6.48227035e-07  1.95628929e-06 -5.98540055e-07 -2.70492404e-06
    8.87992859e-08]
  [ 6.36201213e-07  2.05119677e-06 -6.19488597e-07 -2.71838795e-06
    6.00289388e-08]
  [ 6.45926929e-07  1.96195026e-06 -6.00459566e-07 -2.70521856e-06
    8.70868761e-08]
  [ 1.65579911e-07  1.06110113e-07 -1.35754448e-06  9.04362947e-07
    8.73516098e-13]
  [ 6.37230343e-07  2.05385943e-06 -6.18180836e-07 -2.72634002e-06
    6.08472057e-08]
  [ 1.03596513e-06 -2.64087310e-05  1.83553403e-06  1.65338398e-06
    9.49816524e-06]
  [ 5.23869416e-08  7.59943722e-08 -1.24799374e-06  8.62655317e-07
    8.02380425e-13]
  [-1.84218770e-08  6.04505141e-08 -1.20700426e-06  8.53253900e-07
    7.95920402e-13]
  [ 1.16196650e-07  1.08956862e-07 -1.27356143e-06  8.34757816e-07
    1.53979239e-12]
  [-6.15637978e-07  5.18214223e-09 -7.21647585e-07  5.55071123e-07
    3.38648330e-14]
  [ 1.03582130e-06 -2.64117897e-05  1.83528825e-06  1.65315558e-06
    9.49885359e-06]
  [ 6.12086934e-08  7.08302649e-08 -1.27737564e-06  8.93054792e-07
    5.81241825e-13]
  [ 6.33668383e-07  2.04849771e-06 -6.17826222e-07 -2.73005974e-06
    6.38393428e-08]
  [ 6.41231501e-07  2.03749388e-06 -6.11941932e-07 -2.73383941e-06
    6.78807231e-08]
  [ 5.57229371e-07  1.80950049e-06 -6.59291706e-07 -2.49038911e-06
    1.01014802e-07]
  [-3.06040875e-07  1.76471251e-08 -9.97484995e-07  7.52023683e-07
    1.27301997e-13]
  [-1.22786241e-06  1.35010719e-11 -1.67559042e-07  1.30611181e-07
    6.19348509e-17]
  [-1.19225004e-06  3.47406112e-11 -2.07178977e-07  1.61467535e-07
    1.48331057e-16]
  [ 6.29124601e-07  2.04779575e-06 -6.23051400e-07 -2.71106521e-06
    6.01328008e-08]
  [ 5.60493987e-07  1.77824163e-06 -6.52215868e-07 -2.48871022e-06
    1.11189336e-07]
  [-4.12800718e-07  1.21775634e-08 -9.05497813e-07  6.88247957e-07
    9.19389092e-14]
  [ 1.47272813e-07  1.15873807e-07 -1.32370303e-06  8.63811591e-07
    1.50451984e-12]
  [-1.17347165e-06  8.76520861e-11 -2.78421481e-07  2.16930617e-07
    3.62987890e-16]
  [-1.14974370e-06  8.33125019e-11 -2.57970333e-07  2.00993331e-07
    3.45290327e-16]
  [ 4.84027708e-08  7.50093051e-08 -1.24431589e-06  8.61217398e-07
    8.02466486e-13]
  [ 6.48455621e-07  2.02305795e-06 -6.06016574e-07 -2.73598232e-06
    7.28048668e-08]
  [-1.05094549e-06  2.95362098e-10 -3.63498127e-07  2.82953695e-07
    1.22524217e-15]
  [ 5.85309350e-08  7.76552715e-08 -1.25239061e-06  8.63673099e-07
    8.23134942e-13]
  [-1.06022543e-06  2.64148198e-10 -3.51329927e-07  2.73512814e-07
    1.09348417e-15]
  [-9.12762039e-07  9.00607428e-10 -5.09046995e-07  3.95543405e-07
    3.85294308e-15]
  [ 6.74605292e-07  1.92662219e-06 -5.80193190e-07 -2.73646487e-06
    1.04871492e-07]
  [-1.14187238e-06  9.15839422e-11 -2.64255629e-07  2.05881255e-07
    3.78896318e-16]
  [-9.67138088e-07  5.89348713e-10 -4.66269676e-07  3.62646473e-07
    2.44063012e-15]
  [-1.16426248e-06  7.25612409e-11 -2.47812323e-07  1.93089902e-07
    3.01646185e-16]
  [ 1.13153934e-08  6.66896156e-08 -1.21162403e-06  8.47802866e-07
    7.61678134e-13]
  [ 6.38453947e-07  2.01064513e-06 -6.10432632e-07 -2.71796688e-06
    7.37214242e-08]
  [ 6.36782907e-07  2.00904982e-06 -6.11212889e-07 -2.71557651e-06
    7.38634327e-08]
  [-3.97446456e-07  1.41337179e-08 -8.96047669e-07  6.78042223e-07
    1.36425296e-13]
  [ 1.05529973e-06 -2.62704228e-05  1.84497026e-06  1.65568336e-06
    9.46422404e-06]
  [-1.13049745e-06  1.09056532e-10 -2.76741532e-07  2.15589746e-07
    4.50123753e-16]
  [ 7.88174574e-08  8.36155047e-08 -1.25918445e-06  8.60321352e-07
    8.50946870e-13]
  [ 6.32273331e-07  2.04363631e-06 -6.17896908e-07 -2.72729947e-06
    6.49987054e-08]
  [ 6.34030220e-07  2.04703596e-06 -6.17676929e-07 -2.72829004e-06
    6.39019539e-08]
  [ 5.59978884e-07  2.06357188e-06 -6.75789589e-07 -2.58211842e-06
    3.06126995e-08]
  [-1.01753133e-06  4.15032291e-10 -4.16099659e-07  3.23787556e-07
    1.71679171e-15]
  [ 1.54425835e-07  1.36963139e-07 -1.27619652e-06  7.96173526e-07
    2.29567955e-12]
  [ 1.03471891e-06 -2.64191007e-05  1.83475907e-06  1.65298788e-06
    9.50062622e-06]
  [ 5.73399084e-08  7.77394821e-08 -1.26908684e-06  8.76566667e-07
    9.42667724e-13]
  [ 6.34862238e-08  7.20183314e-08 -1.27736063e-06  8.91319191e-07
    6.00299165e-13]
  [-1.78230400e-07  2.94240966e-08 -1.09757183e-06  8.12961742e-07
    2.45705984e-13]
  [ 1.07500555e-07  8.40003895e-08 -1.31186990e-06  9.00836508e-07
    6.72014887e-13]
  [-9.43422661e-07  7.04655055e-10 -4.47986345e-07  3.48225571e-07
    3.05152180e-15]
  [-1.09823411e-06  2.00495682e-10 -3.49653187e-07  2.72298137e-07
    8.21424711e-16]
  [-1.08234958e-06  2.17432293e-10 -3.36645472e-07  2.62132824e-07
    8.97085681e-16]
  [-9.07753766e-07  9.31032542e-10 -4.84478883e-07  3.76346184e-07
    4.12915469e-15]
  [-1.19580875e-06  4.50124470e-11 -2.23725818e-07  1.74352385e-07
    1.90106348e-16]
  [ 4.23136391e-08  7.41171740e-08 -1.22792007e-06  8.49729867e-07
    7.96634820e-13]
  [-3.94652619e-07  1.21014400e-08 -9.29301757e-07  7.06915705e-07
    7.74039426e-14]
  [-5.93439178e-07  5.75813149e-09 -7.41402086e-07  5.69635698e-07
    3.87556272e-14]
  [-1.00655816e-06  4.27764725e-10 -3.96803753e-07  3.08726143e-07
    1.79672989e-15]]

 [[ 8.92347460e-09  9.09039254e-10  1.56671926e-08  5.53372542e-09
    1.46158071e-09]
  [ 4.71713402e-09  5.09398483e-10  2.15985859e-09  7.99316457e-10
    8.91510591e-10]
  [ 1.19008759e-08  8.67661822e-08  3.35541175e-08  3.22484402e-08
    3.57254078e-08]
  [ 8.87828827e-09  8.12392985e-10  1.60321862e-08  5.53564081e-09
    1.29793417e-09]
  [ 8.43806939e-09  8.53362008e-10  1.27427968e-08  4.63245048e-09
    1.42135045e-09]
  [ 8.20365376e-09  8.65858494e-10  9.73128238e-09  3.52986159e-09
    1.42941681e-09]
  [ 8.91418385e-09  9.44714970e-10  1.52753318e-08  5.42887451e-09
    1.52063699e-09]
  [ 8.24906791e-09  7.92990932e-10  1.17072856e-08  4.26840925e-09
    1.33876757e-09]
  [ 7.74223086e-09  7.10890423e-10  8.01507357e-09  2.95883846e-09
    1.21118681e-09]
  [ 9.38096897e-09  1.24575992e-09  1.46244906e-08  5.20160281e-09
    1.91112106e-09]
  [ 1.15431937e-08  1.47189463e-08  3.21795509e-08  1.32842920e-08
    1.15820686e-09]
  [ 1.14988915e-08  7.67770669e-09  3.26954924e-08  1.23985962e-08
    1.19787353e-09]
  [ 9.99131218e-09  4.28726775e-09  2.93327702e-08  1.04614018e-08
    1.11598250e-09]
  [ 1.37339048e-08  9.59178581e-08  3.70870971e-08  4.59979299e-08
    5.33481212e-08]
  [ 4.32545433e-09  4.46363846e-10  1.77354950e-09  5.85596885e-10
    7.79215272e-10]
  [ 6.22137203e-09  9.87863324e-10  4.49838239e-09  1.38797840e-09
    1.58404798e-09]
  [ 6.55071221e-09  9.74773827e-10  4.64984887e-09  1.57542735e-09
    1.56548210e-09]
  [ 5.13429313e-09  6.00061641e-10  2.69572547e-09  9.92930631e-10
    1.03998198e-09]
  [ 5.79519181e-09  5.93105795e-10  3.04282875e-09  1.19630193e-09
    1.02388618e-09]
  [ 7.96353896e-09  7.36535104e-10  9.60087117e-09  3.51742911e-09
    1.25193155e-09]
  [ 6.72433921e-09  7.00188876e-10  4.14970777e-09  1.58353270e-09
    1.19829915e-09]
  [ 8.57125312e-09  8.58046596e-10  1.40132859e-08  5.07308405e-09
    1.42942434e-09]
  [ 7.97798833e-09  1.10409060e-09  6.02457056e-09  2.10836648e-09
    1.74761442e-09]
  [ 4.37399370e-09  4.58607085e-10  1.84140722e-09  6.36634265e-10
    8.01406386e-10]
  [ 1.16264194e-08  1.18212977e-08  3.24486893e-08  1.32380448e-08
    1.15820385e-09]
  [ 1.07852631e-08  5.03071118e-09  3.10325850e-08  1.11513932e-08
    1.24170242e-09]
  [ 1.16791003e-08  1.12884932e-08  3.25675380e-08  1.32586875e-08
    1.17003521e-09]
  [ 9.59562111e-09  1.27847199e-09  1.65220381e-08  5.87254833e-09
    1.92565826e-09]
  [ 1.09172037e-08  5.45798640e-09  3.14215400e-08  1.13145913e-08
    1.23385614e-09]
  [ 1.17372699e-08  7.70877364e-08  3.31196280e-08  2.27136537e-08
    2.15836790e-08]
  [ 8.40965514e-09  9.00015800e-10  1.12568654e-08  4.07154576e-09
    1.48225814e-09]
  [ 8.60114163e-09  1.00651069e-09  1.06431802e-08  3.71154652e-09
    1.62061663e-09]
  [ 8.20060525e-09  7.32941670e-10  1.25021865e-08  4.52011828e-09
    1.19001601e-09]
  [ 6.15250036e-09  6.24407371e-10  3.39370304e-09  1.32708708e-09
    1.07419231e-09]
  [ 1.17581792e-08  7.66130525e-08  3.30792976e-08  2.26375533e-08
    2.12429796e-08]
  [ 9.21890618e-09  1.22273558e-09  1.24423216e-08  4.38143973e-09
    1.89913706e-09]
  [ 1.13871075e-08  6.25956117e-09  3.24880499e-08  1.19415495e-08
    1.25923972e-09]
  [ 1.12825415e-08  7.26684381e-09  3.23703495e-08  1.20274818e-08
    1.17437873e-09]
  [ 2.82391491e-08  4.80127835e-09  4.39516290e-08  4.14290946e-08
    3.80239972e-09]
  [ 8.14783728e-09  1.12590356e-09  6.34307848e-09  2.22103915e-09
    1.77688942e-09]
  [ 4.19486688e-09  4.03789643e-10  1.56359564e-09  4.78822361e-10
    7.02400951e-10]
  [ 4.31743298e-09  4.45642829e-10  1.78615561e-09  6.15967911e-10
    7.79234929e-10]
  [ 1.10507233e-08  4.88875180e-09  3.14640710e-08  1.13830762e-08
    1.31482896e-09]
  [ 3.16016779e-08  5.21947051e-09  4.55209959e-08  4.60721596e-08
    4.12774361e-09]
  [ 7.45293751e-09  9.44245168e-10  5.54594994e-09  1.99068506e-09
    1.53226204e-09]
  [ 9.01191154e-09  9.81739437e-10  1.55621523e-08  5.51937040e-09
    1.58192563e-09]
  [ 6.62165270e-09  1.09251068e-09  5.13366286e-09  1.52159403e-09
    1.72855494e-09]
  [ 4.73853654e-09  5.27817406e-10  2.25687711e-09  8.08337072e-10
    9.18388605e-10]
  [ 8.36638029e-09  8.79921719e-10  1.10756368e-08  4.00605200e-09
    1.45881819e-09]
  [ 1.11678256e-08  8.59789090e-09  3.22130817e-08  1.20388078e-08
    1.11547110e-09]
  [ 5.33998360e-09  6.28942406e-10  2.94399892e-09  1.09565000e-09
    1.08428596e-09]
  [ 8.39644601e-09  8.81502804e-10  1.13988128e-08  4.12404296e-09
    1.46403148e-09]
  [ 5.20063089e-09  5.93794085e-10  2.72499373e-09  1.02299364e-09
    1.02861332e-09]
  [ 6.69648032e-09  9.69073857e-10  4.85141743e-09  1.65591389e-09
    1.56893454e-09]
  [ 1.08741109e-08  2.20007485e-08  3.17895664e-08  1.19509978e-08
    1.18122395e-09]
  [ 4.70200371e-09  5.13232774e-10  2.16278648e-09  7.86424777e-10
    8.96652602e-10]
  [ 6.78887489e-09  1.02935302e-09  4.78632396e-09  1.61366465e-09
    1.63973424e-09]
  [ 4.99609380e-09  6.10277025e-10  2.83354278e-09  9.59725465e-10
    1.03487832e-09]
  [ 8.13993244e-09  8.23534843e-10  9.72089867e-09  3.53199755e-09
    1.37828015e-09]
  [ 1.15813337e-08  8.06495450e-09  3.26994221e-08  1.26788366e-08
    1.19362611e-09]
  [ 1.16537120e-08  8.01188696e-09  3.28056162e-08  1.27712049e-08
    1.21031167e-09]
  [ 6.74030759e-09  6.79332201e-10  4.17426184e-09  1.60662582e-09
    1.16210164e-09]
  [ 1.18929211e-08  8.36122206e-08  3.29229650e-08  2.80643979e-08
    2.91472102e-08]
  [ 4.74705210e-09  5.19003982e-10  2.20858341e-09  8.14975136e-10
    9.07716274e-10]
  [ 8.20444308e-09  7.87517593e-10  1.12623712e-08  4.10779780e-09
    1.33071031e-09]
  [ 1.15040799e-08  6.42558494e-09  3.27020268e-08  1.21222207e-08
    1.26996586e-09]
  [ 1.13530956e-08  6.19860268e-09  3.23877918e-08  1.19179810e-08
    1.25492383e-09]
  [ 1.08992028e-08  1.37244379e-09  2.11629357e-08  7.22250406e-09
    1.98122077e-09]
  [ 6.37536534e-09  9.32444046e-10  4.50014841e-09  1.53639570e-09
    1.50754554e-09]
  [ 7.98378061e-09  6.35381736e-10  1.25397062e-08  4.50686919e-09
    1.03047691e-09]
  [ 1.17645603e-08  7.62987153e-08  3.30882155e-08  2.25246689e-08
    2.10211204e-08]
  [ 8.89772950e-09  1.05053842e-09  1.31303024e-08  4.60185089e-09
    1.69348816e-09]
  [ 9.16872530e-09  1.20599846e-09  1.24003342e-08  4.38221420e-09
    1.86434602e-09]
  [ 8.60798961e-09  1.20055142e-09  7.51411351e-09  2.60925480e-09
    1.88031783e-09]
  [ 9.28351393e-09  1.21557782e-09  1.39937747e-08  4.97927097e-09
    1.87396048e-09]
  [ 5.35819996e-09  5.50566406e-10  2.53271362e-09  9.81441837e-10
    9.60950843e-10]
  [ 6.44433260e-09  1.00595220e-09  4.63534663e-09  1.51949320e-09
    1.61244198e-09]
  [ 5.30344987e-09  6.39873936e-10  2.95583869e-09  1.08383414e-09
    1.10301421e-09]
  [ 5.59455222e-09  6.05829147e-10  2.92227682e-09  1.12316564e-09
    1.04840140e-09]
  [ 4.92082088e-09  6.04757427e-10  2.63524550e-09  8.86890822e-10
    1.03881179e-09]
  [ 8.01924955e-09  7.48383649e-10  9.97201261e-09  3.64909740e-09
    1.26897699e-09]
  [ 7.94200818e-09  1.11122774e-09  5.94269951e-09  2.07567495e-09
    1.75559811e-09]
  [ 6.26037647e-09  6.44072645e-10  3.53390506e-09  1.37275694e-09
    1.10609471e-09]
  [ 5.30243884e-09  5.78468326e-10  2.65472474e-09  1.00872439e-09
    1.00557725e-09]]]