[[[[[-2.01762871e-06 -1.35588256e-06 -6.01593415e-08  1.42878148e-06
      1.80526336e-06]
    [-1.48056689e-06 -6.39680081e-07  2.64811591e-07  4.10779204e-07
     -7.44012782e-09]
    [ 1.37121806e-07  2.60147518e-07  1.64258593e-06  2.93678791e-06
      4.49915222e-06]
    [ 1.68593378e-06  2.54792771e-06  1.72781850e-06  3.28780889e-06
      3.62328564e-06]
    [-1.45176455e-06 -3.42907075e-06 -3.14428520e-06 -3.01386009e-06
     -3.24464658e-06]]]


  [[[-2.34036476e-06 -1.91972799e-06 -1.20631576e-07  1.31725668e-06
      1.25007740e-06]
    [-1.94981615e-06 -8.99470946e-07  4.98750212e-08  4.68428098e-07
     -1.27864884e-07]
    [-1.04644024e-07  2.00858541e-07  9.11437276e-07  2.37254615e-06
      4.80624786e-06]
    [ 1.63978677e-06  2.31899238e-06  1.30912240e-06  2.72418544e-06
      3.44477268e-06]
    [-1.67706116e-06 -3.98438199e-06 -2.97916075e-06 -3.16784415e-06
     -3.84782244e-06]]]


  [[[-2.70006456e-06 -1.90619161e-06 -1.49312575e-06  8.03362982e-07
      1.95914214e-06]
    [-2.53198227e-06 -1.71055417e-06 -4.80791121e-07 -5.85488781e-07
     -3.54123627e-07]
    [-5.89510351e-07 -7.74678223e-07  2.21464373e-06  2.53725509e-06
      3.32005055e-06]
    [ 1.66114888e-06  1.85042053e-06  8.41997974e-07  2.22462044e-06
      2.71675473e-06]
    [-1.96090311e-06 -4.31538581e-06 -4.53939429e-06 -3.41278438e-06
     -3.41122060e-06]]]


  [[[-2.68313915e-06 -2.25099817e-06 -4.57616655e-07  7.78560906e-07
      6.53447032e-07]
    [-2.48520748e-06 -1.34178844e-06 -3.17460377e-07 -9.26035253e-08
     -5.90202162e-07]
    [-5.77792493e-07  5.46463147e-08  7.83811344e-07  2.22446649e-06
      4.86202803e-06]
    [ 1.28394832e-06  2.40140938e-06  1.39876136e-06  2.47123863e-06
      3.38143875e-06]
    [-1.69856905e-06 -3.98965272e-06 -3.02274966e-06 -3.42757382e-06
     -3.75498486e-06]]]


  [[[-3.28954420e-06 -2.94270414e-06 -8.03012882e-07 -1.71057514e-07
     -3.17679542e-07]
    [-2.89330211e-06 -1.92541718e-06 -8.17095639e-07 -3.17957886e-07
     -1.11636557e-06]
    [-9.59753470e-07 -3.15044274e-07 -3.90281368e-07  1.58631432e-06
      4.16549257e-06]
    [ 4.56290951e-07  1.44323237e-06  4.95112150e-07  1.75179989e-06
      2.61661646e-06]
    [-2.19616970e-06 -4.23880499e-06 -2.93303351e-06 -3.67950116e-06
     -4.16366751e-06]]]


  [[[-2.07973830e-06 -1.63970646e-06 -5.89264178e-07  1.52626635e-06
      2.01690058e-06]
    [-2.29396001e-06 -1.15269884e-06  1.45633414e-07  5.11320522e-07
      5.67640826e-07]
    [-2.02991456e-07  2.32220479e-07  2.47381131e-06  3.25114771e-06
      5.53732720e-06]
    [ 2.50170956e-06  3.05035261e-06  1.93885864e-06  2.72606934e-06
      3.90795399e-06]
    [-9.28628799e-07 -3.71741791e-06 -2.83777153e-06 -2.41836441e-06
     -2.74187043e-06]]]]



 [[[[ 4.76791569e-07  1.26960801e-06  3.44063916e-07  4.42981909e-07
      1.73787400e-06]
    [ 6.69747817e-06  6.99346738e-06  7.80951960e-06  6.57019112e-06
      5.45267766e-06]
    [ 7.64166858e-06  9.78167594e-06  1.15114900e-05  8.10355206e-06
      1.86297020e-06]
    [ 3.28316075e-06  3.02966617e-06  6.84189688e-06  6.07172179e-06
      1.73876302e-06]
    [ 5.25156471e-06  5.34200409e-06  7.41172141e-06  5.94622629e-06
      1.74406767e-06]]]


  [[[ 5.69110220e-07  1.52761201e-06  4.81730297e-07  6.43703875e-07
      1.91206885e-06]
    [ 6.90251400e-06  6.67400681e-06  8.64317811e-06  8.11282243e-06
      5.48059491e-06]
    [ 8.40662745e-06  1.00228961e-05  1.46473982e-05  1.01206171e-05
      1.24382595e-06]
    [ 3.27139186e-06  3.31829885e-06  7.96172997e-06  6.61201321e-06
      1.71543859e-06]
    [ 4.86607346e-06  5.36220909e-06  7.67609798e-06  6.35685019e-06
      1.90607415e-06]]]


  [[[ 1.76544107e-06  1.89052291e-06  2.85587281e-06  4.01999807e-06
      3.15767671e-06]
    [ 1.14727027e-05  1.28941485e-05  1.35204613e-05  1.16361342e-05
      8.99744977e-06]
    [ 1.36345357e-05  1.65295861e-05  1.75861096e-05  1.17977490e-05
      4.65136974e-06]
    [ 4.77936490e-06  6.80578001e-06  1.71449441e-05  1.29324474e-05
      5.73585378e-06]
    [ 9.75309199e-06  1.15981383e-05  1.43954463e-05  1.36610764e-05
      8.54216345e-06]]]


  [[[ 8.00760424e-07  1.99253713e-06  8.63777598e-07  1.33398884e-06
      3.49058251e-06]
    [ 9.04765942e-06  8.03296818e-06  1.01805097e-05  1.04643136e-05
      7.70550365e-06]
    [ 1.08884948e-05  1.20669723e-05  1.75146149e-05  1.30030168e-05
      2.19858747e-06]
    [ 5.33400391e-06  5.05172009e-06  1.03651779e-05  9.59944409e-06
      3.19411980e-06]
    [ 7.16338687e-06  6.78126454e-06  1.00445137e-05  9.08792006e-06
      3.47164908e-06]]]


  [[[ 1.81166385e-06  3.56700574e-06  1.25505161e-06  1.80240231e-06
      6.30209248e-06]
    [ 1.13733616e-05  9.63720324e-06  1.29291723e-05  1.32452399e-05
      9.89486954e-06]
    [ 1.31363419e-05  1.50169480e-05  2.33299617e-05  1.87210973e-05
      3.96507137e-06]
    [ 9.25564471e-06  9.05874263e-06  1.30987167e-05  1.23916233e-05
      4.79786106e-06]
    [ 1.04728119e-05  9.53661479e-06  1.27285900e-05  1.09820621e-05
      4.15915743e-06]]]


  [[[ 1.92783223e-06  2.12747801e-06  3.02787324e-06  4.89079023e-06
      4.69333259e-06]
    [ 1.35503374e-05  1.34218888e-05  1.54592632e-05  1.50654295e-05
      1.05492111e-05]
    [ 1.78238862e-05  1.91178692e-05  2.39751645e-05  1.67374522e-05
      3.73131803e-06]
    [ 6.52164825e-06  8.61625855e-06  2.06312181e-05  1.68032776e-05
      6.71780049e-06]
    [ 1.09682572e-05  1.31081180e-05  1.64003504e-05  1.54483595e-05
      9.82772614e-06]]]]]