[[[[[ 3.36263731e-09 -9.63099368e-08 -8.78637049e-08 -1.36917108e-07
     -3.09907261e-08]
    [-3.18067842e-08  3.24454630e-08  9.42772999e-08  4.08246818e-09
      2.77204002e-08]
    [ 6.08185417e-08  3.83734796e-08  9.27916998e-09  1.82837139e-07
      1.22776577e-07]
    [ 5.33309510e-08  9.21383198e-08  1.42165318e-07 -4.39563789e-08
     -9.95345501e-09]
    [ 1.10515140e-07  7.53776359e-08  8.55588351e-09  5.14096195e-08
      9.64897560e-08]]

   [[-2.13906053e-09 -1.23918091e-07 -8.40711398e-08 -1.39788904e-07
     -1.57067447e-08]
    [-1.80595587e-08  3.44093181e-08  8.71300193e-08 -1.82239588e-08
      4.89199045e-08]
    [ 4.51464578e-08  4.26191488e-08  2.18417783e-08  2.07955411e-07
      1.17307980e-07]
    [ 5.80960001e-08  1.00395877e-07  1.48606322e-07 -7.26724637e-08
     -1.38490407e-09]
    [ 1.16564164e-07  6.39982141e-08  2.18642912e-09  5.89606809e-08
      9.61913520e-08]]

   [[-5.40741474e-08 -1.05156466e-07 -6.44675776e-08 -1.08644286e-07
     -4.16284362e-08]
    [-1.92759568e-08  1.48370169e-08  6.81605148e-08  2.39906418e-09
      3.96837682e-08]
    [ 5.06007636e-08  2.46023573e-08  1.58041879e-08  1.47406226e-07
      1.64377888e-07]
    [ 5.39183629e-08  1.11939909e-07  1.25852461e-07  1.39965506e-08
     -4.99962527e-08]
    [ 1.00213225e-07  6.81328540e-08  7.05807221e-09  6.14827958e-09
      1.24608012e-07]]

   [[-3.68267615e-09 -1.03269278e-07 -6.74731055e-08 -1.37635810e-07
     -7.00179341e-09]
    [-5.87113394e-09  3.79003672e-08  9.36647011e-08  8.89868559e-10
      6.12081391e-08]
    [ 4.86718573e-08  5.18138021e-08  2.80882106e-08  2.08246880e-07
      1.09403502e-07]
    [ 6.13992036e-08  1.07014154e-07  1.31301903e-07 -8.36138179e-08
     -3.74807359e-09]
    [ 1.02023513e-07  5.67393567e-08  1.05004031e-09  6.35488772e-08
      1.15660953e-07]]

   [[ 2.00946369e-08 -8.05797490e-08 -6.76779387e-08 -1.25053365e-07
     -3.34880887e-09]
    [ 3.87324422e-09  3.76802850e-08  8.41753963e-08 -7.63639993e-09
      5.02217594e-08]
    [ 3.03277663e-08  5.70433376e-08  2.69708242e-08  1.94091219e-07
      6.44129454e-08]
    [ 5.67165007e-08  7.99495576e-08  1.20846055e-07 -1.00913987e-07
      3.10746354e-08]
    [ 9.68888046e-08  3.92284274e-08  1.17131870e-08  7.87349791e-08
      7.85236989e-08]]

   [[-7.61959073e-08 -1.18027095e-07 -4.05327827e-08 -9.09800895e-08
     -7.33497741e-09]
    [ 1.51599849e-08  3.81999930e-08  8.00077795e-08  3.71049180e-09
      1.01472754e-07]
    [ 4.48910570e-08  4.40343395e-08  4.09006773e-08  1.93494612e-07
      1.53875951e-07]
    [ 6.13280384e-08  1.32851119e-07  1.32176269e-07 -3.54416510e-08
     -4.85624025e-08]
    [ 1.01518450e-07  5.17779367e-08 -1.80869269e-08  2.05629276e-08
      1.42551770e-07]]]


  [[[ 3.49865445e-09 -9.60606502e-08 -8.78119160e-08 -1.36854846e-07
     -3.06327674e-08]
    [-3.16795117e-08  3.27170285e-08  9.45690346e-08  4.36211285e-09
      2.78249311e-08]
    [ 6.11667112e-08  3.85763559e-08  9.39352750e-09  1.82952307e-07
      1.23089539e-07]
    [ 5.35838642e-08  9.24019681e-08  1.42433053e-07 -4.37542552e-08
     -9.74605096e-09]
    [ 1.10673852e-07  7.55931661e-08  8.68633354e-09  5.15855490e-08
      9.66947261e-08]]

   [[-1.98456709e-09 -1.23699561e-07 -8.40229372e-08 -1.39680111e-07
     -1.53366038e-08]
    [-1.78775612e-08  3.47249010e-08  8.74217173e-08 -1.79828614e-08
      4.90496702e-08]
    [ 4.54640986e-08  4.28110806e-08  2.19730571e-08  2.08107147e-07
      1.17611098e-07]
    [ 5.83586576e-08  1.00682058e-07  1.48882874e-07 -7.24761188e-08
     -1.17319298e-09]
    [ 1.16702460e-07  6.42496521e-08  2.31275652e-09  5.91439935e-08
      9.64379453e-08]]

   [[-5.39570527e-08 -1.04891569e-07 -6.44625550e-08 -1.08537544e-07
     -4.12672716e-08]
    [-1.91236908e-08  1.50403523e-08  6.84311757e-08  2.70693774e-09
      3.98008629e-08]
    [ 5.09812923e-08  2.48380404e-08  1.58903829e-08  1.47483017e-07
      1.64695309e-07]
    [ 5.41570458e-08  1.12133854e-07  1.26134299e-07  1.42376089e-08
     -4.98474793e-08]
    [ 1.00382501e-07  6.83687336e-08  7.18222528e-09  6.31130138e-09
      1.24788533e-07]]

   [[-3.51824576e-09 -1.03039911e-07 -6.73969286e-08 -1.37525830e-07
     -6.64919491e-09]
    [-5.69206247e-09  3.82104195e-08  9.39663585e-08  1.13668351e-09
      6.13200004e-08]
    [ 4.89863773e-08  5.20087119e-08  2.82106834e-08  2.08409531e-07
      1.09721185e-07]
    [ 6.16431193e-08  1.07300204e-07  1.31593094e-07 -8.34298092e-08
     -3.53795510e-09]
    [ 1.02159698e-07  5.69876756e-08  1.17253562e-09  6.37317788e-08
      1.15902872e-07]]

   [[ 2.02561034e-08 -8.04067923e-08 -6.75688803e-08 -1.24968461e-07
     -3.07415884e-09]
    [ 4.02761418e-09  3.79794775e-08  8.44399143e-08 -7.44807879e-09
      5.03444502e-08]
    [ 3.05882195e-08  5.71908737e-08  2.71187241e-08  1.94267470e-07
      6.46876913e-08]
    [ 5.69301219e-08  8.02302527e-08  1.21090421e-07 -1.00741758e-07
      3.12826223e-08]
    [ 9.70064988e-08  3.94484239e-08  1.18339721e-08  7.89156473e-08
      7.87507446e-08]]

   [[-7.60101779e-08 -1.17745303e-07 -4.04970748e-08 -9.07671994e-08
     -6.93042630e-09]
    [ 1.54248247e-08  3.84746943e-08  8.03079923e-08  4.02614130e-09
      1.01626950e-07]
    [ 4.52876562e-08  4.42757395e-08  4.10154173e-08  1.93634007e-07
      1.54218126e-07]
    [ 6.15799872e-08  1.33089629e-07  1.32496215e-07 -3.51876687e-08
     -4.83764360e-08]
    [ 1.01675495e-07  5.20733201e-08 -1.79622605e-08  2.07617672e-08
      1.42802532e-07]]]


  [[[ 2.27420823e-09 -9.65734771e-08 -8.92258304e-08 -1.37782297e-07
     -3.00454190e-08]
    [-3.25756616e-08  3.26373136e-08  9.49588053e-08  4.58008039e-09
      2.69159912e-08]
    [ 6.13149708e-08  3.82731759e-08  8.58438527e-09  1.81713180e-07
      1.23106575e-07]
    [ 5.39160908e-08  9.26157982e-08  1.42371258e-07 -4.42615528e-08
     -1.02524004e-08]
    [ 1.09731295e-07  7.50967001e-08  7.89484962e-09  5.11528651e-08
      9.64482050e-08]]

   [[-3.33912082e-09 -1.24427138e-07 -8.54159625e-08 -1.40348509e-07
     -1.47958864e-08]
    [-1.86105631e-08  3.48723554e-08  8.77899542e-08 -1.80397158e-08
      4.81522984e-08]
    [ 4.54049956e-08  4.24687310e-08  2.11463598e-08  2.07036735e-07
      1.17600985e-07]
    [ 5.87549421e-08  1.00906086e-07  1.48832162e-07 -7.31995240e-08
     -1.73780971e-09]
    [ 1.15648431e-07  6.39657170e-08  1.49341131e-09  5.87146865e-08
      9.63883417e-08]]

   [[-5.48906092e-08 -1.05299189e-07 -6.60654147e-08 -1.09288709e-07
     -4.05981520e-08]
    [-1.99894622e-08  1.46353778e-08  6.88702411e-08  3.19659670e-09
      3.89569689e-08]
    [ 5.12167147e-08  2.49701828e-08  1.50138454e-08  1.46093664e-07
      1.64774348e-07]
    [ 5.44551959e-08  1.11944791e-07  1.26199764e-07  1.40541441e-08
     -5.06269379e-08]
    [ 9.95762512e-08  6.80406717e-08  6.43606814e-09  5.79187296e-09
      1.24411816e-07]]

   [[-4.81472226e-09 -1.03695388e-07 -6.86325601e-08 -1.38172886e-07
     -6.20734093e-09]
    [-6.44204932e-09  3.84206534e-08  9.43737060e-08  1.07603819e-09
      6.03469270e-08]
    [ 4.90021947e-08  5.17029013e-08  2.72871579e-08  2.07331277e-07
      1.09806234e-07]
    [ 6.19474130e-08  1.07474860e-07  1.31673453e-07 -8.41721947e-08
     -4.09254288e-09]
    [ 1.01072926e-07  5.66874441e-08  3.28095758e-10  6.33143149e-08
      1.15824462e-07]]

   [[ 1.90290347e-08 -8.11592292e-08 -6.84411963e-08 -1.25608578e-07
     -2.96097348e-09]
    [ 3.32915911e-09  3.82800791e-08  8.46346450e-08 -7.70531323e-09
      4.96053678e-08]
    [ 3.05837945e-08  5.66377621e-08  2.64814113e-08  1.93485438e-07
      6.46819258e-08]
    [ 5.71005986e-08  8.04627484e-08  1.21054674e-07 -1.01350841e-07
      3.08461947e-08]
    [ 9.59699766e-08  3.91893651e-08  1.11247386e-08  7.86302748e-08
      7.87522787e-08]]

   [[-7.69918394e-08 -1.18264908e-07 -4.20090665e-08 -9.11313677e-08
     -6.27010673e-09]
    [ 1.47868268e-08  3.84047382e-08  8.07667413e-08  4.23645346e-09
      1.00669483e-07]
    [ 4.54837605e-08  4.43705824e-08  3.99592701e-08  1.92274593e-07
      1.54284328e-07]
    [ 6.18716767e-08  1.32871004e-07  1.32527141e-07 -3.56221294e-08
     -4.91713017e-08]
    [ 1.00574090e-07  5.18708542e-08 -1.88822898e-08  2.02464825e-08
      1.42629923e-07]]]


  [[[ 4.25499281e-09 -9.45031526e-08 -8.75624785e-08 -1.36562119e-07
     -2.84042206e-08]
    [-3.08929599e-08  3.43861355e-08  9.63399621e-08  5.94754791e-09
      2.83044078e-08]
    [ 6.32185940e-08  3.96882914e-08  9.94253062e-09  1.83221164e-07
      1.24866139e-07]
    [ 5.50593410e-08  9.39288155e-08  1.43897006e-07 -4.25598425e-08
     -8.44486114e-09]
    [ 1.11525357e-07  7.67139832e-08  9.29899039e-09  5.24518064e-08
      9.76698077e-08]]

   [[-1.14152750e-09 -1.22288992e-07 -8.38217981e-08 -1.39103352e-07
     -1.30021600e-08]
    [-1.66983372e-08  3.66406589e-08  8.92089010e-08 -1.66356414e-08
      4.96471234e-08]
    [ 4.73091690e-08  4.38394465e-08  2.26071223e-08  2.08544223e-07
      1.19368020e-07]
    [ 5.99121237e-08  1.02367484e-07  1.50365905e-07 -7.12742785e-08
      1.49918312e-10]
    [ 1.17411311e-07  6.55599670e-08  2.92107873e-09  6.00449761e-08
      9.76664055e-08]]

   [[-5.33082683e-08 -1.03193648e-07 -6.44999944e-08 -1.08010407e-07
     -3.90232861e-08]
    [-1.81863839e-08  1.63160636e-08  7.00345452e-08  4.51766794e-09
      4.03807513e-08]
    [ 5.32948213e-08  2.61539927e-08  1.62854140e-08  1.47563562e-07
      1.66434621e-07]
    [ 5.54885014e-08  1.13196291e-07  1.27695499e-07  1.55640713e-08
     -4.88403083e-08]
    [ 1.01354574e-07  6.96577837e-08  7.73395641e-09  7.22399003e-09
      1.25582436e-07]]

   [[-2.59326135e-09 -1.01573045e-07 -6.70319070e-08 -1.36933837e-07
     -4.42897593e-09]
    [-4.53609634e-09  4.00678715e-08  9.58009775e-08  2.50391495e-09
      6.17869417e-08]
    [ 5.08103862e-08  5.30563226e-08  2.87756185e-08  2.08929138e-07
      1.11581570e-07]
    [ 6.30677331e-08  1.08962480e-07  1.33181364e-07 -8.22827424e-08
     -2.23458659e-09]
    [ 1.02880662e-07  5.82728038e-08  1.76829977e-09  6.46240651e-08
      1.17059246e-07]]

   [[ 2.11524416e-08 -7.93160230e-08 -6.69767692e-08 -1.24508372e-07
     -1.34954830e-09]
    [ 5.00095659e-09  3.97538191e-08  8.60496268e-08 -6.43568212e-09
      5.08984722e-08]
    [ 3.20720409e-08  5.79713446e-08  2.78556106e-08  1.94924980e-07
      6.63421421e-08]
    [ 5.81826658e-08  8.18763898e-08  1.22407903e-07 -9.96127537e-08
      3.24967641e-08]
    [ 9.75708800e-08  4.05890470e-08  1.24515747e-08  7.97647506e-08
      7.98872857e-08]]

   [[-7.49352994e-08 -1.15902582e-07 -4.04020921e-08 -8.96055266e-08
     -4.40232545e-09]
    [ 1.71054914e-08  4.01391068e-08  8.20614110e-08  5.84267120e-09
      1.02340645e-07]
    [ 4.76610443e-08  4.55772709e-08  4.15225882e-08  1.94002172e-07
      1.56170076e-07]
    [ 6.30168966e-08  1.34419610e-07  1.34227172e-07 -3.37041629e-08
     -4.71357270e-08]
    [ 1.02556457e-07  5.36627309e-08 -1.73988998e-08  2.18699812e-08
      1.43977822e-07]]]


  [[[ 2.96198609e-09 -9.67362711e-08 -8.81934551e-08 -1.37151948e-07
     -3.13238061e-08]
    [-3.21542547e-08  3.20917600e-08  9.40018372e-08  3.80925632e-09
      2.74450248e-08]
    [ 6.04362032e-08  3.81017425e-08  9.01271552e-09  1.82562827e-07
      1.22433075e-07]
    [ 5.31025083e-08  9.18799766e-08  1.41872688e-07 -4.43028583e-08
     -1.03231249e-08]
    [ 1.10151232e-07  7.50568129e-08  8.28425338e-09  5.11603478e-08
      9.62597195e-08]]

   [[-2.58250790e-09 -1.24361253e-07 -8.43843368e-08 -1.40027911e-07
     -1.60728627e-08]
    [-1.84578720e-08  3.40549073e-08  8.68463471e-08 -1.85065150e-08
      4.86258389e-08]
    [ 4.47663984e-08  4.23587317e-08  2.15540236e-08  2.07686789e-07
      1.16960742e-07]
    [ 5.78640906e-08  1.00106092e-07  1.48316770e-07 -7.30696964e-08
     -1.77126355e-09]
    [ 1.16207692e-07  6.36859072e-08  1.90801856e-09  5.87052130e-08
      9.59507857e-08]]

   [[-5.43931630e-08 -1.05596115e-07 -6.47761833e-08 -1.08889352e-07
     -4.19483775e-08]
    [-1.96463572e-08  1.44938413e-08  6.79334656e-08  2.13234113e-09
      3.93964556e-08]
    [ 5.01744830e-08  2.43805890e-08  1.55536752e-08  1.47132927e-07
      1.64063109e-07]
    [ 5.37194653e-08  1.11694807e-07  1.25563875e-07  1.37015789e-08
     -5.03679413e-08]
    [ 9.98479748e-08  6.78103417e-08  6.81150218e-09  5.85929038e-09
      1.24391373e-07]]

   [[-4.13317403e-09 -1.03707428e-07 -6.77867741e-08 -1.37875655e-07
     -7.36449784e-09]
    [-6.26765452e-09  3.75732235e-08  9.33797411e-08  6.02945498e-10
      6.09270988e-08]
    [ 4.83118915e-08  5.15571588e-08  2.77953988e-08  2.07959702e-07
      1.09053460e-07]
    [ 6.11752927e-08  1.06719834e-07  1.31016331e-07 -8.40055765e-08
     -4.12878248e-09]
    [ 1.01656415e-07  5.64299828e-08  7.67859653e-10  6.32987759e-08
      1.15433313e-07]]

   [[ 1.96653606e-08 -8.09582105e-08 -6.79669471e-08 -1.25267468e-07
     -3.67673151e-09]
    [ 3.52676928e-09  3.73904507e-08  8.38910786e-08 -7.89008507e-09
      4.99717196e-08]
    [ 3.00349955e-08  5.67856213e-08  2.67015199e-08  1.93834151e-07
      6.40795060e-08]
    [ 5.64979875e-08  7.96681805e-08  1.20591189e-07 -1.01280083e-07
      3.07426647e-08]
    [ 9.65677662e-08  3.89554902e-08  1.14510494e-08  7.85244290e-08
      7.83116708e-08]]

   [[-7.66126977e-08 -1.18521420e-07 -4.08441619e-08 -9.12750848e-08
     -7.71647799e-09]
    [ 1.46802502e-08  3.78525260e-08  7.97571522e-08  3.38487540e-09
      1.01142108e-07]
    [ 4.44502930e-08  4.38129368e-08  4.05918141e-08  1.93177654e-07
      1.53511313e-07]
    [ 6.11051509e-08  1.32545844e-07  1.31852176e-07 -3.58286186e-08
     -4.89873343e-08]
    [ 1.01112359e-07  5.14272591e-08 -1.83730389e-08  2.02360725e-08
      1.42303479e-07]]]


  [[[ 2.93589452e-09 -9.67925639e-08 -8.82023901e-08 -1.37160538e-07
     -3.13920294e-08]
    [-3.21851872e-08  3.20426004e-08  9.39546031e-08  3.75963601e-09
      2.74298357e-08]
    [ 6.03757810e-08  3.80762186e-08  8.99723643e-09  1.82570350e-07
      1.22388979e-07]
    [ 5.30596876e-08  9.18400879e-08  1.41840393e-07 -4.43444382e-08
     -1.03653797e-08]
    [ 1.10124402e-07  7.50236154e-08  8.26884338e-09  5.11391319e-08
      9.62375331e-08]]

   [[-2.61160894e-09 -1.24415306e-07 -8.43905521e-08 -1.40044448e-07
     -1.61443304e-08]
    [-1.85015490e-08  3.40001892e-08  8.67984492e-08 -1.85515381e-08
      4.86088818e-08]
    [ 4.47127003e-08  4.23371551e-08  2.15353907e-08  2.07692749e-07
      1.16916676e-07]
    [ 5.78192552e-08  1.00061324e-07  1.48286628e-07 -7.31156236e-08
     -1.81438881e-09]
    [ 1.16185656e-07  6.36485678e-08  1.89161101e-09  5.86829991e-08
      9.59216381e-08]]

   [[-5.44170648e-08 -1.05660271e-07 -6.47745258e-08 -1.08903946e-07
     -4.20178236e-08]
    [-1.96803121e-08  1.44540491e-08  6.78925130e-08  2.07550071e-09
      3.93758018e-08]
    [ 5.01011755e-08  2.43511317e-08  1.55425135e-08  1.47141039e-07
      1.64026386e-07]
    [ 5.36847726e-08  1.11668938e-07  1.25526820e-07  1.36647643e-08
     -5.04056631e-08]
    [ 9.98155310e-08  6.77719923e-08  6.79992266e-09  5.82913561e-09
      1.24377086e-07]]

   [[-4.16580529e-09 -1.03761247e-07 -6.77968138e-08 -1.37893907e-07
     -7.43219057e-09]
    [-6.30991542e-09  3.75217732e-08  9.33305262e-08  5.57916200e-10
      6.09153579e-08]
    [ 4.82594772e-08  5.15356396e-08  2.77789683e-08  2.07963493e-07
      1.09005594e-07]
    [ 6.11343928e-08  1.06675839e-07  1.30981924e-07 -8.40509551e-08
     -4.17203742e-09]
    [ 1.01633059e-07  5.63937837e-08  7.51186780e-10  6.32777527e-08
      1.15408886e-07]]

   [[ 1.96353190e-08 -8.09982764e-08 -6.79850831e-08 -1.25282284e-07
     -3.72923308e-09]
    [ 3.49148508e-09  3.73427217e-08  8.38468450e-08 -7.92370410e-09
      4.99587349e-08]
    [ 2.99937832e-08  5.67691139e-08  2.66808406e-08  1.93833730e-07
      6.40327704e-08]
    [ 5.64606893e-08  7.96226032e-08  1.20564620e-07 -1.01327552e-07
      3.07062602e-08]
    [ 9.65507834e-08  3.89231173e-08  1.14330721e-08  7.85075833e-08
      7.82852776e-08]]

   [[-7.66517095e-08 -1.18591256e-07 -4.08430258e-08 -9.13084642e-08
     -7.79433594e-09]
    [ 1.46231570e-08  3.78055120e-08  7.97132463e-08  3.32536648e-09
      1.01121845e-07]
    [ 4.43779485e-08  4.37868807e-08  4.05765154e-08  1.93182218e-07
      1.53466492e-07]
    [ 6.10673352e-08  1.32512438e-07  1.31812553e-07 -3.58770338e-08
     -4.90341587e-08]
    [ 1.01082363e-07  5.13825960e-08 -1.83873640e-08  2.02004019e-08
      1.42280042e-07]]]


  [[[ 3.54022812e-09 -9.48895017e-08 -8.83684169e-08 -1.37109781e-07
     -2.82413844e-08]
    [-3.14316744e-08  3.42238868e-08  9.64292697e-08  5.98101107e-09
      2.77928144e-08]
    [ 6.31720814e-08  3.94394957e-08  9.47175366e-09  1.82551812e-07
      1.24758707e-07]
    [ 5.51534373e-08  9.39471800e-08  1.43768338e-07 -4.29106036e-08
     -8.81588095e-09]
    [ 1.10977259e-07  7.63956288e-08  8.83207335e-09  5.21714114e-08
      9.74950024e-08]]

   [[-1.93088085e-09 -1.22787928e-07 -8.46123484e-08 -1.39528944e-07
     -1.28746959e-08]
    [-1.71770077e-08  3.65852167e-08  8.92821537e-08 -1.67335726e-08
      4.91364361e-08]
    [ 4.71604787e-08  4.35732170e-08  2.21269689e-08  2.07957734e-07
      1.19242040e-07]
    [ 6.00335141e-08  1.02378990e-07  1.50239376e-07 -7.17435879e-08
     -2.52520168e-10]
    [ 1.16813039e-07  6.53442449e-08  2.43855080e-09  5.97665079e-08
      9.75814799e-08]]

   [[-5.38600136e-08 -1.03527517e-07 -6.53933790e-08 -1.08469955e-07
     -3.88146211e-08]
    [-1.87213719e-08  1.60019893e-08  7.01606816e-08  4.68037290e-09
      3.99045779e-08]
    [ 5.32836069e-08  2.61239066e-08  1.57874074e-08  1.46827734e-07
      1.66360285e-07]
    [ 5.55699538e-08  1.13031227e-07  1.27632598e-07  1.53809762e-08
     -4.93445405e-08]
    [ 1.00870708e-07  6.94143875e-08  7.29325696e-09  6.89097404e-09
      1.25349002e-07]]

   [[-3.35590284e-09 -1.02037218e-07 -6.77461834e-08 -1.37345431e-07
     -4.34727459e-09]
    [-5.02218942e-09  4.00507955e-08  9.58952547e-08  2.40566958e-09
      6.12441057e-08]
    [ 5.07037479e-08  5.28083879e-08  2.82491136e-08  2.08329248e-07
      1.11500225e-07]
    [ 6.31492984e-08  1.08952045e-07  1.33119015e-07 -8.27599099e-08
     -2.62670270e-09]
    [ 1.02260480e-07  5.80482978e-08  1.27298576e-09  6.43514734e-08
      1.16964492e-07]]

   [[ 2.04302850e-08 -7.98073593e-08 -6.75042394e-08 -1.24906118e-07
     -1.41364414e-09]
    [ 4.55784869e-09  3.97914988e-08  8.60451199e-08 -6.62246624e-09
      5.04709447e-08]
    [ 3.19736568e-08  5.76116247e-08  2.74711122e-08  1.94470773e-07
      6.62257240e-08]
    [ 5.82041848e-08  8.18993096e-08  1.22297143e-07 -1.00016307e-07
      3.21799139e-08]
    [ 9.69899103e-08  4.03926042e-08  1.20292687e-08  7.95663368e-08
      7.98307668e-08]]

   [[-7.55412059e-08 -1.16312860e-07 -4.12535876e-08 -8.98903804e-08
     -4.21643088e-09]
    [ 1.66448996e-08  3.99805708e-08  8.21891377e-08  5.86315766e-09
      1.01800501e-07]
    [ 4.76194569e-08  4.55280430e-08  4.09316162e-08  1.93267171e-07
      1.56068583e-07]
    [ 6.30848359e-08  1.34221447e-07  1.34134875e-07 -3.40353942e-08
     -4.76591843e-08]
    [ 1.01917881e-07  5.34658899e-08 -1.79349532e-08  2.15298293e-08
      1.43833437e-07]]]


  [[[ 1.97847469e-09 -9.71264511e-08 -8.93456068e-08 -1.37901054e-07
     -3.07884363e-08]
    [-3.28756234e-08  3.20685723e-08  9.43717153e-08  4.03660570e-09
      2.67215348e-08]
    [ 6.06166432e-08  3.78945810e-08  8.37317869e-09  1.81592533e-07
      1.22507783e-07]
    [ 5.34192309e-08  9.21043658e-08  1.41878745e-07 -4.46898594e-08
     -1.07105434e-08]
    [ 1.09406773e-07  7.46922617e-08  7.66444872e-09  5.08448796e-08
      9.61065492e-08]]

   [[-3.66908567e-09 -1.24936000e-07 -8.55179053e-08 -1.40556576e-07
     -1.55753860e-08]
    [-1.90398940e-08  3.42273302e-08  8.71975944e-08 -1.85123945e-08
      4.79185825e-08]
    [ 4.47728314e-08  4.21192786e-08  2.09033104e-08  2.06865503e-07
      1.17009336e-07]
    [ 5.82342921e-08  1.00341337e-07  1.48336475e-07 -7.36396481e-08
     -2.20575855e-09]
    [ 1.15369616e-07  6.35038044e-08  1.26303172e-09  5.83942306e-08
      9.59663074e-08]]

   [[-5.51418017e-08 -1.05901578e-07 -6.60896266e-08 -1.09484159e-07
     -4.13455731e-08]
    [-2.03379075e-08  1.41901991e-08  6.83429745e-08  2.58458432e-09
      3.87259925e-08]
    [ 5.04257490e-08  2.45372369e-08  1.48533849e-08  1.46028068e-07
      1.64196168e-07]
    [ 5.40107607e-08  1.11579252e-07  1.25675098e-07  1.35968819e-08
     -5.09945416e-08]
    [ 9.92133657e-08  6.75851566e-08  6.23012024e-09  5.46019566e-09
      1.24130414e-07]]

   [[-5.17207971e-09 -1.04219606e-07 -6.87856192e-08 -1.38387643e-07
     -6.95042359e-09]
    [-6.86337559e-09  3.77983999e-08  9.37654166e-08  5.95982832e-10
      6.01566287e-08]
    [ 4.83798848e-08  5.13485437e-08  2.70645759e-08  2.07133070e-07
      1.09181413e-07]
    [ 6.14677233e-08  1.06915632e-07  1.31144581e-07 -8.45946815e-08
     -4.55520362e-09]
    [ 1.00789301e-07  5.62344607e-08  1.00780472e-10  6.29982870e-08
      1.15428009e-07]]

   [[ 1.86846154e-08 -8.15558628e-08 -6.86640270e-08 -1.25778871e-07
     -3.54376117e-09]
    [ 2.97195297e-09  3.76896791e-08  8.40951405e-08 -8.06745962e-09
      4.93949183e-08]
    [ 3.00788664e-08  5.63637447e-08  2.62095690e-08  1.93250346e-07
      6.41204780e-08]
    [ 5.66742427e-08  7.99086243e-08  1.20615800e-07 -1.01765554e-07
      3.04191298e-08]
    [ 9.57420480e-08  3.87876715e-08  1.08929965e-08  7.83352149e-08
      7.83647676e-08]]

   [[-7.73919309e-08 -1.18919090e-07 -4.20735253e-08 -9.15344423e-08
     -7.11483031e-09]
    [ 1.41904566e-08  3.78401010e-08  8.01897874e-08  3.60939307e-09
      1.00391234e-07]
    [ 4.46750246e-08  4.39438901e-08  3.97510440e-08  1.92114662e-07
      1.53633732e-07]
    [ 6.13920889e-08  1.32413516e-07  1.31945342e-07 -3.61453418e-08
     -4.96222496e-08]
    [ 1.00233902e-07  5.13189188e-08 -1.90990900e-08  1.98473292e-08
      1.42224800e-07]]]


  [[[ 3.65803485e-09 -9.55756790e-08 -8.78469140e-08 -1.36820992e-07
     -2.98320178e-08]
    [-3.14922989e-08  3.32636858e-08  9.51916937e-08  4.96124541e-09
      2.79437429e-08]
    [ 6.18912200e-08  3.89397147e-08  9.53931895e-09  1.83010485e-07
      1.23706279e-07]
    [ 5.41313167e-08  9.29473504e-08  1.42941802e-07 -4.33775324e-08
     -9.36381846e-09]
    [ 1.10900053e-07  7.59775529e-08  8.86168498e-09  5.18854112e-08
      9.70654168e-08]]

   [[-1.80007180e-09 -1.23293236e-07 -8.40667611e-08 -1.39525216e-07
     -1.45153009e-08]
    [-1.75580800e-08  3.53805920e-08  8.80430223e-08 -1.74846977e-08
      4.92160224e-08]
    [ 4.61033235e-08  4.31440818e-08  2.21524835e-08  2.08247851e-07
      1.18207088e-07]
    [ 5.89322024e-08  1.01275238e-07  1.49403600e-07 -7.21222182e-08
     -7.87960603e-10]
    [ 1.16873489e-07  6.47258353e-08  2.48000837e-09  5.94588443e-08
      9.69129385e-08]]

   [[-5.38022754e-08 -1.04353955e-07 -6.46184659e-08 -1.08398096e-07
     -4.04494905e-08]
    [-1.88859292e-08  1.54199840e-08  6.90126685e-08  3.39427312e-09
      3.99580828e-08]
    [ 5.17946493e-08  2.53090424e-08  1.59722564e-08  1.47460680e-07
      1.65310451e-07]
    [ 5.46616611e-08  1.12492950e-07  1.26690166e-07  1.47034758e-08
     -4.96013728e-08]
    [ 1.00650564e-07  6.88136224e-08  7.34421538e-09  6.59719903e-09
      1.25088350e-07]]

   [[-3.30436321e-09 -1.02609189e-07 -6.73702279e-08 -1.37363244e-07
     -5.87533309e-09]
    [-5.38248614e-09  3.88570788e-08  9.46114548e-08  1.64396238e-09
      6.14379397e-08]
    [ 4.96252547e-08  5.23498688e-08  2.83612442e-08  2.08571430e-07
      1.10359060e-07]
    [ 6.21681320e-08  1.07887202e-07  1.32160825e-07 -8.30999132e-08
     -3.15339332e-09]
    [ 1.02326167e-07  5.74549520e-08  1.33108223e-09  6.40445704e-08
      1.16357864e-07]]

   [[ 2.04661114e-08 -8.01090110e-08 -6.74336005e-08 -1.24855373e-07
     -2.49556749e-09]
    [ 4.28735104e-09  3.86099499e-08  8.49912421e-08 -7.08273646e-09
      5.05062987e-08]
    [ 3.11119481e-08  5.74165493e-08  2.73492774e-08  1.94489547e-07
      6.52422653e-08]
    [ 5.73831573e-08  8.08181781e-08  1.21551267e-07 -1.00414552e-07
      3.16626954e-08]
    [ 9.71355230e-08  3.98640401e-08  1.20048241e-08  7.92296981e-08
      7.91919243e-08]]

   [[-7.57131675e-08 -1.17180220e-07 -4.05904631e-08 -9.03711580e-08
     -6.02530605e-09]
    [ 1.59193978e-08  3.90234530e-08  8.09476336e-08  4.70560782e-09
      1.01834696e-07]
    [ 4.61228840e-08  4.47461276e-08  4.11372445e-08  1.93728213e-07
      1.54888337e-07]
    [ 6.21113588e-08  1.33535363e-07  1.33119424e-07 -3.47020258e-08
     -4.80505208e-08]
    [ 1.01888279e-07  5.26462651e-08 -1.78106486e-08  2.11199627e-08
      1.43260839e-07]]]


  [[[ 2.57998677e-09 -9.61636772e-08 -8.89581284e-08 -1.37525226e-07
     -2.96204019e-08]
    [-3.23120853e-08  3.29963663e-08  9.52763391e-08  4.91871723e-09
      2.71386535e-08]
    [ 6.17355295e-08  3.85828495e-08  8.82450072e-09  1.81957091e-07
      1.23488650e-07]
    [ 5.41933699e-08  9.29154438e-08  1.42699105e-07 -4.39310346e-08
     -9.92264627e-09]
    [ 1.09987012e-07  7.54004409e-08  8.16080283e-09  5.14228197e-08
      9.67193092e-08]]

   [[-2.99294694e-09 -1.24026592e-07 -8.51536308e-08 -1.40054997e-07
     -1.43567946e-08]
    [-1.83013112e-08  3.52693972e-08  8.81132397e-08 -1.77187440e-08
      4.84017805e-08]
    [ 4.58174475e-08  4.27704569e-08  2.14023511e-08  2.07308234e-07
      1.17974620e-07]
    [ 5.90370071e-08  1.01230486e-07  1.49175645e-07 -7.28505383e-08
     -1.40089327e-09]
    [ 1.15887663e-07  6.43039553e-08  1.75689644e-09  5.89902336e-08
      9.66952130e-08]]

   [[-5.46168123e-08 -1.04887080e-07 -6.58444503e-08 -1.09003726e-07
     -4.01751977e-08]
    [-1.96973514e-08  1.49411630e-08  6.91708390e-08  3.54267629e-09
      3.91753073e-08]
    [ 5.16604973e-08  2.52890432e-08  1.52198471e-08  1.46305390e-07
      1.65153608e-07]
    [ 5.47285284e-08  1.12186012e-07  1.26534609e-07  1.43975347e-08
     -5.03373851e-08]
    [ 9.98304213e-08  6.83568176e-08  6.69546701e-09  6.05481755e-09
      1.24658043e-07]]

   [[-4.46416577e-09 -1.03292857e-07 -6.83555450e-08 -1.37885304e-07
     -5.78401945e-09]
    [-6.13876434e-09  3.88060074e-08  9.47026768e-08  1.39699679e-09
      6.05786040e-08]
    [ 4.94023376e-08  5.20019013e-08  2.75392283e-08  2.07619419e-07
      1.10190645e-07]
    [ 6.22130440e-08  1.07801116e-07  1.32027242e-07 -8.38352257e-08
     -3.76024357e-09]
    [ 1.01317757e-07  5.70282240e-08  5.87935015e-10  6.35885893e-08
      1.16126026e-07]]

   [[ 1.93611514e-08 -8.08252972e-08 -6.81647911e-08 -1.25363129e-07
     -2.60608797e-09]
    [ 3.59296422e-09  3.86445816e-08  8.49369321e-08 -7.43354667e-09
      4.98356888e-08]
    [ 3.09263622e-08  5.68890280e-08  2.67391291e-08  1.93766373e-07
      6.50264740e-08]
    [ 5.73382396e-08  8.07826483e-08  1.21363564e-07 -1.01043535e-07
      3.11569139e-08]
    [ 9.61917826e-08  3.94953924e-08  1.13600193e-08  7.88878872e-08
      7.90367530e-08]]

   [[-7.66169925e-08 -1.17814638e-07 -4.17591123e-08 -9.07563982e-08
     -5.80494254e-09]
    [ 1.51845318e-08  3.87701390e-08  8.11031773e-08  4.61476686e-09
      1.00931530e-07]
    [ 4.59648399e-08  4.47002728e-08  4.02072021e-08  1.92558227e-07
      1.54698969e-07]
    [ 6.21602701e-08  1.33166029e-07  1.32920861e-07 -3.52291950e-08
     -4.88377797e-08]
    [ 1.00843254e-07  5.22686460e-08 -1.85974944e-08  2.05502579e-08
      1.42944686e-07]]]


  [[[ 2.77591165e-09 -9.76073692e-08 -8.79775431e-08 -1.37066441e-07
     -3.29117287e-08]
    [-3.24436676e-08  3.10190641e-08  9.27376440e-08  2.73640558e-09
      2.73656834e-08]
    [ 5.90602824e-08  3.74652880e-08  8.86960678e-09  1.82703707e-07
      1.21265309e-07]
    [ 5.20571903e-08  9.08256733e-08  1.40928073e-07 -4.49425182e-08
     -1.10469906e-08]
    [ 1.09811037e-07  7.44516554e-08  8.10129620e-09  5.07170006e-08
      9.56969315e-08]]

   [[-2.78898140e-09 -1.25082970e-07 -8.41392389e-08 -1.40189081e-07
     -1.77256254e-08]
    [-1.90531336e-08  3.27698727e-08  8.55769815e-08 -1.93532398e-08
      4.84667773e-08]
    [ 4.35826987e-08  4.17881626e-08  2.13578675e-08  2.07679290e-07
      1.15809147e-07]
    [ 5.67494732e-08  9.89417723e-08  1.47361629e-07 -7.36616477e-08
     -2.49714381e-09]
    [ 1.15988218e-07  6.29132952e-08  1.73318398e-09  5.82375383e-08
      9.51759278e-08]]

   [[-5.45669944e-08 -1.06590148e-07 -6.43319729e-08 -1.09002240e-07
     -4.35638216e-08]
    [-2.00428451e-08  1.37564670e-08  6.67784278e-08  8.40906036e-10
      3.92277045e-08]
    [ 4.85984150e-08  2.35102431e-08  1.55230727e-08  1.47432898e-07
      1.62905777e-07]
    [ 5.27856155e-08  1.11039668e-07  1.24526350e-07  1.29002966e-08
     -5.08337138e-08]
    [ 9.93909872e-08  6.70518763e-08  6.66169803e-09  5.39902977e-09
      1.23976210e-07]]

   [[-4.40998426e-09 -1.04486175e-07 -6.76895272e-08 -1.38054651e-07
     -8.92012957e-09]
    [-6.84573573e-09  3.63136974e-08  9.20696676e-08 -2.58969895e-10
      6.08714720e-08]
    [ 4.71233100e-08  5.09630892e-08  2.76679347e-08  2.07899143e-07
      1.07811283e-07]
    [ 6.01675884e-08  1.05583268e-07  1.29962671e-07 -8.45575314e-08
     -4.84333903e-09]
    [ 1.01437589e-07  5.56807619e-08  6.05886553e-10  6.28341381e-08
      1.14714047e-07]]

   [[ 1.93863131e-08 -8.14695444e-08 -6.81104414e-08 -1.25368803e-07
     -4.82851610e-09]
    [ 3.05664316e-09  3.61656675e-08  8.27799310e-08 -8.47048887e-09
      4.98042268e-08]
    [ 2.90792736e-08  5.64189854e-08  2.63915210e-08  1.93609317e-07
      6.29948262e-08]
    [ 5.56332524e-08  7.85315482e-08  1.19742843e-07 -1.01856599e-07
      3.00594451e-08]
    [ 9.64458538e-08  3.82912719e-08  1.12346556e-08  7.80570820e-08
      7.75858934e-08]]

   [[-7.70481268e-08 -1.19583990e-07 -4.05056632e-08 -9.18981703e-08
     -9.52551322e-09]
    [ 1.37291119e-08  3.67833834e-08  7.85013530e-08  2.15991660e-09
      1.00911481e-07]
    [ 4.28534030e-08  4.29638803e-08  4.05314223e-08  1.93285850e-07
      1.52213909e-07]
    [ 6.00998912e-08  1.31719545e-07  1.30720354e-07 -3.66714309e-08
     -4.96040293e-08]
    [ 1.00788194e-07  5.04567990e-08 -1.84839321e-08  1.96466993e-08
      1.41592902e-07]]]


  [[[ 3.64758321e-09 -9.54847323e-08 -8.79299451e-08 -1.36900543e-07
     -2.96069778e-08]
    [-3.14725635e-08  3.34229784e-08  9.53945778e-08  5.06441877e-09
      2.79007020e-08]
    [ 6.20708000e-08  3.90024058e-08  9.50698230e-09  1.82902703e-07
      1.23863139e-07]
    [ 5.42670486e-08  9.30950381e-08  1.43063512e-07 -4.33257206e-08
     -9.26252086e-09]
    [ 1.10926268e-07  7.60091711e-08  8.82567514e-09  5.18914995e-08
      9.70793968e-08]]

   [[-1.81937584e-09 -1.23219543e-07 -8.41600018e-08 -1.39569692e-07
     -1.42670596e-08]
    [-1.74735646e-08  3.55655612e-08  8.82502212e-08 -1.74240057e-08
      4.91792419e-08]
    [ 4.62455292e-08  4.31949803e-08  2.21231322e-08  2.08153420e-07
      1.18373464e-07]
    [ 5.90857786e-08  1.01447124e-07  1.49520420e-07 -7.20763550e-08
     -6.86414895e-10]
    [ 1.16878682e-07  6.47705728e-08  2.44673363e-09  5.94665870e-08
      9.69574597e-08]]

   [[-5.38258182e-08 -1.04237717e-07 -6.47253500e-08 -1.08454156e-07
     -4.02254766e-08]
    [-1.88467419e-08  1.55319975e-08  6.91828990e-08  3.54587207e-09
      3.99350131e-08]
    [ 5.20141400e-08  2.54069897e-08  1.59316041e-08  1.47330139e-07
      1.65463369e-07]
    [ 5.47680564e-08  1.12575671e-07  1.26822282e-07  1.47695338e-08
     -4.95306731e-08]
    [ 1.00707321e-07  6.88803293e-08  7.29874526e-09  6.62623171e-09
      1.25081042e-07]]

   [[-3.30839059e-09 -1.02522850e-07 -6.74392242e-08 -1.37403782e-07
     -5.64065488e-09]
    [-5.29821400e-09  3.90334876e-08  9.48215143e-08  1.70709964e-09
      6.13842705e-08]
    [ 4.97696308e-08  5.24077209e-08  2.83184319e-08  2.08490257e-07
      1.10540331e-07]
    [ 6.23025692e-08  1.08049038e-07  1.32291342e-07 -8.30567934e-08
     -3.05848934e-09]
    [ 1.02334805e-07  5.74930938e-08  1.29844728e-09  6.40523286e-08
      1.16388146e-07]]

   [[ 2.04674685e-08 -8.00614028e-08 -6.74608235e-08 -1.24896846e-07
     -2.32308315e-09]
    [ 4.35071713e-09  3.87780086e-08  8.51687761e-08 -7.05912165e-09
      5.04756863e-08]
    [ 3.12179452e-08  5.74465708e-08  2.73396637e-08  1.94447706e-07
      6.54025120e-08]
    [ 5.74984050e-08  8.09763259e-08  1.21655441e-07 -1.00356936e-07
      3.17422189e-08]
    [ 9.71172722e-08  3.98955901e-08  1.19930940e-08  7.92362519e-08
      7.92351902e-08]]

   [[-7.57076636e-08 -1.17045853e-07 -4.06904936e-08 -9.03556914e-08
     -5.75968364e-09]
    [ 1.60620292e-08  3.91784593e-08  8.11264033e-08  4.82888663e-09
      1.01809074e-07]
    [ 4.63345198e-08  4.48330853e-08  4.10831935e-08  1.93610079e-07
      1.55076522e-07]
    [ 6.22378365e-08  1.33645587e-07  1.33247772e-07 -3.46268207e-08
     -4.79598484e-08]
    [ 1.01919667e-07  5.27207643e-08 -1.78690629e-08  2.11626588e-08
      1.43286221e-07]]]


  [[[ 2.65870506e-09 -9.72399212e-08 -8.83504982e-08 -1.37292667e-07
     -3.19470853e-08]
    [-3.24498344e-08  3.15986709e-08  9.35126208e-08  3.33796194e-09
      2.72380708e-08]
    [ 5.98347749e-08  3.77644264e-08  8.79617753e-09  1.82410856e-07
      1.21918132e-07]
    [ 5.26819912e-08  9.14465974e-08  1.41447596e-07 -4.46981668e-08
     -1.07375884e-08]
    [ 1.09833951e-07  7.46817892e-08  8.05147583e-09  5.08733640e-08
      9.59489404e-08]]

   [[-2.92155465e-09 -1.24834016e-07 -8.45255149e-08 -1.40236947e-07
     -1.67273781e-08]
    [-1.88574944e-08  3.35036994e-08  8.63524322e-08 -1.89283121e-08
      4.83852547e-08]
    [ 4.42144186e-08  4.20457320e-08  2.13081322e-08  2.07497084e-07
      1.16452635e-07]
    [ 5.74264313e-08  9.96280541e-08  1.47889835e-07 -7.34841128e-08
     -2.19638522e-09]
    [ 1.15925881e-07  6.32676570e-08  1.67437803e-09  5.84071867e-08
      9.55774296e-08]]

   [[-5.46497895e-08 -1.06139855e-07 -6.48547416e-08 -1.09091169e-07
     -4.25738040e-08]
    [-1.99815267e-08  1.40958119e-08  6.74961545e-08  1.61308767e-09
      3.91595117e-08]
    [ 4.94947758e-08  2.40123773e-08  1.53796593e-08  1.47021203e-07
      1.63570630e-07]
    [ 5.33433406e-08  1.11372797e-07  1.25113923e-07  1.32946973e-08
     -5.07140285e-08]
    [ 9.95031036e-08  6.73987616e-08  6.60183219e-09  5.54840882e-09
      1.24129340e-07]]

   [[-4.49380272e-09 -1.04189629e-07 -6.79661259e-08 -1.38090342e-07
     -7.99068133e-09]
    [-6.66036467e-09  3.70438408e-08  9.28728474e-08  1.74718397e-10
      6.07217892e-08]
    [ 4.77714278e-08  5.12418814e-08  2.75634375e-08  2.07747471e-07
      1.08519828e-07]
    [ 6.07694100e-08  1.06243961e-07  1.30564598e-07 -8.44053877e-08
     -4.55015554e-09]
    [ 1.01369594e-07  5.60187727e-08  5.36059267e-10  6.30055037e-08
      1.15081344e-07]]

   [[ 1.93195693e-08 -8.13323595e-08 -6.81943241e-08 -1.25442497e-07
     -4.17573644e-09]
    [ 3.19103548e-09  3.68917660e-08  8.34351462e-08 -8.22217306e-09
      4.97587312e-08]
    [ 2.95954140e-08  5.65304975e-08  2.64380063e-08  1.93602351e-07
      6.35956546e-08]
    [ 5.61331455e-08  7.91972883e-08  1.20213873e-07 -1.01668413e-07
      3.03561411e-08]
    [ 9.63298154e-08  3.85907801e-08  1.12212735e-08  7.82548050e-08
      7.79709883e-08]]

   [[-7.70018078e-08 -1.19112883e-07 -4.09541311e-08 -9.16439748e-08
     -8.42466593e-09]
    [ 1.41409182e-08  3.73638194e-08  7.92773845e-08  2.83912260e-09
      1.00860432e-07]
    [ 4.37540368e-08  4.34491300e-08  4.03670880e-08  1.92985359e-07
      1.52957319e-07]
    [ 6.06998379e-08  1.32143819e-07  1.31350506e-07 -3.63034488e-08
     -4.94074412e-08]
    [ 1.00776274e-07  5.09349552e-08 -1.85998874e-08  1.98662653e-08
      1.41940846e-07]]]


  [[[ 2.71472258e-09 -9.72772257e-08 -8.82400955e-08 -1.37206546e-07
     -3.21119535e-08]
    [-3.24255180e-08  3.15044431e-08  9.33722131e-08  3.25743421e-09
      2.72977417e-08]
    [ 5.97140681e-08  3.77373009e-08  8.84599851e-09  1.82521792e-07
      1.21819013e-07]
    [ 5.25806614e-08  9.13449475e-08  1.41373462e-07 -4.47126930e-08
     -1.07779526e-08]
    [ 1.09854230e-07  7.46758497e-08  8.10217652e-09  5.08819130e-08
      9.59424863e-08]]

   [[-2.85568154e-09 -1.24850356e-07 -8.44102695e-08 -1.40183911e-07
     -1.69030570e-08]
    [-1.88783873e-08  3.33832909e-08  8.62109468e-08 -1.89717255e-08
      4.84398503e-08]
    [ 4.41254153e-08  4.20276536e-08  2.13557941e-08  2.07591528e-07
      1.16350390e-07]
    [ 5.73122097e-08  9.95118808e-08  1.47818040e-07 -7.34855477e-08
     -2.23456691e-09]
    [ 1.15963651e-07  6.32434111e-08  1.72498935e-09  5.84141374e-08
      9.55434982e-08]]

   [[-5.45990965e-08 -1.06197364e-07 -6.47200126e-08 -1.09028573e-07
     -4.27423227e-08]
    [-1.99699066e-08  1.40452293e-08  6.73725100e-08  1.49257164e-09
      3.92037978e-08]
    [ 4.93457634e-08  2.39451184e-08  1.54383757e-08  1.47152371e-07
      1.63471579e-07]
    [ 5.32610258e-08  1.11327836e-07  1.25027138e-07  1.32566718e-08
     -5.07225982e-08]
    [ 9.94998699e-08  6.73654644e-08  6.65634448e-09  5.54834763e-09
      1.24141838e-07]]

   [[-4.43957269e-09 -1.04216416e-07 -6.78726483e-08 -1.38040960e-07
     -8.15362845e-09]
    [-6.68016918e-09  3.69255907e-08  9.27273039e-08  1.29665200e-10
      6.07899940e-08]
    [ 4.76779863e-08  5.12182730e-08  2.76231678e-08  2.07834929e-07
      1.08404362e-07]
    [ 6.06705657e-08  1.06135268e-07  1.30478526e-07 -8.44039272e-08
     -4.58550601e-09]
    [ 1.01407289e-07  5.59992212e-08  5.87567503e-10  6.30121239e-08
      1.15056916e-07]]

   [[ 1.93678689e-08 -8.13308614e-08 -6.81424455e-08 -1.25392052e-07
     -4.28610762e-09]
    [ 3.18124425e-09  3.67745044e-08  8.33184409e-08 -8.23344727e-09
      4.98037762e-08]
    [ 2.95266519e-08  5.65347564e-08  2.64655668e-08  1.93654591e-07
      6.34971215e-08]
    [ 5.60519816e-08  7.90878805e-08  1.20149852e-07 -1.01680827e-07
      3.03238181e-08]
    [ 9.63807530e-08  3.85744565e-08  1.12549911e-08  7.82564399e-08
      7.79367349e-08]]

   [[-7.69679797e-08 -1.19175457e-07 -4.08283987e-08 -9.16435006e-08
     -8.61749870e-09]
    [ 1.40804856e-08  3.72717547e-08  7.91469896e-08  2.74547210e-09
      1.00909620e-07]
    [ 4.36112446e-08  4.33896740e-08  4.04389944e-08  1.93105898e-07
      1.52838875e-07]
    [ 6.06065388e-08  1.32083244e-07  1.31265986e-07 -3.63360639e-08
     -4.94284836e-08]
    [ 1.00801077e-07  5.08895540e-08 -1.85305245e-08  1.98567075e-08
      1.41922969e-07]]]


  [[[ 2.57259974e-09 -9.69408493e-08 -8.86782823e-08 -1.37516637e-07
     -3.11595882e-08]
    [-3.24456955e-08  3.20810696e-08  9.41607947e-08  3.84310268e-09
      2.71462657e-08]
    [ 6.04876435e-08  3.80027902e-08  8.73869969e-09  1.82189589e-07
      1.22467898e-07]
    [ 5.32090936e-08  9.19693694e-08  1.41887589e-07 -4.44937422e-08
     -1.04793159e-08]
    [ 1.09889101e-07  7.48958132e-08  8.00884594e-09  5.10086443e-08
      9.61715882e-08]]

   [[-3.02017317e-09 -1.24635750e-07 -8.48658298e-08 -1.40316250e-07
     -1.59088222e-08]
    [-1.86824800e-08  3.41094163e-08  8.69989373e-08 -1.85680171e-08
      4.83335283e-08]
    [ 4.47443721e-08  4.22476158e-08  2.12758140e-08  2.07366210e-07
      1.16993465e-07]
    [ 5.79964050e-08  1.00206573e-07  1.48332371e-07 -7.33330432e-08
     -1.94220352e-09]
    [ 1.15911606e-07  6.35776252e-08  1.62498744e-09  5.85557005e-08
      9.59214689e-08]]

   [[-5.47206080e-08 -1.05766356e-07 -6.53048078e-08 -1.09195756e-07
     -4.17660882e-08]
    [-1.99224120e-08  1.43812076e-08  6.80877723e-08  2.25814138e-09
      3.91260175e-08]
    [ 5.02569461e-08  2.44083856e-08  1.52666701e-08  1.46704531e-07
      1.64126886e-07]
    [ 5.38067146e-08  1.11664820e-07  1.25610199e-07  1.36185653e-08
     -5.06135762e-08]
    [ 9.96327012e-08  6.77059691e-08  6.54580122e-09  5.68198825e-09
      1.24272602e-07]]

   [[-4.55038710e-09 -1.03951296e-07 -6.82141477e-08 -1.38155796e-07
     -7.22713726e-09]
    [-6.49220172e-09  3.76442050e-08  9.35441555e-08  5.46391791e-10
      6.06144384e-08]
    [ 4.83142598e-08  5.14620845e-08  2.74878036e-08  2.07640439e-07
      1.09113543e-07]
    [ 6.12786407e-08  1.06803676e-07  1.31065653e-07 -8.42759086e-08
     -4.30056650e-09]
    [ 1.01348395e-07  5.63123669e-08  4.78679952e-10  6.31543784e-08
      1.15396991e-07]]

   [[ 1.92793997e-08 -8.12245958e-08 -6.82806469e-08 -1.25534838e-07
     -3.63941197e-09]
    [ 3.31699210e-09  3.74860534e-08  8.39865906e-08 -8.00774533e-09
      4.97299660e-08]
    [ 3.00221843e-08  5.66218132e-08  2.64836624e-08  1.93609364e-07
      6.41001929e-08]
    [ 5.65609435e-08  7.97588191e-08  1.20604545e-07 -1.01508337e-07
      3.06094699e-08]
    [ 9.62645094e-08  3.88484379e-08  1.12143319e-08  7.84228415e-08
      7.82958661e-08]]

   [[-7.69666728e-08 -1.18723693e-07 -4.13440579e-08 -9.14612148e-08
     -7.51714766e-09]
    [ 1.44987398e-08  3.78437585e-08  7.99169465e-08  3.41570556e-09
      1.00848881e-07]
    [ 4.45116347e-08  4.38300015e-08  4.02475993e-08  1.92761985e-07
      1.53578017e-07]
    [ 6.11991307e-08  1.32515350e-07  1.31878454e-07 -3.59991158e-08
     -4.92378762e-08]
    [ 1.00805044e-07  5.13401700e-08 -1.87030837e-08  2.00613092e-08
      1.42244753e-07]]]


  [[[ 3.11639796e-09 -9.63256351e-08 -8.81683456e-08 -1.37088061e-07
     -3.06755007e-08]
    [-3.19784338e-08  3.25544600e-08  9.45111764e-08  4.24507418e-09
      2.75293237e-08]
    [ 6.10036459e-08  3.84069684e-08  9.12798704e-09  1.82574409e-07
      1.22925763e-07]
    [ 5.35173118e-08  9.23096795e-08  1.42275665e-07 -4.39974356e-08
     -9.98055876e-09]
    [ 1.10328182e-07  7.53280814e-08  8.42043513e-09  5.13762753e-08
      9.65064035e-08]]

   [[-2.41058487e-09 -1.23997435e-07 -8.43713785e-08 -1.39873715e-07
     -1.53965226e-08]
    [-1.81664996e-08  3.45971760e-08  8.73613797e-08 -1.81502904e-08
      4.87421434e-08]
    [ 4.52708801e-08  4.26409810e-08  2.16876705e-08  2.07752196e-07
      1.17449503e-07]
    [ 5.83044920e-08  1.00580617e-07  1.48728796e-07 -7.27726494e-08
     -1.42672868e-09]
    [ 1.16339897e-07  6.40208658e-08  2.04169901e-09  5.89291634e-08
      9.62767934e-08]]

   [[-5.42523364e-08 -1.05147092e-07 -6.48363514e-08 -1.08758229e-07
     -4.12936217e-08]
    [-1.94254583e-08  1.48334060e-08  6.84016815e-08  2.64375973e-09
      3.95048830e-08]
    [ 5.08117381e-08  2.47658607e-08  1.56231921e-08  1.47082486e-07
      1.64552352e-07]
    [ 5.40980212e-08  1.11974926e-07  1.25997017e-07  1.40606942e-08
     -5.01171600e-08]
    [ 1.00064133e-07  6.81387199e-08  6.93580649e-09  6.08231743e-09
      1.24582534e-07]]

   [[-3.93718122e-09 -1.03324265e-07 -6.77227231e-08 -1.37719379e-07
     -6.72448323e-09]
    [-5.98376037e-09  3.81028110e-08  9.39076621e-08  9.62172649e-10
      6.10041360e-08]
    [ 4.88140576e-08  5.18464010e-08  2.79045700e-08  2.08049909e-07
      1.09574975e-07]
    [ 6.15750324e-08  1.07183661e-07  1.31463288e-07 -8.37240991e-08
     -3.79170408e-09]
    [ 1.01792526e-07  5.67589148e-08  8.96525289e-10  6.35219236e-08
      1.15738442e-07]]

   [[ 1.98558243e-08 -8.06831296e-08 -6.78280245e-08 -1.25149416e-07
     -3.18798753e-09]
    [ 3.76126272e-09  3.79017740e-08  8.43457519e-08 -7.63353206e-09
      5.00879625e-08]
    [ 3.04457569e-08  5.69848257e-08  2.68724797e-08  1.93979336e-07
      6.45383588e-08]
    [ 5.68426567e-08  8.01294892e-08  1.20960356e-07 -1.00999055e-07
      3.10584676e-08]
    [ 9.66634565e-08  3.92489049e-08  1.15897570e-08  7.87428910e-08
      7.86184624e-08]]

   [[-7.63564379e-08 -1.18034023e-07 -4.08631091e-08 -9.09560738e-08
     -6.98582446e-09]
    [ 1.51141272e-08  3.83166813e-08  8.02678863e-08  3.87845245e-09
      1.01278988e-07]
    [ 4.51078827e-08  4.41937809e-08  4.06759862e-08  1.93207570e-07
      1.54061545e-07]
    [ 6.15138990e-08  1.32897611e-07  1.32332272e-07 -3.54384787e-08
     -4.86768175e-08]
    [ 1.01290633e-07  5.18484638e-08 -1.82532370e-08  2.05109175e-08
      1.42607933e-07]]]]



 [[[[ 4.09035973e-08  5.51064889e-08  4.54501791e-08  3.14465752e-08
      5.46243816e-08]
    [ 2.54876664e-08  4.77878149e-08  4.25278250e-08  2.71526320e-08
      2.45159344e-08]
    [ 4.51418689e-08  4.36287006e-08  2.82368078e-08  3.63663640e-08
      5.05921740e-08]
    [ 2.17502236e-08  3.28976852e-08  4.51450499e-08  3.43541883e-08
      4.54470876e-08]
    [ 2.86160831e-08  2.76691705e-08  3.24501744e-08  2.96462100e-08
      2.63658846e-08]]

   [[ 5.73282980e-08  6.29009795e-08  4.92562473e-08  4.17434078e-08
      6.69496928e-08]
    [ 3.93696066e-08  5.94512194e-08  5.01792828e-08  2.84541995e-08
      3.46980587e-08]
    [ 5.25260644e-08  4.84437174e-08  3.37759669e-08  4.70538100e-08
      5.70202201e-08]
    [ 2.53478559e-08  4.40770281e-08  5.67071980e-08  4.29857675e-08
      5.24798199e-08]
    [ 3.07364219e-08  3.84230137e-08  3.61250694e-08  3.47529401e-08
      3.57844244e-08]]

   [[ 3.44622380e-08  6.10186739e-08  4.82824672e-08  4.35669889e-08
      5.91970280e-08]
    [ 4.03294111e-08  4.66001408e-08  4.07857237e-08  3.23611511e-08
      2.40030274e-08]
    [ 5.70566359e-08  4.79950760e-08  2.66094676e-08  3.24237429e-08
      6.63341950e-08]
    [ 2.85529241e-08  2.83215895e-08  5.01099580e-08  4.72893363e-08
      4.40673759e-08]
    [ 3.37729574e-08  3.68164606e-08  3.85810478e-08  2.95957403e-08
      2.88895529e-08]]

   [[ 6.09642271e-08  6.63395082e-08  5.31555017e-08  4.09773717e-08
      6.63047316e-08]
    [ 4.19794392e-08  5.80260087e-08  5.09349517e-08  2.97809003e-08
      3.32516850e-08]
    [ 5.23344373e-08  4.95359009e-08  3.50908858e-08  5.46988100e-08
      6.04486786e-08]
    [ 2.41248990e-08  4.56627501e-08  5.86616124e-08  4.28151993e-08
      5.12325837e-08]
    [ 3.50235868e-08  4.22468873e-08  3.68489382e-08  3.65171117e-08
      3.77777742e-08]]

   [[ 6.25165968e-08  5.55124281e-08  4.93600574e-08  3.47393275e-08
      5.70197216e-08]
    [ 3.54927925e-08  5.60812129e-08  4.77143729e-08  2.78229179e-08
      3.55977410e-08]
    [ 4.58965892e-08  4.29922735e-08  3.70123331e-08  5.38868775e-08
      5.17113714e-08]
    [ 2.23771917e-08  4.46620025e-08  5.21930886e-08  3.70161758e-08
      4.98643874e-08]
    [ 3.25044543e-08  3.82414748e-08  3.28084036e-08  3.70369025e-08
      3.52773234e-08]]

   [[ 5.68586703e-08  7.28124486e-08  5.22859485e-08  5.75190481e-08
      6.87425639e-08]
    [ 6.48660168e-08  5.57326772e-08  4.77417459e-08  3.67819543e-08
      3.39410132e-08]
    [ 6.79619959e-08  5.13088998e-08  3.22429088e-08  4.90732610e-08
      7.56042634e-08]
    [ 3.01134648e-08  4.01158026e-08  6.50782931e-08  5.57280071e-08
      5.10416852e-08]
    [ 3.92993986e-08  5.54114709e-08  4.28643936e-08  3.64179395e-08
      4.03718111e-08]]]


  [[[ 4.08280440e-08  5.49486530e-08  4.53290550e-08  3.13052523e-08
      5.44538603e-08]
    [ 2.54509101e-08  4.76792150e-08  4.24575022e-08  2.70431070e-08
      2.44418271e-08]
    [ 4.50176684e-08  4.35105506e-08  2.81553293e-08  3.62447552e-08
      5.04606042e-08]
    [ 2.16819005e-08  3.28219661e-08  4.50353212e-08  3.42557618e-08
      4.53546099e-08]
    [ 2.85872686e-08  2.75890460e-08  3.23531354e-08  2.95336802e-08
      2.62597705e-08]]

   [[ 5.72053605e-08  6.27387978e-08  4.91074068e-08  4.15441374e-08
      6.67793252e-08]
    [ 3.93272084e-08  5.92800987e-08  5.00949085e-08  2.83390744e-08
      3.45882524e-08]
    [ 5.23670101e-08  4.83041616e-08  3.36802719e-08  4.68722234e-08
      5.68891280e-08]
    [ 2.52744923e-08  4.39877536e-08  5.65416697e-08  4.28777414e-08
      5.23794611e-08]
    [ 3.07077263e-08  3.82751241e-08  3.60234864e-08  3.46208324e-08
      3.56309116e-08]]

   [[ 3.43601756e-08  6.08691658e-08  4.81838186e-08  4.33701405e-08
      5.89966556e-08]
    [ 4.02722212e-08  4.65259859e-08  4.06797076e-08  3.22408986e-08
      2.39512868e-08]
    [ 5.69290301e-08  4.78134635e-08  2.65478881e-08  3.23284598e-08
      6.61484049e-08]
    [ 2.84401039e-08  2.82743546e-08  4.99826818e-08  4.71142313e-08
      4.40080199e-08]
    [ 3.37531634e-08  3.67204985e-08  3.84410459e-08  2.95241762e-08
      2.87792414e-08]]

   [[ 6.08437079e-08  6.61739838e-08  5.29937918e-08  4.07872010e-08
      6.61469914e-08]
    [ 4.19390265e-08  5.78468833e-08  5.08452017e-08  2.96668774e-08
      3.31511453e-08]
    [ 5.21732231e-08  4.93974986e-08  3.49935503e-08  5.45047890e-08
      6.03093876e-08]
    [ 2.40574656e-08  4.55675465e-08  5.84797213e-08  4.27144165e-08
      5.11326327e-08]
    [ 3.49936064e-08  4.20800021e-08  3.67500988e-08  3.63798187e-08
      3.76090113e-08]]

   [[ 6.24074971e-08  5.53765385e-08  4.92003335e-08  3.45888829e-08
      5.68991477e-08]
    [ 3.54533015e-08  5.58964735e-08  4.76421179e-08  2.77165331e-08
      3.54820141e-08]
    [ 4.57404013e-08  4.29014888e-08  3.68973077e-08  5.36984848e-08
      5.16052722e-08]
    [ 2.23263107e-08  4.45535633e-08  5.20419883e-08  3.69396635e-08
      4.97490237e-08]
    [ 3.24618599e-08  3.80904737e-08  3.27304695e-08  3.68818792e-08
      3.51253268e-08]]

   [[ 5.66882173e-08  7.26541107e-08  5.21543691e-08  5.72526527e-08
      6.85568387e-08]
    [ 6.47950184e-08  5.56009433e-08  4.76083810e-08  3.66471994e-08
      3.38639110e-08]
    [ 6.77804485e-08  5.11076333e-08  3.21671847e-08  4.89073227e-08
      7.54281235e-08]
    [ 3.00125268e-08  4.00540037e-08  6.48725842e-08  5.55555877e-08
      5.09745212e-08]
    [ 3.92768681e-08  5.52057501e-08  4.27127979e-08  3.63244366e-08
      4.01995889e-08]]]


  [[[ 4.06325190e-08  5.46828866e-08  4.51072938e-08  3.11490998e-08
      5.41843983e-08]
    [ 2.53293298e-08  4.74467043e-08  4.22487950e-08  2.69125831e-08
      2.43253841e-08]
    [ 4.48007292e-08  4.32967283e-08  2.80195842e-08  3.60701980e-08
      5.02139559e-08]
    [ 2.15778256e-08  3.26624040e-08  4.48134997e-08  3.40913004e-08
      4.51337324e-08]
    [ 2.84519486e-08  2.74590983e-08  3.21963717e-08  2.93907379e-08
      2.61336808e-08]]

   [[ 5.69314686e-08  6.24350574e-08  4.88666552e-08  4.13361471e-08
      6.64496531e-08]
    [ 3.91380134e-08  5.89893965e-08  4.98481982e-08  2.82037033e-08
      3.44228901e-08]
    [ 5.21137569e-08  4.80660261e-08  3.35191706e-08  4.66455452e-08
      5.66103537e-08]
    [ 2.51528079e-08  4.37736777e-08  5.62619891e-08  4.26729107e-08
      5.21248725e-08]
    [ 3.05621398e-08  3.80923938e-08  3.58491255e-08  3.44537425e-08
      3.54584628e-08]]

   [[ 3.41951760e-08  6.05775990e-08  4.79474822e-08  4.31543646e-08
      5.87049385e-08]
    [ 4.00789907e-08  4.63003246e-08  4.04785890e-08  3.20849281e-08
      2.38398254e-08]
    [ 5.66572830e-08  4.75748078e-08  2.64206015e-08  3.21757596e-08
      6.58221531e-08]
    [ 2.83008658e-08  2.81384289e-08  4.97382360e-08  4.68844860e-08
      4.37952759e-08]
    [ 3.35935946e-08  3.65463301e-08  3.82536536e-08  2.93835039e-08
      2.86416093e-08]]

   [[ 6.05525565e-08  6.58530551e-08  5.27337648e-08  4.05837680e-08
      6.58211503e-08]
    [ 4.17372261e-08  5.75623194e-08  5.05954535e-08  2.95260042e-08
      3.29930780e-08]
    [ 5.19204200e-08  4.91537885e-08  3.48267982e-08  5.42405412e-08
      6.00138535e-08]
    [ 2.39419976e-08  4.53465277e-08  5.81904409e-08  4.25105561e-08
      5.08850807e-08]
    [ 3.48271836e-08  4.18784322e-08  3.65726437e-08  3.62039326e-08
      3.74268758e-08]]

   [[ 6.21087350e-08  5.51080542e-08  4.89593917e-08  3.44169564e-08
      5.66200036e-08]
    [ 3.52834219e-08  5.56208270e-08  4.74093204e-08  2.75849177e-08
      3.53108592e-08]
    [ 4.55176228e-08  4.26920119e-08  3.67204057e-08  5.34366791e-08
      5.13542487e-08]
    [ 2.22201468e-08  4.43374625e-08  5.17845805e-08  3.67643917e-08
      4.95079695e-08]
    [ 3.23079776e-08  3.79078221e-08  3.25731744e-08  3.67025915e-08
      3.49546615e-08]]

   [[ 5.64151354e-08  7.23043010e-08  5.18974560e-08  5.69680466e-08
      6.82197833e-08]
    [ 6.44825421e-08  5.53287012e-08  4.73727839e-08  3.64724258e-08
      3.37050639e-08]
    [ 6.74533665e-08  5.08517408e-08  3.20150957e-08  4.86739814e-08
      7.50558583e-08]
    [ 2.98658212e-08  3.98609252e-08  6.45539488e-08  5.52869796e-08
      5.07287434e-08]
    [ 3.90903303e-08  5.49392081e-08  4.25050685e-08  3.61511890e-08
      4.00056754e-08]]]


  [[[ 4.08139590e-08  5.48969912e-08  4.52932613e-08  3.12462171e-08
      5.43960159e-08]
    [ 2.54478978e-08  4.76521619e-08  4.24492004e-08  2.69976525e-08
      2.44155112e-08]
    [ 4.49779645e-08  4.34750490e-08  2.81282176e-08  3.61996417e-08
      5.04221354e-08]
    [ 2.16570240e-08  3.28021920e-08  4.50059834e-08  3.42230352e-08
      4.53352599e-08]
    [ 2.85900580e-08  2.75606625e-08  3.23202092e-08  2.94887875e-08
      2.62157723e-08]]

   [[ 5.71760603e-08  6.26914089e-08  4.90584197e-08  4.14588211e-08
      6.67322169e-08]
    [ 3.93318960e-08  5.92256821e-08  5.00849352e-08  2.82908691e-08
      3.45485592e-08]
    [ 5.23128976e-08  4.82602324e-08  3.36485596e-08  4.67996582e-08
      5.68568173e-08]
    [ 2.52496064e-08  4.39690486e-08  5.64889774e-08  4.28459152e-08
      5.23611065e-08]
    [ 3.07123645e-08  3.82148005e-08  3.59909339e-08  3.45681045e-08
      3.55660964e-08]]

   [[ 3.43250951e-08  6.08254304e-08  4.81638862e-08  4.32866257e-08
      5.89235959e-08]
    [ 4.02683666e-08  4.65178804e-08  4.06486939e-08  3.21926266e-08
      2.39363396e-08]
    [ 5.68947441e-08  4.77434257e-08  2.65309477e-08  3.22945939e-08
      6.60905628e-08]
    [ 2.83942569e-08  2.82670593e-08  4.99456951e-08  4.70458561e-08
      4.40065559e-08]
    [ 3.37642728e-08  3.66894596e-08  3.83870157e-08  2.95028725e-08
      2.87340591e-08]]

   [[ 6.08183487e-08  6.61273197e-08  5.29400358e-08  4.07062607e-08
      6.61064325e-08]
    [ 4.19467146e-08  5.77863648e-08  5.08322100e-08  2.96198131e-08
      3.31155858e-08]
    [ 5.21174825e-08  4.93550086e-08  3.49614504e-08  5.44310182e-08
      6.02746828e-08]
    [ 2.40349137e-08  4.55460945e-08  5.84184528e-08  4.26865036e-08
      5.11129046e-08]
    [ 3.50007165e-08  4.20111300e-08  3.67194687e-08  3.63252715e-08
      3.75362462e-08]]

   [[ 6.23899213e-08  5.53388222e-08  4.91439631e-08  3.45265603e-08
      5.68726640e-08]
    [ 3.54561869e-08  5.58307558e-08  4.76363873e-08  2.76725471e-08
      3.54396997e-08]
    [ 4.56825953e-08  4.28813830e-08  3.68562034e-08  5.36277560e-08
      5.15823694e-08]
    [ 2.23117857e-08  4.45232122e-08  5.19937582e-08  3.69210231e-08
      4.97187889e-08]
    [ 3.24596207e-08  3.80280130e-08  3.27087267e-08  3.68169937e-08
      3.50607975e-08]]

   [[ 5.66299384e-08  7.26153570e-08  5.21183651e-08  5.71383432e-08
      6.85005038e-08]
    [ 6.48022694e-08  5.55666489e-08  4.75668704e-08  3.65927375e-08
      3.38413289e-08]
    [ 6.77239283e-08  5.10288220e-08  3.21451208e-08  4.88442635e-08
      7.53843267e-08]
    [ 2.99752677e-08  4.00472809e-08  6.48010364e-08  5.54953729e-08
      5.09735583e-08]
    [ 3.92908047e-08  5.51241682e-08  4.26552892e-08  3.62952031e-08
      4.01262213e-08]]]


  [[[ 4.08150426e-08  5.49600084e-08  4.53322151e-08  3.13366704e-08
      5.44703100e-08]
    [ 2.54377179e-08  4.76734675e-08  4.24381311e-08  2.70657226e-08
      2.44495308e-08]
    [ 4.50246905e-08  4.35143344e-08  2.81614974e-08  3.62611698e-08
      5.04629510e-08]
    [ 2.16900807e-08  3.28187806e-08  4.50326445e-08  3.42632927e-08
      4.53434353e-08]
    [ 2.85666285e-08  2.75966721e-08  3.23616482e-08  2.95542050e-08
      2.62815079e-08]]

   [[ 5.71959570e-08  6.27420375e-08  4.91197846e-08  4.15918667e-08
      6.67792885e-08]
    [ 3.92988555e-08  5.92911663e-08  5.00724598e-08  2.83634198e-08
      3.46014253e-08]
    [ 5.23822091e-08  4.83123427e-08  3.36872232e-08  4.69058488e-08
      5.68823780e-08]
    [ 2.52805741e-08  4.39769270e-08  5.65522466e-08  4.28795772e-08
      5.23633010e-08]
    [ 3.06841817e-08  3.83039164e-08  3.60295826e-08  3.46451491e-08
      3.56649180e-08]]

   [[ 3.43693623e-08  6.08700096e-08  4.81710430e-08  4.34147826e-08
      5.90231409e-08]
    [ 4.02505467e-08  4.65042477e-08  4.06809849e-08  3.22625808e-08
      2.39492130e-08]
    [ 5.69240019e-08  4.78437711e-08  2.65460161e-08  3.23373963e-08
      6.61572447e-08]
    [ 2.84618723e-08  2.82627997e-08  4.99835045e-08  4.71441426e-08
      4.39820405e-08]
    [ 3.37217278e-08  3.67246920e-08  3.84637610e-08  2.95243585e-08
      2.88001580e-08]]

   [[ 6.08285972e-08  6.61743389e-08  5.30077596e-08  4.08315817e-08
      6.61415282e-08]
    [ 4.19063197e-08  5.78637921e-08  5.08249073e-08  2.96893537e-08
      3.31614610e-08]
    [ 5.21897341e-08  4.94035941e-08  3.49999364e-08  5.45346830e-08
      6.03025233e-08]
    [ 2.40621687e-08  4.55580867e-08  5.84964203e-08  4.27128602e-08
      5.11183823e-08]
    [ 3.49651749e-08  4.21136892e-08  3.67540212e-08  3.64044902e-08
      3.76484285e-08]]

   [[ 6.23844246e-08  5.53754580e-08  4.92187919e-08  3.46210497e-08
      5.68869752e-08]
    [ 3.54287441e-08  5.59187749e-08  4.76174009e-08  2.77374281e-08
      3.54965946e-08]
    [ 4.57622593e-08  4.28922033e-08  3.69102215e-08  5.37260631e-08
      5.15934595e-08]
    [ 2.23250260e-08  4.45524619e-08  5.20511868e-08  3.69334250e-08
      4.97445407e-08]
    [ 3.24432791e-08  3.81209089e-08  3.27290762e-08  3.69148599e-08
      3.51591279e-08]]

   [[ 5.67041266e-08  7.26436836e-08  5.21530778e-08  5.73153052e-08
      6.85634323e-08]
    [ 6.47486811e-08  5.55964474e-08  4.76145420e-08  3.66716918e-08
      3.38623158e-08]
    [ 6.77881793e-08  5.11433703e-08  3.21663740e-08  4.89313266e-08
      7.54193422e-08]
    [ 3.00260449e-08  4.00346940e-08  6.48941916e-08  5.55738251e-08
      5.09439305e-08]
    [ 3.92395042e-08  5.52422545e-08  4.27360742e-08  3.63274050e-08
      4.02377430e-08]]]


  [[[ 4.08397304e-08  5.49985381e-08  4.53631074e-08  3.13633383e-08
      5.45098402e-08]
    [ 2.54521976e-08  4.77042819e-08  4.24631550e-08  2.70876188e-08
      2.44669682e-08]
    [ 4.50557663e-08  4.35441424e-08  2.81812427e-08  3.62879955e-08
      5.04970584e-08]
    [ 2.17058374e-08  3.28400574e-08  4.50623440e-08  3.42872959e-08
      4.53717203e-08]
    [ 2.85817204e-08  2.76160442e-08  3.23846363e-08  2.95773935e-08
      2.63026454e-08]]

   [[ 5.72321225e-08  6.27843839e-08  4.91548624e-08  4.16283722e-08
      6.68241926e-08]
    [ 3.93199450e-08  5.93328086e-08  5.01021148e-08  2.83863845e-08
      3.46265503e-08]
    [ 5.24196794e-08  4.83461961e-08  3.37106798e-08  4.69427842e-08
      5.69192619e-08]
    [ 2.52983731e-08  4.40043324e-08  5.65920816e-08  4.29082467e-08
      5.23953710e-08]
    [ 3.07001767e-08  3.83341884e-08  3.60545880e-08  3.46723517e-08
      3.56945091e-08]]

   [[ 3.43937063e-08  6.09104161e-08  4.82010771e-08  4.34518297e-08
      5.90674416e-08]
    [ 4.02733806e-08  4.65313840e-08  4.07085106e-08  3.22877767e-08
      2.39643905e-08]
    [ 5.69606567e-08  4.78813367e-08  2.65632170e-08  3.23600819e-08
      6.62031309e-08]
    [ 2.84846613e-08  2.82794366e-08  5.00169879e-08  4.71807886e-08
      4.40067264e-08]
    [ 3.37382819e-08  3.67495271e-08  3.84933491e-08  2.95438278e-08
      2.88227422e-08]]

   [[ 6.08661550e-08  6.62184940e-08  5.30457201e-08  4.08669235e-08
      6.61849880e-08]
    [ 4.19283718e-08  5.79055421e-08  5.08553867e-08  2.97127918e-08
      3.31850908e-08]
    [ 5.22273280e-08  4.94378163e-08  3.50241050e-08  5.45760778e-08
      6.03416714e-08]
    [ 2.40788843e-08  4.55867198e-08  5.85386248e-08  4.27408124e-08
      5.11498776e-08]
    [ 3.49831706e-08  4.21473709e-08  3.67790941e-08  3.64329348e-08
      3.76802657e-08]]

   [[ 6.24216052e-08  5.54121419e-08  4.92549485e-08  3.46500133e-08
      5.69229461e-08]
    [ 3.54478626e-08  5.59601877e-08  4.76448608e-08  2.77592971e-08
      3.55226510e-08]
    [ 4.57965745e-08  4.29191999e-08  3.69368632e-08  5.37666225e-08
      5.16257781e-08]
    [ 2.23394633e-08  4.45818915e-08  5.20877386e-08  3.69566575e-08
      4.97768144e-08]
    [ 3.24613023e-08  3.81513902e-08  3.27504843e-08  3.69451386e-08
      3.51883841e-08]]

   [[ 5.67445235e-08  7.26900729e-08  5.21878607e-08  5.73648555e-08
      6.86105521e-08]
    [ 6.47835386e-08  5.56328375e-08  4.76476030e-08  3.67001258e-08
      3.38841016e-08]
    [ 6.78345144e-08  5.11841635e-08  3.21873079e-08  4.89676741e-08
      7.54684255e-08]
    [ 3.00484329e-08  4.00578073e-08  6.49413665e-08  5.56139418e-08
      5.09723931e-08]
    [ 3.92587137e-08  5.52852539e-08  4.27685932e-08  3.63518579e-08
      4.02709941e-08]]]


  [[[ 4.07407957e-08  5.48158748e-08  4.52227073e-08  3.12161100e-08
      5.43177361e-08]
    [ 2.53986746e-08  4.75711763e-08  4.23672849e-08  2.69688504e-08
      2.43819010e-08]
    [ 4.49100427e-08  4.34075246e-08  2.80873739e-08  3.61535795e-08
      5.03420398e-08]
    [ 2.16273792e-08  3.27470907e-08  4.49314036e-08  3.41731214e-08
      4.52549093e-08]
    [ 2.85310627e-08  2.75219327e-08  3.22742158e-08  2.94550800e-08
      2.61885103e-08]]

   [[ 5.70793156e-08  6.25923597e-08  4.89878503e-08  4.14223261e-08
      6.66231209e-08]
    [ 3.92499985e-08  5.91366303e-08  4.99885324e-08  2.82614859e-08
      3.45024163e-08]
    [ 5.22386790e-08  4.81878876e-08  3.35995605e-08  4.67479767e-08
      5.67601692e-08]
    [ 2.52126417e-08  4.38907968e-08  5.64043997e-08  4.27784866e-08
      5.22662558e-08]
    [ 3.06481684e-08  3.81726545e-08  3.59375255e-08  3.45288037e-08
      3.55316271e-08]]

   [[ 3.42764875e-08  6.07276779e-08  4.80785890e-08  4.32453925e-08
      5.88440586e-08]
    [ 4.01896882e-08  4.64285289e-08  4.05830684e-08  3.21543150e-08
      2.38972442e-08]
    [ 5.67993521e-08  4.76852872e-08  2.64876031e-08  3.22504458e-08
      6.59892608e-08]
    [ 2.83624092e-08  2.82143071e-08  4.98654216e-08  4.69895476e-08
      4.39187250e-08]
    [ 3.36896024e-08  3.66335641e-08  3.83404581e-08  2.94557267e-08
      2.87025314e-08]]

   [[ 6.07118101e-08  6.60207140e-08  5.28641109e-08  4.06688336e-08
      6.59949131e-08]
    [ 4.18577143e-08  5.77033377e-08  5.07360113e-08  2.95871701e-08
      3.30700461e-08]
    [ 5.20442607e-08  4.92794784e-08  3.49101656e-08  5.43646355e-08
      6.01722561e-08]
    [ 2.39991014e-08  4.54663167e-08  5.83345509e-08  4.26169810e-08
      5.10213757e-08]
    [ 3.49263559e-08  4.19660148e-08  3.66635091e-08  3.62833375e-08
      3.75022479e-08]]

   [[ 6.22756272e-08  5.52489264e-08  4.90767723e-08  3.44913919e-08
      5.67721846e-08]
    [ 3.53831463e-08  5.57542965e-08  4.75427787e-08  2.76421071e-08
      3.53928500e-08]
    [ 4.56231731e-08  4.28066944e-08  3.68058538e-08  5.35606480e-08
      5.14909026e-08]
    [ 2.22749341e-08  4.44503941e-08  5.19155511e-08  3.68574634e-08
      4.96360747e-08]
    [ 3.23960937e-08  3.79871080e-08  3.26556853e-08  3.67796516e-08
      3.50266794e-08]]

   [[ 5.65497553e-08  7.24909236e-08  5.20340982e-08  5.70859239e-08
      6.83926315e-08]
    [ 6.46673068e-08  5.54735767e-08  4.74932041e-08  3.65497422e-08
      3.37870359e-08]
    [ 6.76193208e-08  5.09689167e-08  3.20938726e-08  4.87837741e-08
      7.52561634e-08]
    [ 2.99354356e-08  3.99704563e-08  6.47102862e-08  5.54179598e-08
      5.08713913e-08]
    [ 3.92034791e-08  5.50593795e-08  4.26023610e-08  3.62389715e-08
      4.00875264e-08]]]


  [[[ 4.06714855e-08  5.47654609e-08  4.51700536e-08  3.12235811e-08
      5.42731145e-08]
    [ 2.53481394e-08  4.75026428e-08  4.22841539e-08  2.69707471e-08
      2.43645766e-08]
    [ 4.48657060e-08  4.33579109e-08  2.80623174e-08  3.61343158e-08
      5.02820724e-08]
    [ 2.16139262e-08  3.27015737e-08  4.48699389e-08  3.41429795e-08
      4.51811122e-08]
    [ 2.84666542e-08  2.75016650e-08  3.22472110e-08  2.94502720e-08
      2.61900647e-08]]

   [[ 5.69951634e-08  6.25193342e-08  4.89440915e-08  4.14412787e-08
      6.65372603e-08]
    [ 3.91589724e-08  5.90782442e-08  4.98904900e-08  2.82650080e-08
      3.44808580e-08]
    [ 5.21970207e-08  4.81383378e-08  3.35694652e-08  4.67415257e-08
      5.66775635e-08]
    [ 2.51913694e-08  4.38193993e-08  5.63476851e-08  4.27293999e-08
      5.21760774e-08]
    [ 3.05766255e-08  3.81709923e-08  3.59021675e-08  3.45236484e-08
      3.55399151e-08]]

   [[ 3.42489192e-08  6.06558982e-08  4.79978024e-08  4.32584093e-08
      5.88098318e-08]
    [ 4.01080846e-08  4.63379034e-08  4.05334005e-08  3.21487111e-08
      2.38674489e-08]
    [ 5.67240230e-08  4.76700100e-08  2.64527906e-08  3.22263465e-08
      6.59184059e-08]
    [ 2.83605233e-08  2.81627474e-08  4.98042356e-08  4.69768492e-08
      4.38250938e-08]
    [ 3.36034285e-08  3.65970444e-08  3.83274699e-08  2.94211573e-08
      2.87003246e-08]]

   [[ 6.06148345e-08  6.59389118e-08  5.28179646e-08  4.06841669e-08
      6.59021096e-08]
    [ 4.17570140e-08  5.76556162e-08  5.06407431e-08  2.95868187e-08
      3.30461950e-08]
    [ 5.20048947e-08  4.92254262e-08  3.48780578e-08  5.43427288e-08
      6.00853506e-08]
    [ 2.39774982e-08  4.53955223e-08  5.82849818e-08  4.25632165e-08
      5.09363543e-08]
    [ 3.48421422e-08  4.19671482e-08  3.66242550e-08  3.62765662e-08
      3.75165842e-08]]

   [[ 6.21647997e-08  5.51785625e-08  4.90429792e-08  3.44963062e-08
      5.66816750e-08]
    [ 3.53032058e-08  5.57173551e-08  4.74455659e-08  2.76417007e-08
      3.53718788e-08]
    [ 4.55997302e-08  4.27385760e-08  3.67810931e-08  5.35357188e-08
      5.14087058e-08]
    [ 2.22469534e-08  4.43937690e-08  5.18629256e-08  3.68044464e-08
      4.95677329e-08]
    [ 3.23299179e-08  3.79881444e-08  3.26138323e-08  3.67848152e-08
      3.50353665e-08]]

   [[ 5.65046359e-08  7.23863776e-08  5.19652105e-08  5.71089410e-08
      6.83160497e-08]
    [ 6.45175783e-08  5.53965686e-08  4.74418690e-08  3.65441811e-08
      3.37459404e-08]
    [ 6.75482187e-08  5.09572498e-08  3.20550150e-08  4.87618837e-08
      7.51460018e-08]
    [ 2.99188737e-08  3.98924178e-08  6.46613749e-08  5.53775063e-08
      5.07624851e-08]
    [ 3.91012729e-08  5.50481047e-08  4.25849180e-08  3.62003887e-08
      4.00972884e-08]]]


  [[[ 4.08100508e-08  5.49174042e-08  4.53054824e-08  3.12823953e-08
      5.44220115e-08]
    [ 2.54405599e-08  4.76558215e-08  4.24399169e-08  2.70237010e-08
      2.44274138e-08]
    [ 4.49924883e-08  4.34877483e-08  2.81394662e-08  3.62229954e-08
      5.04341351e-08]
    [ 2.16684924e-08  3.28056671e-08  4.50131112e-08  3.42361766e-08
      4.53338656e-08]
    [ 2.85766791e-08  2.75726535e-08  3.23347475e-08  2.95138681e-08
      2.62414402e-08]]

   [[ 5.71782293e-08  6.27054358e-08  4.90799627e-08  4.15122489e-08
      6.67449636e-08]
    [ 3.93129502e-08  5.92470326e-08  5.00742074e-08  2.83185865e-08
      3.45674638e-08]
    [ 5.23364760e-08  4.82781288e-08  3.36612577e-08  4.68413135e-08
      5.68615043e-08]
    [ 2.52596593e-08  4.39674345e-08  5.65108225e-08  4.28548096e-08
      5.23562459e-08]
    [ 3.06967814e-08  3.82485464e-08  3.60038023e-08  3.45975215e-08
      3.56050205e-08]]

   [[ 3.43403280e-08  6.08363892e-08  4.81626757e-08  4.33378274e-08
      5.89596936e-08]
    [ 4.02560139e-08  4.65066631e-08  4.06583792e-08  3.22186231e-08
      2.39387834e-08]
    [ 5.68994310e-08  4.77822168e-08  2.65346064e-08  3.23100711e-08
      6.61127980e-08]
    [ 2.84203336e-08  2.82622337e-08  4.99567410e-08  4.70830981e-08
      4.39909566e-08]
    [ 3.37418367e-08  3.66999337e-08  3.84163258e-08  2.95084162e-08
      2.87597932e-08]]

   [[ 6.08157425e-08  6.61394827e-08  5.29639232e-08  4.07563028e-08
      6.61140800e-08]
    [ 4.19243275e-08  5.78132322e-08  5.08234821e-08  2.96459748e-08
      3.31317515e-08]
    [ 5.21424129e-08  4.93713514e-08  3.49739326e-08  5.44708961e-08
      6.02798832e-08]
    [ 2.40435473e-08  4.55460049e-08  5.84463098e-08  4.26921690e-08
      5.11094259e-08]
    [ 3.49814911e-08  4.20503306e-08  3.67304438e-08  3.63555086e-08
      3.75808934e-08]]

   [[ 6.23804701e-08  5.53480582e-08  4.91709932e-08  3.45639050e-08
      5.68724960e-08]
    [ 3.54401046e-08  5.58625533e-08  4.76229537e-08  2.76970757e-08
      3.54605365e-08]
    [ 4.57118020e-08  4.28819646e-08  3.68751883e-08  5.36654512e-08
      5.15809797e-08]
    [ 2.23144909e-08  4.45305045e-08  5.20136090e-08  3.69210962e-08
      4.97244396e-08]
    [ 3.24489980e-08  3.80635948e-08  3.27138864e-08  3.68555038e-08
      3.50995624e-08]]

   [[ 5.66552570e-08  7.26178881e-08  5.21287672e-08  5.72088802e-08
      6.85194844e-08]
    [ 6.47714003e-08  5.55732868e-08  4.75824961e-08  3.66218839e-08
      3.38463376e-08]
    [ 6.77428925e-08  5.10736745e-08  3.21505309e-08  4.88773181e-08
      7.53917815e-08]
    [ 2.99938088e-08  4.00375558e-08  6.48345103e-08  5.55225079e-08
      5.09546972e-08]
    [ 3.92641499e-08  5.51685905e-08  4.26857922e-08  3.63044859e-08
      4.01704077e-08]]]


  [[[ 4.06808401e-08  5.47505016e-08  4.51638751e-08  3.11910137e-08
      5.42537819e-08]
    [ 2.53588369e-08  4.75050252e-08  4.23002390e-08  2.69467866e-08
      2.43550888e-08]
    [ 4.48556714e-08  4.33513645e-08  2.80542206e-08  3.61155492e-08
      5.02765157e-08]
    [ 2.16043592e-08  3.27023993e-08  4.48696888e-08  3.41331025e-08
      4.51888297e-08]
    [ 2.84840404e-08  2.74918816e-08  3.22365864e-08  2.94281567e-08
      2.61669046e-08]]

   [[ 5.69998588e-08  6.25118063e-08  4.89287920e-08  4.13923077e-08
      6.65332750e-08]
    [ 3.91834642e-08  5.90637501e-08  4.99091846e-08  2.82391715e-08
      3.44653495e-08]
    [ 5.21786533e-08  4.81273034e-08  3.35601125e-08  4.67053412e-08
      5.66805613e-08]
    [ 2.51836431e-08  4.38269583e-08  5.63339690e-08  4.27243611e-08
      5.21881540e-08]
    [ 3.05966644e-08  3.81400703e-08  3.58936557e-08  3.44974840e-08
      3.55042899e-08]]

   [[ 3.42372567e-08  6.06503283e-08  4.80068249e-08  4.32119986e-08
      5.87802494e-08]
    [ 4.01258803e-08  4.63556208e-08  4.05295321e-08  3.21252346e-08
      2.38670724e-08]
    [ 5.67244418e-08  4.76374367e-08  2.64524375e-08  3.22146735e-08
      6.59055735e-08]
    [ 2.83373617e-08  2.81716938e-08  4.98000045e-08  4.69444112e-08
      4.38469720e-08]
    [ 3.36306345e-08  3.65898614e-08  3.83025505e-08  2.94185240e-08
      2.86775796e-08]]

   [[ 6.06247314e-08  6.59339387e-08  5.28008291e-08  4.06383975e-08
      6.59033037e-08]
    [ 4.17854876e-08  5.76355081e-08  5.06572176e-08  2.95625703e-08
      3.30334568e-08]
    [ 5.19852389e-08  4.92163052e-08  3.48690277e-08  5.43096431e-08
      6.00881902e-08]
    [ 2.39711151e-08  4.54015321e-08  5.82651259e-08  4.25614064e-08
      5.09465181e-08]
    [ 3.48665817e-08  4.19311671e-08  3.66177145e-08  3.62498972e-08
      3.74754728e-08]]

   [[ 6.21822237e-08  5.51756391e-08  4.90216410e-08  3.44627220e-08
      5.66897613e-08]
    [ 3.53241587e-08  5.56920717e-08  4.74663423e-08  2.76190781e-08
      3.53549680e-08]
    [ 4.55752984e-08  4.27445725e-08  3.67656573e-08  5.35050368e-08
      5.14166331e-08]
    [ 2.22463489e-08  4.43917064e-08  5.18506716e-08  3.68074477e-08
      4.95684782e-08]
    [ 3.23450057e-08  3.79555674e-08  3.26126293e-08  3.67500155e-08
      3.49999127e-08]]

   [[ 5.64849250e-08  7.23911188e-08  5.19629480e-08  5.70442006e-08
      6.83052364e-08]
    [ 6.45576644e-08  5.53972367e-08  4.74328857e-08  3.65174633e-08
      3.37443186e-08]
    [ 6.75358524e-08  5.09192633e-08  3.20529641e-08  4.87344396e-08
      7.51498664e-08]
    [ 2.99036655e-08  3.99080782e-08  6.46360767e-08  5.53557577e-08
      5.07883034e-08]
    [ 3.91338383e-08  5.50085157e-08  4.25591645e-08  3.61945715e-08
      4.00570588e-08]]]


  [[[ 4.09082354e-08  5.51356090e-08  4.54693518e-08  3.14837234e-08
      5.46581574e-08]
    [ 2.54866275e-08  4.78008875e-08  4.25287332e-08  2.71809314e-08
      2.45310919e-08]
    [ 4.51639727e-08  4.36480288e-08  2.82520978e-08  3.63930213e-08
      5.06128641e-08]
    [ 2.17649011e-08  3.29075158e-08  4.51601047e-08  3.43726453e-08
      4.54550173e-08]
    [ 2.86107606e-08  2.76854391e-08  3.24689935e-08  2.96737159e-08
      2.63931085e-08]]

   [[ 5.73413765e-08  6.29261638e-08  4.92840955e-08  4.17976776e-08
      6.69745596e-08]
    [ 3.93616781e-08  5.94819178e-08  5.01804524e-08  2.84841756e-08
      3.47212247e-08]
    [ 5.25571975e-08  4.84682985e-08  3.37937394e-08  4.70981922e-08
      5.70359103e-08]
    [ 2.53621400e-08  4.40848170e-08  5.67370683e-08  4.30025133e-08
      5.24861955e-08]
    [ 3.07295578e-08  3.84601523e-08  3.61431605e-08  3.47852439e-08
      3.58249937e-08]]

   [[ 3.44822199e-08  6.10416414e-08  4.82902690e-08  4.36197908e-08
      5.92409379e-08]
    [ 4.03271722e-08  4.66001805e-08  4.08025673e-08  3.23909154e-08
      2.40103984e-08]
    [ 5.70736671e-08  4.80380878e-08  2.66178802e-08  3.24429826e-08
      6.63665140e-08]
    [ 2.85813850e-08  2.83232533e-08  5.01297230e-08  4.73310672e-08
      4.40630350e-08]
    [ 3.37613491e-08  3.68335109e-08  3.86137727e-08  2.96069107e-08
      2.89172612e-08]]

   [[ 6.09741843e-08  6.63638137e-08  5.31862326e-08  4.10287036e-08
      6.63251330e-08]
    [ 4.19691441e-08  5.80611518e-08  5.09381271e-08  2.98099273e-08
      3.32721404e-08]
    [ 5.23667723e-08  4.95593822e-08  3.51087391e-08  5.47431083e-08
      6.04656587e-08]
    [ 2.41377001e-08  4.56722341e-08  5.86972368e-08  4.28292831e-08
      5.12400509e-08]
    [ 3.50145105e-08  4.22895119e-08  3.68656026e-08  3.65504804e-08
      3.78236234e-08]]

   [[ 6.25210032e-08  5.55318004e-08  4.93931468e-08  3.47784348e-08
      5.70313887e-08]
    [ 3.54865441e-08  5.61202385e-08  4.77128397e-08  2.78500129e-08
      3.56226575e-08]
    [ 4.59311525e-08  4.30009462e-08  3.70362524e-08  5.39292699e-08
      5.17211703e-08]
    [ 2.23846295e-08  4.46777775e-08  5.22204036e-08  3.70246059e-08
      4.98792830e-08]
    [ 3.25020387e-08  3.82801435e-08  3.28194209e-08  3.70774099e-08
      3.53178306e-08]]

   [[ 5.68920099e-08  7.28305730e-08  5.23044466e-08  5.75917024e-08
      6.87737025e-08]
    [ 6.48533272e-08  5.57498429e-08  4.77650535e-08  3.68153879e-08
      3.39524272e-08]
    [ 6.79931117e-08  5.13576237e-08  3.22541374e-08  4.91106720e-08
      7.56258001e-08]
    [ 3.01357854e-08  4.01156904e-08  6.51202422e-08  5.57629792e-08
      5.10362034e-08]
    [ 3.92851741e-08  5.54613972e-08  4.28989677e-08  3.64337951e-08
      4.04177315e-08]]]


  [[[ 4.08049898e-08  5.49049944e-08  4.52954065e-08  3.12682213e-08
      5.44073845e-08]
    [ 2.54389045e-08  4.76480451e-08  4.24355973e-08  2.70136345e-08
      2.44210651e-08]
    [ 4.49828551e-08  4.34775433e-08  2.81325859e-08  3.62110516e-08
      5.04235135e-08]
    [ 2.16628618e-08  3.27999386e-08  4.50038618e-08  3.42283936e-08
      4.53274155e-08]
    [ 2.85760252e-08  2.75662162e-08  3.23261569e-08  2.95031895e-08
      2.62310264e-08]]

   [[ 5.71694271e-08  6.26935997e-08  4.90668728e-08  4.14921846e-08
      6.67318144e-08]
    [ 3.93122615e-08  5.92330775e-08  5.00690196e-08  2.83080902e-08
      3.45578489e-08]
    [ 5.23233364e-08  4.82656624e-08  3.36534704e-08  4.68229702e-08
      5.68516681e-08]
    [ 2.52539203e-08  4.39613290e-08  5.64958827e-08  4.28472840e-08
      5.23496863e-08]
    [ 3.06962554e-08  3.82350446e-08  3.59951213e-08  3.45851130e-08
      3.55898445e-08]]

   [[ 3.43317402e-08  6.08264629e-08  4.81549674e-08  4.33180741e-08
      5.89422358e-08]
    [ 4.02535268e-08  4.65028174e-08  4.06495667e-08  3.22080891e-08
      2.39353584e-08]
    [ 5.68915789e-08  4.77646089e-08  2.65298290e-08  3.23010700e-08
      6.60963852e-08]
    [ 2.84095997e-08  2.82591716e-08  4.99462118e-08  4.70668721e-08
      4.39886780e-08]
    [ 3.37429936e-08  3.66927266e-08  3.84030009e-08  2.95033075e-08
      2.87488554e-08]]

   [[ 6.08078282e-08  6.61275164e-08  5.29496368e-08  4.07373720e-08
      6.61023453e-08]
    [ 4.19241047e-08  5.77979332e-08  5.08178498e-08  2.96358123e-08
      3.31229458e-08]
    [ 5.21289177e-08  4.93590274e-08  3.49660486e-08  5.44516824e-08
      6.02695186e-08]
    [ 2.40383279e-08  4.55393963e-08  5.84297308e-08  4.26856111e-08
      5.11029446e-08]
    [ 3.49812568e-08  4.20348587e-08  3.67222135e-08  3.63425720e-08
      3.75638500e-08]]

   [[ 6.23739174e-08  5.53381073e-08  4.91568612e-08  3.45491722e-08
      5.68640754e-08]
    [ 3.54393163e-08  5.58462037e-08  4.76190875e-08  2.76874729e-08
      3.54500138e-08]
    [ 4.56978759e-08  4.28748225e-08  3.68653807e-08  5.36468351e-08
      5.15740564e-08]
    [ 2.23111359e-08  4.45224310e-08  5.19999197e-08  3.69170618e-08
      4.97156561e-08]
    [ 3.24469843e-08  3.80495345e-08  3.27078656e-08  3.68401613e-08
      3.50845451e-08]]

   [[ 5.66411986e-08  7.26083390e-08  5.21173234e-08  5.71823654e-08
      6.85050288e-08]
    [ 6.47701277e-08  5.55633664e-08  4.75710403e-08  3.66102481e-08
      3.38406201e-08]
    [ 6.77293716e-08  5.10537134e-08  3.21448399e-08  4.88611092e-08
      7.53776492e-08]
    [ 2.99847779e-08  4.00339222e-08  6.48159042e-08  5.55082122e-08
      5.09524667e-08]
    [ 3.92653571e-08  5.51498748e-08  4.26716263e-08  3.62975473e-08
      4.01530289e-08]]]


  [[[ 4.08016754e-08  5.49457883e-08  4.53188884e-08  3.13312597e-08
      5.44559589e-08]
    [ 2.54288606e-08  4.76585608e-08  4.24227264e-08  2.70614010e-08
      2.44439391e-08]
    [ 4.50129161e-08  4.35015923e-08  2.81543153e-08  3.62530480e-08
      5.04482437e-08]
    [ 2.16853243e-08  3.28088150e-08  4.50185392e-08  3.42547043e-08
      4.53284433e-08]
    [ 2.85563174e-08  2.75905971e-08  3.23534306e-08  2.95486604e-08
      2.62772448e-08]]

   [[ 5.71783014e-08  6.27241923e-08  4.91064601e-08  4.15855038e-08
      6.67587410e-08]
    [ 3.92837881e-08  5.92748307e-08  5.00541139e-08  2.83591773e-08
      3.45936406e-08]
    [ 5.23691570e-08  4.82985339e-08  3.36787865e-08  4.68969383e-08
      5.68642184e-08]
    [ 2.52744297e-08  4.39625022e-08  5.65361785e-08  4.28678518e-08
      5.23455369e-08]
    [ 3.06727912e-08  3.82975409e-08  3.60199095e-08  3.46387282e-08
      3.56595173e-08]]

   [[ 3.43609988e-08  6.08534261e-08  4.81544692e-08  4.34078420e-08
      5.90091877e-08]
    [ 4.02362864e-08  4.64877507e-08  4.06689024e-08  3.22567988e-08
      2.39431055e-08]
    [ 5.69079828e-08  4.78332054e-08  2.65383529e-08  3.23299961e-08
      6.61383203e-08]
    [ 2.84567310e-08  2.82533569e-08  4.99689020e-08  4.71346512e-08
      4.39657862e-08]
    [ 3.37088432e-08  3.67156164e-08  3.84557096e-08  2.95164783e-08
      2.87952561e-08]]

   [[ 6.08092546e-08  6.61550472e-08  5.29935349e-08  4.08251912e-08
      6.61206160e-08]
    [ 4.18899606e-08  5.78486768e-08  5.08068269e-08  2.96847071e-08
      3.31537872e-08]
    [ 5.21769511e-08  4.93891841e-08  3.49912096e-08  5.45228909e-08
      6.02834158e-08]
    [ 2.40562809e-08  4.55435809e-08  5.84807479e-08  4.27008319e-08
      5.11015319e-08]
    [ 3.49518869e-08  4.21069067e-08  3.67439545e-08  3.63976126e-08
      3.76432935e-08]]

   [[ 6.23635972e-08  5.53591766e-08  4.92066605e-08  3.46149588e-08
      5.68681988e-08]
    [ 3.54155361e-08  5.59050337e-08  4.75999382e-08  2.77330932e-08
      3.54885672e-08]
    [ 4.57519980e-08  4.28780393e-08  3.69017807e-08  5.37140121e-08
      5.15767697e-08]
    [ 2.23190378e-08  4.45395113e-08  5.20364685e-08  3.69227351e-08
      4.97294806e-08]
    [ 3.24320670e-08  3.81147975e-08  3.27196518e-08  3.69089459e-08
      3.51538887e-08]]

   [[ 5.66901627e-08  7.26217222e-08  5.21366786e-08  5.73067755e-08
      6.85438695e-08]
    [ 6.47238164e-08  5.55791819e-08  4.76009155e-08  3.66654699e-08
      3.38534519e-08]
    [ 6.77700750e-08  5.11323544e-08  3.21577124e-08  4.89210954e-08
      7.53948913e-08]
    [ 3.00192405e-08  4.00207063e-08  6.48777774e-08  5.55604528e-08
      5.09251660e-08]
    [ 3.92240796e-08  5.52318877e-08  4.27268428e-08  3.63180023e-08
      4.02318708e-08]]]


  [[[ 4.08415112e-08  5.50127681e-08  4.53724222e-08  3.13826825e-08
      5.45264576e-08]
    [ 2.54509881e-08  4.77100528e-08  4.24625110e-08  2.71022835e-08
      2.44747690e-08]
    [ 4.50666206e-08  4.35537124e-08  2.81889772e-08  3.63023669e-08
      5.05071374e-08]
    [ 2.17132509e-08  3.28446378e-08  4.50696279e-08  3.42964280e-08
      4.53748800e-08]
    [ 2.85782776e-08  2.76243766e-08  3.23942947e-08  2.95918425e-08
      2.63171913e-08]]

   [[ 5.72381769e-08  6.27961672e-08  4.91688767e-08  4.16566539e-08
      6.68356096e-08]
    [ 3.93145042e-08  5.93478270e-08  5.01013955e-08  2.84019864e-08
      3.46385693e-08]
    [ 5.24353407e-08  4.83585774e-08  3.37196668e-08  4.69667674e-08
      5.69263957e-08]
    [ 2.53054371e-08  4.40074956e-08  5.66072128e-08  4.29161045e-08
      5.23975250e-08]
    [ 3.06958972e-08  3.83536556e-08  3.60637686e-08  3.46893284e-08
      3.57161092e-08]]

   [[ 3.44038003e-08  6.09208430e-08  4.82042735e-08  4.34793518e-08
      5.90892545e-08]
    [ 4.02711053e-08  4.65301033e-08  4.07165630e-08  3.23029197e-08
      2.39679164e-08]
    [ 5.69681301e-08  4.79034804e-08  2.65672858e-08  3.23705234e-08
      6.62193662e-08]
    [ 2.84994594e-08  2.82798378e-08  5.00266519e-08  4.72023763e-08
      4.40030529e-08]
    [ 3.37311369e-08  3.67579491e-08  3.85104363e-08  2.95491150e-08
      2.88376457e-08]]

   [[ 6.08703015e-08  6.62297048e-08  5.30611990e-08  4.08936039e-08
      6.61940234e-08]
    [ 4.19215702e-08  5.79230377e-08  5.08557374e-08  2.97278674e-08
      3.31957382e-08]
    [ 5.22436205e-08  4.94495803e-08  3.50331520e-08  5.45998750e-08
      6.03493469e-08]
    [ 2.40852021e-08  4.55907967e-08  5.85567545e-08  4.27471358e-08
      5.11526302e-08]
    [ 3.49775379e-08  4.21697296e-08  3.67874610e-08  3.64504549e-08
      3.77047909e-08]]

   [[ 6.24227326e-08  5.54210980e-08  4.92716779e-08  3.46702449e-08
      5.69276092e-08]
    [ 3.54434869e-08  5.59798542e-08  4.76427773e-08  2.77734170e-08
      3.55356099e-08]
    [ 4.58142746e-08  4.29231176e-08  3.69491056e-08  5.37892504e-08
      5.16296432e-08]
    [ 2.23428965e-08  4.45893115e-08  5.21015414e-08  3.69599080e-08
      4.97838164e-08]
    [ 3.24594540e-08  3.81716619e-08  3.27558237e-08  3.69666097e-08
      3.52098360e-08]]

   [[ 5.67612210e-08  7.26974178e-08  5.21968549e-08  5.74026936e-08
      6.86252012e-08]
    [ 6.47747673e-08  5.56406525e-08  4.76590261e-08  3.67172551e-08
      3.38898119e-08]
    [ 6.78494546e-08  5.12094296e-08  3.21928621e-08  4.89879271e-08
      7.54784159e-08]
    [ 3.00598177e-08  4.00569762e-08  6.49628081e-08  5.56314467e-08
      5.09678529e-08]
    [ 3.92500522e-08  5.53111440e-08  4.27865757e-08  3.63595443e-08
      4.02956189e-08]]]


  [[[ 4.07190006e-08  5.47989954e-08  4.52028960e-08  3.12142073e-08
      5.43002582e-08]
    [ 2.53838249e-08  4.75485349e-08  4.23407121e-08  2.69690450e-08
      2.43764132e-08]
    [ 4.48959931e-08  4.33887797e-08  2.80787066e-08  3.61450999e-08
      5.03212073e-08]
    [ 2.16236588e-08  3.27324523e-08  4.49094570e-08  3.41633924e-08
      4.52305426e-08]
    [ 2.85136127e-08  2.75169065e-08  3.22642121e-08  2.94521630e-08
      2.61878073e-08]]

   [[ 5.70519958e-08  6.25679963e-08  4.89696999e-08  4.14226670e-08
      6.65924404e-08]
    [ 3.92230348e-08  5.91151810e-08  4.99564986e-08  2.82624883e-08
      3.44949431e-08]
    [ 5.22239007e-08  4.81679189e-08  3.35897832e-08  4.67419328e-08
      5.67317629e-08]
    [ 2.52064710e-08  4.38678660e-08  5.63816911e-08  4.27634201e-08
      5.22367023e-08]
    [ 3.06283187e-08  3.81717964e-08  3.59247409e-08  3.45256477e-08
      3.55319603e-08]]

   [[ 3.42671891e-08  6.07072424e-08  4.80497529e-08  4.32449563e-08
      5.88306137e-08]
    [ 4.01654841e-08  4.64004738e-08  4.05658374e-08  3.21530563e-08
      2.38904698e-08]
    [ 5.67790747e-08  4.76757935e-08  2.64766842e-08  3.22425136e-08
      6.59626213e-08]
    [ 2.83606129e-08  2.81990091e-08  4.98447277e-08  4.69831861e-08
      4.38901100e-08]
    [ 3.36672987e-08  3.66239840e-08  3.83338723e-08  2.94461745e-08
      2.87009975e-08]]

   [[ 6.06813432e-08  6.59935979e-08  5.28451614e-08  4.06688766e-08
      6.59628742e-08]
    [ 4.18281223e-08  5.76849745e-08  5.07053030e-08  2.95877021e-08
      3.30621649e-08]
    [ 5.20303296e-08  4.92582180e-08  3.49001316e-08  5.43532798e-08
      6.01427633e-08]
    [ 2.39931263e-08  4.54439676e-08  5.83142243e-08  4.26010839e-08
      5.09942178e-08]
    [ 3.49028081e-08  4.19657719e-08  3.66499332e-08  3.62796365e-08
      3.75043106e-08]]

   [[ 6.22413830e-08  5.52256465e-08  4.90629365e-08  3.44893071e-08
      5.67421234e-08]
    [ 3.53600468e-08  5.57392881e-08  4.75124221e-08  2.76425156e-08
      3.53849778e-08]
    [ 4.56137725e-08  4.27831492e-08  3.67977174e-08  5.35482888e-08
      5.14649643e-08]
    [ 2.22679220e-08  4.44324980e-08  5.18949460e-08  3.68432934e-08
      4.96135897e-08]
    [ 3.23774203e-08  3.79869862e-08  3.26423581e-08  3.67790814e-08
      3.50274979e-08]]

   [[ 5.65341010e-08  7.24596191e-08  5.20075800e-08  5.70877570e-08
      6.83665035e-08]
    [ 6.46228572e-08  5.54474150e-08  4.74744850e-08  3.65492948e-08
      3.37763504e-08]
    [ 6.75973818e-08  5.09594277e-08  3.20827610e-08  4.87747083e-08
      7.52170384e-08]
    [ 2.99293010e-08  3.99469041e-08  6.46910008e-08  5.54039304e-08
      5.08386833e-08]
    [ 3.91759134e-08  5.50546228e-08  4.25941372e-08  3.62280959e-08
      4.00885226e-08]]]


  [[[ 4.08461328e-08  5.50113974e-08  4.53734988e-08  3.13745728e-08
      5.45240361e-08]
    [ 2.54553189e-08  4.77136618e-08  4.24695909e-08  2.70958602e-08
      2.44726582e-08]
    [ 4.50657990e-08  4.35542122e-08  2.81877884e-08  3.62975253e-08
      5.05081824e-08]
    [ 2.17110535e-08  3.28463883e-08  4.50718142e-08  3.42951676e-08
      4.53798478e-08]
    [ 2.85838950e-08  2.76219700e-08  3.23924686e-08  2.95860622e-08
      2.63106481e-08]]

   [[ 5.72425330e-08  6.27980649e-08  4.91674673e-08  4.16440951e-08
      6.68391069e-08]
    [ 3.93239602e-08  5.93472638e-08  5.01100270e-08  2.83949571e-08
      3.46351082e-08]
    [ 5.24326378e-08  4.83581238e-08  3.37182948e-08  4.69569195e-08
      5.69308235e-08]
    [ 2.53041217e-08  4.40121163e-08  5.66061682e-08  4.29170684e-08
      5.24043585e-08]
    [ 3.07024433e-08  3.83453105e-08  3.60629395e-08  3.46825442e-08
      3.57062090e-08]]

   [[ 3.44017548e-08  6.09223667e-08  4.82100143e-08  4.34670894e-08
      5.90835649e-08]
    [ 4.02783518e-08  4.65380602e-08  4.07174045e-08  3.22967708e-08
      2.39679699e-08]
    [ 5.69707312e-08  4.78959343e-08  2.65681530e-08  3.23671872e-08
      6.62187714e-08]
    [ 2.84933017e-08  2.82832926e-08  5.00275361e-08  4.71944720e-08
      4.40122095e-08]
    [ 3.37396005e-08  3.67567540e-08  3.85043292e-08  2.95493383e-08
      2.88309109e-08]]

   [[ 6.08763961e-08  6.62325203e-08  5.30593075e-08  4.08818368e-08
      6.61988320e-08]
    [ 4.19322492e-08  5.79204301e-08  5.08635831e-08  2.97211575e-08
      3.31928554e-08]
    [ 5.22403577e-08  4.94496525e-08  3.50317442e-08  5.45914097e-08
      6.03538610e-08]
    [ 2.40840922e-08  4.55948401e-08  5.85538189e-08  4.27490219e-08
      5.11585997e-08]
    [ 3.49856227e-08  4.21598917e-08  3.67871860e-08  3.64435102e-08
      3.76929726e-08]]

   [[ 6.24309918e-08  5.54236198e-08  4.92680013e-08  3.46618603e-08
      5.69335997e-08]
    [ 3.54513945e-08  5.59752864e-08  4.76515114e-08  2.77670720e-08
      3.55317002e-08]
    [ 4.58090045e-08  4.29271756e-08  3.69458273e-08  5.37816018e-08
      5.16349728e-08]
    [ 2.23432869e-08  4.45908582e-08  5.21004503e-08  3.69627320e-08
      4.97865110e-08]
    [ 3.24646544e-08  3.81626641e-08  3.27568211e-08  3.69569159e-08
      3.51998655e-08]]

   [[ 5.67582094e-08  7.27033527e-08  5.21993960e-08  5.73854040e-08
      6.86261390e-08]
    [ 6.47902961e-08  5.56442111e-08  4.76587792e-08  3.67100149e-08
      3.38897205e-08]
    [ 6.78492201e-08  5.12003598e-08  3.21931064e-08  4.89803316e-08
      7.54839998e-08]
    [ 3.00563735e-08  4.00630809e-08  6.49581259e-08  5.56277417e-08
      5.09785607e-08]
    [ 3.92604327e-08  5.53009895e-08  4.27805789e-08  3.63590979e-08
      4.02838484e-08]]]]]