[[[[ 1.11885296  0.17225504  0.72588448 -0.04905693 -0.00840146]
   [-0.44810296 -0.54641861 -0.26982662 -0.13628936 -0.1147773 ]
   [-0.29127075 -0.56863647 -0.52256231 -0.24872697 -0.34491383]
   [-0.12626018 -0.60898183 -0.72818314 -0.8723075  -0.22432788]
   [ 0.28320736  0.24653474 -0.24856887 -0.12286182  0.85568284]]]


 [[[ 1.1352308   0.03841244  0.66618944  0.14774047  0.11464484]
   [-0.46428625 -0.6245945  -0.23648868 -0.21679796 -0.3297575 ]
   [-0.09802957 -0.52948673 -0.56843854 -0.33923989 -0.63356865]
   [ 0.01567402 -0.40659502 -0.79567251 -0.92377641 -0.1897144 ]
   [ 0.28266072  0.24064583 -0.36115817 -0.20934887  1.08113465]]]


 [[[ 0.89334338  0.40434717  0.54335038  0.09169944 -0.51842201]
   [-0.08444032 -0.17832578 -0.30807102 -0.04596918 -0.26334478]
   [-0.20236331 -0.49960771 -0.67548126 -0.61780815  0.01200499]
   [-0.27980322 -0.69090585 -0.74157479 -0.82545905  0.08161346]
   [ 0.21695874  0.15434119 -0.06638676  0.0415227   0.65900984]]]


 [[[ 1.04802398  0.02219999  0.68742566  0.28952505  0.13227506]
   [-0.41179028 -0.59382334 -0.13814173 -0.0922177  -0.29743343]
   [-0.04671224 -0.50595394 -0.53576236 -0.28948289 -0.67090499]
   [ 0.04347419 -0.50223994 -0.81925989 -0.89186649 -0.21993583]
   [ 0.31200397  0.23967377 -0.42760985 -0.25523338  0.92307247]]]


 [[[ 0.71898748  0.01546003  0.56041584  0.23901298  0.37256717]
   [-0.48270942 -0.59838334 -0.09531692 -0.21603742 -0.19935505]
   [-0.10294161 -0.49375685 -0.27847416 -0.11591268 -0.79198316]
   [ 0.02012314 -0.28356158 -0.71821643 -0.78783805 -0.26350479]
   [ 0.269955    0.23739121 -0.55626315 -0.37049638  0.85168635]]]


 [[[ 0.95152807  0.41281598  0.68654032  0.26110435 -0.28783317]
   [-0.03185503 -0.27717044 -0.20481692 -0.08906099 -0.53040662]
   [ 0.13521629 -0.38944368 -0.67048798 -0.61995246 -0.40352035]
   [ 0.00122048 -0.56588941 -0.78470315 -0.81921821  0.05974666]
   [ 0.23248845  0.11788948 -0.31457694 -0.09434205  0.76125251]]]]