[[[[ 0.31515208  0.43029905  0.56520247  0.38007286  0.00936927]
   [ 0.53237068  0.43491206  0.40016367 -0.24046327 -0.15499692]
   [ 0.14402826  0.3249522  -0.19369648 -0.52264768 -0.10143994]
   [-0.40386021 -0.15035401 -0.34060208 -0.18527687 -0.02575194]
   [-0.20605407 -0.3675258  -0.30266247 -0.52250003 -0.5046055 ]]

  [[ 0.2873622   0.47123396  0.53813329  0.3134358   0.057954  ]
   [ 0.55103651  0.39337722  0.40886859 -0.2137154  -0.18551542]
   [ 0.17765836  0.30307756 -0.20965077 -0.58236519 -0.01590899]
   [-0.37304007 -0.0827313  -0.37094467 -0.1301613  -0.02185385]
   [-0.22489238 -0.42225178 -0.28966749 -0.53528338 -0.4985638 ]]

  [[ 0.25537486  0.47446286  0.59637806  0.23122604 -0.03351278]
   [ 0.54364175  0.49719659  0.26674594 -0.26903579 -0.14975295]
   [ 0.17264305  0.18534493 -0.15621314 -0.51247577 -0.18901959]
   [-0.44833017 -0.14685818 -0.36668748 -0.33915227  0.19846889]
   [-0.08307738 -0.2993393  -0.34558161 -0.37818413 -0.5536039 ]]

  [[ 0.31622778  0.47033005  0.51553262  0.30573779  0.06089477]
   [ 0.55533034  0.35577673  0.37763277 -0.24840855 -0.19532954]
   [ 0.15671428  0.29625887 -0.22107909 -0.54914004  0.00708883]
   [-0.37647931 -0.13348761 -0.38220547 -0.0957736  -0.0343718 ]
   [-0.14486629 -0.42021356 -0.2748417  -0.53019503 -0.53782392]]

  [[ 0.33923736  0.47308386  0.47769778  0.31270994  0.08311906]
   [ 0.52234886  0.3276878   0.39890972 -0.27356028 -0.21487296]
   [ 0.10566729  0.33705681 -0.26505877 -0.53339657  0.10883306]
   [-0.33944243 -0.15877162 -0.36390026 -0.05633843 -0.13568269]
   [-0.22320162 -0.39954815 -0.26884658 -0.57933786 -0.48841836]]

  [[ 0.28015223  0.52338962  0.5572114   0.13717101  0.02171867]
   [ 0.56334222  0.41875912  0.25557669 -0.25422537 -0.22819222]
   [ 0.19534344  0.15046852 -0.20974964 -0.56503339 -0.01497333]
   [-0.37358046 -0.10871948 -0.40893724 -0.21743573  0.16815655]
   [-0.06486495 -0.37867843 -0.31586717 -0.40120515 -0.57002388]]]


 [[[ 0.31574002  0.43018087  0.56564751  0.37980719  0.00952111]
   [ 0.53223323  0.4335056   0.39964155 -0.24139586 -0.15499453]
   [ 0.14416735  0.32388532 -0.19442865 -0.52217092 -0.10250789]
   [-0.40427899 -0.14871131 -0.34116073 -0.18358204 -0.02547414]
   [-0.20552042 -0.3666888  -0.30319535 -0.52358903 -0.50458684]]

  [[ 0.2871997   0.4719887   0.5380806   0.31345849  0.0582162 ]
   [ 0.55034583  0.393019    0.40881189 -0.21395154 -0.18586784]
   [ 0.17747928  0.30299184 -0.21024062 -0.58228897 -0.01581714]
   [-0.37263124 -0.08274503 -0.37104795 -0.13039873 -0.02175873]
   [-0.2248019  -0.42209355 -0.28876158 -0.53539023 -0.49869856]]

  [[ 0.25659737  0.47479935  0.59555406  0.23106394 -0.03442018]
   [ 0.54457429  0.49684634  0.26592436 -0.2686156  -0.15004992]
   [ 0.17144433  0.18454717 -0.15539411 -0.51166829 -0.1882933 ]
   [-0.44792784 -0.14763    -0.36585124 -0.33987641  0.1988358 ]
   [-0.08307105 -0.29946087 -0.34668443 -0.37729508 -0.55393704]]

  [[ 0.31676805  0.47043137  0.51520151  0.30574018  0.06052505]
   [ 0.55534277  0.35630987  0.37707995 -0.24870871 -0.19408742]
   [ 0.1563677   0.29603275 -0.22189563 -0.54833758  0.00700685]
   [-0.37657597 -0.13370767 -0.38169923 -0.09641622 -0.03337756]
   [-0.14522434 -0.41999002 -0.27494406 -0.52970698 -0.53884063]]

  [[ 0.33853842  0.47407112  0.47762396  0.31220413  0.0827029 ]
   [ 0.52291551  0.32806062  0.39979665 -0.27343454 -0.21442025]
   [ 0.10560041  0.33726647 -0.26475502 -0.53382479  0.10816869]
   [-0.33911627 -0.1592453  -0.36285228 -0.05717594 -0.13566475]
   [-0.22350669 -0.40039258 -0.26982667 -0.57965469 -0.48895051]]

  [[ 0.27986823  0.52407356  0.5576656   0.1370188   0.02250332]
   [ 0.5640885   0.41828248  0.25599872 -0.25526737 -0.22748034]
   [ 0.19431556  0.15109901 -0.20984491 -0.5646402  -0.01448526]
   [-0.3727045  -0.10885638 -0.40901256 -0.21752507  0.16761786]
   [-0.06427846 -0.37989825 -0.31585388 -0.40171207 -0.5699379 ]]]


 [[[ 0.31347228  0.42934125  0.56514009  0.37855513  0.01009742]
   [ 0.53231532  0.4333346   0.39787423 -0.23995259 -0.15374166]
   [ 0.14256549  0.32247196 -0.19319323 -0.52190877 -0.10002347]
   [-0.40422071 -0.14948995 -0.34159    -0.18368209 -0.02410473]
   [-0.2054204  -0.3672467  -0.30284228 -0.52341658 -0.50375293]]

  [[ 0.28603466  0.47126519  0.537506    0.31199288  0.05896622]
   [ 0.54943024  0.39095938  0.40642154 -0.21266126 -0.18452722]
   [ 0.1760272   0.30116134 -0.20768724 -0.58174692 -0.01349019]
   [-0.37309484 -0.08155455 -0.37083622 -0.12863388 -0.02011004]
   [-0.22323642 -0.42186778 -0.28865377 -0.53533269 -0.50030565]]

  [[ 0.25576677  0.47298524  0.59468342  0.22874599 -0.03365907]
   [ 0.54366244  0.49577023  0.2645461  -0.26790439 -0.14877872]
   [ 0.16940057  0.18320158 -0.15603498 -0.51192869 -0.1874013 ]
   [-0.44858906 -0.14644364 -0.36593943 -0.33944513  0.19901094]
   [-0.08209219 -0.29906611 -0.34616297 -0.37739558 -0.55430208]]

  [[ 0.31394899  0.46974056  0.5147157   0.30504632  0.06122946]
   [ 0.55385743  0.35335553  0.37481357 -0.24688366 -0.19392425]
   [ 0.15473386  0.29591459 -0.22180343 -0.54899251  0.00745831]
   [-0.37712953 -0.13214584 -0.38231825 -0.09545837 -0.03291661]
   [-0.14407835 -0.42074648 -0.27552792 -0.53077958 -0.53859597]]

  [[ 0.3379254   0.4735847   0.47653045  0.31123507  0.08348864]
   [ 0.52097691  0.32617811  0.39750215 -0.2718496  -0.21244401]
   [ 0.10329322  0.33542766 -0.26443135 -0.53426882  0.10967178]
   [-0.34083469 -0.15798753 -0.36274428 -0.05560885 -0.13468016]
   [-0.22339929 -0.39929145 -0.26877946 -0.57926295 -0.48883111]]

  [[ 0.27803568  0.52171895  0.55776352  0.13605702  0.02149366]
   [ 0.56373787  0.41671639  0.25436387 -0.25401191 -0.22597231]
   [ 0.19251644  0.15001599 -0.20885277 -0.56501256 -0.0136262 ]
   [-0.37363208 -0.10839012 -0.40945137 -0.21706224  0.16947274]
   [-0.06426415 -0.37872647 -0.31677866 -0.40144266 -0.57151276]]]


 [[[ 0.3148514   0.4295994   0.56657491  0.3802591   0.0088497 ]
   [ 0.53228447  0.43403504  0.39883633 -0.24073273 -0.15411582]
   [ 0.14432716  0.32376093 -0.19414248 -0.52107368 -0.10274801]
   [-0.40460451 -0.14963065 -0.34072559 -0.18445212 -0.02651845]
   [-0.20538086 -0.36733492 -0.30296672 -0.52287917 -0.50378918]]

  [[ 0.28727259  0.47166493  0.53848589  0.31348639  0.05794749]
   [ 0.55003067  0.39229105  0.40820961 -0.21404978 -0.1866529 ]
   [ 0.17653075  0.30257645 -0.2090957  -0.58210109 -0.01596522]
   [-0.37432962 -0.08326905 -0.37149252 -0.13087706 -0.02244622]
   [-0.22412929 -0.42223108 -0.28798214 -0.53450774 -0.50068546]]

  [[ 0.25654858  0.47395374  0.59545552  0.23097779 -0.0341187 ]
   [ 0.54472105  0.4972226   0.26654114 -0.2696616  -0.15032691]
   [ 0.17135491  0.1845215  -0.15628473 -0.51188664 -0.18854262]
   [-0.44852085 -0.14699685 -0.36595721 -0.33997042  0.19748815]
   [-0.08190802 -0.29872651 -0.34590319 -0.37798023 -0.55395235]]

  [[ 0.31611606  0.4709558   0.51492738  0.30640969  0.05984627]
   [ 0.55560192  0.35635505  0.37798317 -0.24781538 -0.19488177]
   [ 0.15590183  0.29610461 -0.22260172 -0.54919435  0.00631921]
   [-0.37588951 -0.1326433  -0.38310709 -0.0965251  -0.03458498]
   [-0.1459272  -0.42056648 -0.27492325 -0.53027898 -0.53888064]]

  [[ 0.33918393  0.47366421  0.47759836  0.31365427  0.0833256 ]
   [ 0.52176943  0.32799181  0.39916554 -0.27377922 -0.21348653]
   [ 0.10556756  0.33819081 -0.265198   -0.53387571  0.10860219]
   [-0.34015209 -0.15898853 -0.36386671 -0.05704343 -0.13569548]
   [-0.22327768 -0.3990954  -0.26981797 -0.57833087 -0.48901292]]

  [[ 0.28027672  0.52313865  0.55775006  0.1387025   0.02146136]
   [ 0.56439747  0.41740899  0.25464966 -0.25556807 -0.22755052]
   [ 0.1935501   0.15142372 -0.21060807 -0.56509418 -0.01580533]
   [-0.37381069 -0.10906415 -0.40865911 -0.21823931  0.16742362]
   [-0.06529425 -0.37871981 -0.31523131 -0.40123466 -0.57091498]]]


 [[[ 0.31428601  0.42981691  0.56488185  0.37895275  0.00979993]
   [ 0.53302887  0.43424266  0.4000744  -0.23994571 -0.15453892]
   [ 0.14396134  0.32434723 -0.19327167 -0.52188622 -0.10142012]
   [-0.403304   -0.14912313 -0.3397174  -0.18455616 -0.02442137]
   [-0.20476263 -0.36629509 -0.30293524 -0.52311698 -0.50388771]]

  [[ 0.28647426  0.47254407  0.53783482  0.3132691   0.05747003]
   [ 0.54986721  0.39261177  0.40779044 -0.21252402 -0.18540896]
   [ 0.17704155  0.30247697 -0.20838248 -0.58294174 -0.01493664]
   [-0.37350112 -0.08241467 -0.37168258 -0.12938133 -0.02183405]
   [-0.22467218 -0.42160543 -0.28923578 -0.53629617 -0.49981144]]

  [[ 0.25533521  0.47508245  0.59593952  0.23056615 -0.03457019]
   [ 0.54374503  0.49595686  0.26609447 -0.2685005  -0.15007114]
   [ 0.17150998  0.18328911 -0.15603842 -0.51235704 -0.18778078]
   [-0.44860825 -0.14672416 -0.36569225 -0.33972137  0.19919167]
   [-0.08183794 -0.29914788 -0.34625119 -0.37773616 -0.55381695]]

  [[ 0.3166688   0.47042233  0.51464383  0.30557283  0.06192628]
   [ 0.55518003  0.35568673  0.37600121 -0.248266   -0.19435878]
   [ 0.1568395   0.29563661 -0.22093602 -0.54957868  0.00760575]
   [-0.37730745 -0.13246169 -0.38139046 -0.09647007 -0.03383758]
   [-0.14469952 -0.4203862  -0.27483899 -0.53016566 -0.53940336]]

  [[ 0.33882074  0.47346393  0.47821211  0.31222391  0.08399433]
   [ 0.52277288  0.32714298  0.39848919 -0.27405072 -0.21292589]
   [ 0.10501022  0.3367554  -0.26521534 -0.53337461  0.1083396 ]
   [-0.3398841  -0.15914658 -0.36265449 -0.05701767 -0.13600184]
   [-0.22358421 -0.39889603 -0.26907069 -0.58001525 -0.48887348]]

  [[ 0.27971169  0.52248575  0.55739601  0.13759164  0.02289477]
   [ 0.56316603  0.41787086  0.25508839 -0.25416596 -0.22751675]
   [ 0.19303361  0.15130202 -0.20952962 -0.56550359 -0.01454233]
   [-0.37361781 -0.10854986 -0.40911508 -0.21682536  0.16828981]
   [-0.06478116 -0.37831735 -0.31657153 -0.40153904 -0.57070122]]]


 [[[ 0.31556869  0.43045922  0.56575611  0.37872031  0.00983759]
   [ 0.53207858  0.43470685  0.4001274  -0.23986233 -0.15467355]
   [ 0.14503761  0.32314966 -0.19447626 -0.52222964 -0.10153758]
   [-0.40424131 -0.14898473 -0.34055356 -0.18363013 -0.02514498]
   [-0.20528301 -0.36703727 -0.30374813 -0.52242598 -0.50492977]]

  [[ 0.28755228  0.47227862  0.53775496  0.31392612  0.05920789]
   [ 0.54951314  0.39257889  0.40794256 -0.21279578 -0.18555796]
   [ 0.17801847  0.30223178 -0.2083352  -0.58152211 -0.01480013]
   [-0.37386511 -0.08251731 -0.37083673 -0.1298164  -0.02274198]
   [-0.22331124 -0.42256829 -0.28882769 -0.53629094 -0.49961439]]

  [[ 0.25589056  0.47417277  0.59513783  0.23064972 -0.03421109]
   [ 0.54432696  0.4960049   0.26560286 -0.26865076 -0.14947536]
   [ 0.17190346  0.18415558 -0.15613987 -0.51177052 -0.18735626]
   [-0.44932759 -0.14704605 -0.36493382 -0.3397888   0.19889602]
   [-0.08264933 -0.29904942 -0.34533969 -0.37832012 -0.55398022]]

  [[ 0.31618035  0.47015829  0.51507807  0.30533416  0.0611791 ]
   [ 0.55550978  0.35483337  0.3761471  -0.24803113 -0.19450574]
   [ 0.15691882  0.29544266 -0.22092154 -0.54949101  0.00791694]
   [-0.3766116  -0.1319217  -0.38229069 -0.09623387 -0.0339895 ]
   [-0.14606216 -0.41930946 -0.27560036 -0.53022318 -0.53883638]]

  [[ 0.33889689  0.47349315  0.47763628  0.31267861  0.08231737]
   [ 0.52205656  0.32779788  0.39887006 -0.27343492 -0.21364929]
   [ 0.10521569  0.3361089  -0.26592179 -0.53405106  0.10892485]
   [-0.33978349 -0.15898266 -0.36365028 -0.05695205 -0.13538817]
   [-0.22279508 -0.40072724 -0.27015981 -0.57930792 -0.48893937]]

  [[ 0.27977749  0.52308112  0.55709406  0.13763323  0.02276379]
   [ 0.56454032  0.41797236  0.25523142 -0.25389221 -0.22702626]
   [ 0.19402952  0.15200914 -0.20920562 -0.56531848 -0.01427481]
   [-0.37368047 -0.10864607 -0.40938983 -0.21742382  0.16873356]
   [-0.0648192  -0.37924155 -0.31649585 -0.40155119 -0.57156693]]]


 [[[ 0.31457427  0.42923158  0.56579454  0.38059908  0.00894982]
   [ 0.53219875  0.43336229  0.39816463 -0.24027496 -0.15457039]
   [ 0.14352894  0.32334675 -0.1935498  -0.52234524 -0.10178109]
   [-0.40482446 -0.14861204 -0.34069934 -0.18326047 -0.02517463]
   [-0.20513791 -0.36704599 -0.30291942 -0.523751   -0.50300937]]

  [[ 0.28592506  0.47080125  0.53834283  0.31288294  0.05805811]
   [ 0.54981324  0.39238677  0.40741321 -0.21358504 -0.18545934]
   [ 0.17668563  0.30222144 -0.20913386 -0.58208508 -0.01478385]
   [-0.37332351 -0.08266915 -0.37117493 -0.1308523  -0.02108767]
   [-0.22389488 -0.42235658 -0.28944425 -0.53541684 -0.49972425]]

  [[ 0.25568835  0.47322631  0.59492617  0.23062285 -0.0345402 ]
   [ 0.54315203  0.49554442  0.26562753 -0.2694035  -0.14939747]
   [ 0.17020219  0.18448422 -0.15601986 -0.51084733 -0.18906454]
   [-0.44764955 -0.14641551 -0.3662688  -0.33967639  0.19826641]
   [-0.08290636 -0.29969917 -0.34694523 -0.37877619 -0.55400243]]

  [[ 0.31562819  0.47054692  0.51523147  0.30427043  0.06052866]
   [ 0.55457322  0.3540996   0.37632696 -0.24820658 -0.1943943 ]
   [ 0.15477692  0.29603414 -0.22195087 -0.54925546  0.00756588]
   [-0.37675191 -0.13371371 -0.38244465 -0.09610891 -0.03400543]
   [-0.14483436 -0.41951039 -0.27527918 -0.53047026 -0.53911   ]]

  [[ 0.33891965  0.47337061  0.47815604  0.31213919  0.08383175]
   [ 0.52110029  0.32632385  0.39836693 -0.27327166 -0.21350738]
   [ 0.10548435  0.33653356 -0.26414278 -0.53406212  0.10862963]
   [-0.34005331 -0.15875941 -0.36368199 -0.05683534 -0.13513363]
   [-0.22287774 -0.39988736 -0.2695371  -0.57958105 -0.48871964]]

  [[ 0.27953509  0.52258084  0.55745893  0.13822036  0.02157099]
   [ 0.56380408  0.41783071  0.25462549 -0.25500773 -0.22709369]
   [ 0.19403481  0.15116253 -0.20961114 -0.56432248 -0.01491936]
   [-0.37382438 -0.10812972 -0.40955359 -0.21716106  0.16764845]
   [-0.06486445 -0.37843245 -0.31591531 -0.40086229 -0.57084215]]]


 [[[ 0.31409546  0.42964415  0.56584392  0.37931265  0.0099992 ]
   [ 0.5318487   0.4329839   0.39805581 -0.23945717 -0.15408771]
   [ 0.14302543  0.32272539 -0.19345653 -0.52201185 -0.10162541]
   [-0.40464094 -0.1484696  -0.34052719 -0.18386851 -0.02461794]
   [-0.20387718 -0.36657967 -0.30354835 -0.52249246 -0.50385929]]

  [[ 0.2863246   0.47109838  0.53763144  0.31174578  0.05795382]
   [ 0.54970766  0.3918868   0.40738657 -0.21368393 -0.18537748]
   [ 0.17614921  0.301581   -0.2095031  -0.58317319 -0.01373941]
   [-0.37223229 -0.08263569 -0.37163155 -0.12928085 -0.02124026]
   [-0.22367817 -0.42072514 -0.28863817 -0.53523378 -0.49956124]]

  [[ 0.25428428  0.47390787  0.59506291  0.22928155 -0.03439356]
   [ 0.54325418  0.49583138  0.26408078 -0.26799387 -0.14864992]
   [ 0.17012876  0.18289377 -0.15567196 -0.51186225 -0.18641224]
   [-0.44935784 -0.14629844 -0.36518427 -0.33948229  0.19883177]
   [-0.08229972 -0.29859109 -0.3467812  -0.37756607 -0.55397619]]

  [[ 0.31522451  0.46941238  0.51495985  0.30466211  0.06114564]
   [ 0.55489472  0.35424065  0.37616611 -0.24744383 -0.19284818]
   [ 0.15550562  0.29538859 -0.22142092 -0.54952396  0.00773334]
   [-0.37680421 -0.13229409 -0.3830125  -0.09563741 -0.03322507]
   [-0.14495964 -0.42041901 -0.27477319 -0.53009993 -0.53781927]]

  [[ 0.33832014  0.47318993  0.47634947  0.31161782  0.08335492]
   [ 0.52177855  0.32666129  0.39782363 -0.27252787 -0.21387214]
   [ 0.10425599  0.33496348 -0.26369091 -0.53419752  0.10888878]
   [-0.33943511 -0.15812386 -0.36268289 -0.05675005 -0.13475166]
   [-0.22279974 -0.39938875 -0.27026366 -0.57866654 -0.48968501]]

  [[ 0.27916766  0.52286108  0.5569998   0.13683748  0.02212243]
   [ 0.56373135  0.41723974  0.2533206  -0.2536297  -0.22702934]
   [ 0.19279312  0.14999221 -0.20920328 -0.56484942 -0.0139884 ]
   [-0.37267836 -0.10739859 -0.40985153 -0.2169961   0.16793038]
   [-0.06494445 -0.37881687 -0.31581381 -0.40140545 -0.57077018]]]


 [[[ 0.31451501  0.42985554  0.56571452  0.38013165  0.00955202]
   [ 0.53230706  0.43300605  0.3995437  -0.24036966 -0.15517457]
   [ 0.14429215  0.32407676 -0.19395783 -0.52104558 -0.10196226]
   [-0.40460756 -0.14918784 -0.34101018 -0.1851719  -0.02555659]
   [-0.20427969 -0.36679208 -0.30288745 -0.52236155 -0.50464231]]

  [[ 0.28723884  0.47273929  0.53802352  0.31420412  0.05824219]
   [ 0.54991401  0.39295252  0.40902825 -0.21371763 -0.18569833]
   [ 0.17773282  0.30378252 -0.20998855 -0.58122626 -0.01588189]
   [-0.37371809 -0.0818578  -0.3709618  -0.13024847 -0.02218192]
   [-0.22424575 -0.42201569 -0.28903846 -0.53532044 -0.50017362]]

  [[ 0.25623705  0.47432898  0.59517503  0.23104134 -0.03429538]
   [ 0.54306566  0.49625549  0.26660371 -0.26864652 -0.14986649]
   [ 0.17151613  0.18446296 -0.15628327 -0.51122563 -0.18820391]
   [-0.44923737 -0.14679072 -0.36567043 -0.34075045  0.19823719]
   [-0.08361535 -0.29881982 -0.34616735 -0.37774883 -0.55432652]]

  [[ 0.3160906   0.47111678  0.51552725  0.30481002  0.06142815]
   [ 0.55472256  0.35457884  0.37698031 -0.24834126 -0.19390403]
   [ 0.15629597  0.29632941 -0.22264827 -0.54894122  0.00801367]
   [-0.37659681 -0.13284502 -0.38222591 -0.09626416 -0.0349865 ]
   [-0.1450415  -0.42035582 -0.27501085 -0.53014464 -0.53814339]]

  [[ 0.33918288  0.47395973  0.47711229  0.31278026  0.08319439]
   [ 0.52225291  0.32812589  0.39913601 -0.27305845 -0.21376211]
   [ 0.10553191  0.3372358  -0.26435782 -0.53408468  0.1089794 ]
   [-0.33993055 -0.15937513 -0.36383598 -0.05702163 -0.13463516]
   [-0.22316075 -0.40018114 -0.26878281 -0.57922761 -0.48959908]]

  [[ 0.27914491  0.52249145  0.5582884   0.13703479  0.0209224 ]
   [ 0.56439721  0.41898297  0.25549876 -0.25519331 -0.22690724]
   [ 0.19374293  0.15135638 -0.21062664 -0.56547526 -0.01434074]
   [-0.37364659 -0.10950312 -0.40869395 -0.21768262  0.1672422 ]
   [-0.064315   -0.37927281 -0.315851   -0.40130194 -0.57162551]]]


 [[[ 0.31392073  0.42967878  0.56520465  0.37908049  0.00995739]
   [ 0.53093634  0.43314463  0.39843736 -0.23889023 -0.15377014]
   [ 0.14226965  0.32275243 -0.19347662 -0.5221657  -0.10112191]
   [-0.40524211 -0.14884046 -0.34092286 -0.18325047 -0.02484266]
   [-0.20569263 -0.36654257 -0.30271066 -0.52306724 -0.50386129]]

  [[ 0.28655312  0.47143379  0.53808013  0.31232491  0.05852575]
   [ 0.55000428  0.39182359  0.40734899 -0.21360993 -0.18479071]
   [ 0.17648446  0.30252608 -0.20872203 -0.58343815 -0.0145558 ]
   [-0.37388694 -0.08213541 -0.37110808 -0.13057719 -0.02123627]
   [-0.22414258 -0.42159395 -0.28829141 -0.53453096 -0.49913603]]

  [[ 0.25517032  0.47381724  0.59440527  0.22991622 -0.03445063]
   [ 0.54375435  0.49522875  0.2655771  -0.26905658 -0.14835156]
   [ 0.17053143  0.18306468 -0.15566414 -0.51178131 -0.18726488]
   [-0.44848013 -0.14628311 -0.36597328 -0.33954246  0.19794978]
   [-0.08311537 -0.2989923  -0.34654871 -0.37762467 -0.5539427 ]]

  [[ 0.31545982  0.46996366  0.51497777  0.30557742  0.0620057 ]
   [ 0.55523508  0.35463609  0.37515289 -0.2476233  -0.19408568]
   [ 0.15500489  0.2957899  -0.22135229 -0.54899845  0.00812778]
   [-0.37577171 -0.13232869 -0.38265194 -0.09493916 -0.03309293]
   [-0.14414531 -0.41929143 -0.27441768 -0.52939833 -0.53884426]]

  [[ 0.33921513  0.47291805  0.47702296  0.31088862  0.08343896]
   [ 0.52137675  0.32647197  0.39779746 -0.27318208 -0.21293521]
   [ 0.10442833  0.33517642 -0.26456174 -0.53382757  0.1094529 ]
   [-0.34084888 -0.15800189 -0.36301481 -0.05628812 -0.13503991]
   [-0.22276081 -0.39992386 -0.27068407 -0.58006581 -0.48968229]]

  [[ 0.27821958  0.52276329  0.55720944  0.13613176  0.02193253]
   [ 0.56293105  0.41710314  0.25370406 -0.25467515 -0.22742177]
   [ 0.19210441  0.14909593 -0.20919178 -0.56472459 -0.01406958]
   [-0.37366661 -0.10759367 -0.41042935 -0.21707463  0.1679228 ]
   [-0.06441547 -0.37988091 -0.31507183 -0.40238263 -0.56980555]]]


 [[[ 0.31444301  0.429683    0.565041    0.37960375  0.00979679]
   [ 0.53201879  0.43481556  0.39882121 -0.24000918 -0.15470961]
   [ 0.14442886  0.3245102  -0.19391079 -0.52196631 -0.10220916]
   [-0.40357525 -0.14888664 -0.34037926 -0.18414559 -0.025183  ]
   [-0.20438265 -0.36690835 -0.30387233 -0.52267726 -0.50330659]]

  [[ 0.28718818  0.4711736   0.53756005  0.31323572  0.05755399]
   [ 0.55070041  0.39303087  0.4092057  -0.21340086 -0.18551566]
   [ 0.17683747  0.3028805  -0.20915962 -0.58294117 -0.014532  ]
   [-0.3725393  -0.08219359 -0.37069244 -0.12972049 -0.02203155]
   [-0.22490669 -0.42235791 -0.28915325 -0.53603937 -0.49946227]]

  [[ 0.2559656   0.47441417  0.59526947  0.23102042 -0.03353374]
   [ 0.54309647  0.49627901  0.26612676 -0.26859567 -0.15012136]
   [ 0.17201703  0.18528357 -0.15554729 -0.51187823 -0.18830648]
   [-0.4486357  -0.1463334  -0.36567385 -0.34007529  0.19839892]
   [-0.08169637 -0.29903743 -0.34592851 -0.37717484 -0.55311636]]

  [[ 0.31506658  0.47109204  0.51540365  0.30582161  0.0616626 ]
   [ 0.55560245  0.35565351  0.3773239  -0.24840056 -0.19451425]
   [ 0.15701299  0.29721623 -0.22185698 -0.54920761  0.00774945]
   [-0.37584222 -0.13262103 -0.38126254 -0.09557245 -0.03379167]
   [-0.14590734 -0.42010859 -0.27484094 -0.53006948 -0.53944839]]

  [[ 0.33970953  0.47469112  0.4775375   0.31336378  0.08423455]
   [ 0.52178502  0.32878344  0.39906609 -0.27279884 -0.21364859]
   [ 0.10558335  0.33800414 -0.26490683 -0.5338699   0.10967756]
   [-0.33878341 -0.15847449 -0.36340089 -0.05639291 -0.13497684]
   [-0.22316144 -0.39965294 -0.26972139 -0.57915005 -0.48918205]]

  [[ 0.28002158  0.52429222  0.55756341  0.13789375  0.02208238]
   [ 0.56459137  0.41827652  0.25605634 -0.25386858 -0.22762578]
   [ 0.19438741  0.15088472 -0.21057573 -0.56499904 -0.01424507]
   [-0.37346779 -0.10856958 -0.40919162 -0.21745572  0.16820603]
   [-0.06531359 -0.37909045 -0.31665201 -0.4014729  -0.57054743]]]


 [[[ 0.31491476  0.430377    0.56614382  0.38009065  0.00908184]
   [ 0.53210322  0.43375494  0.39968267 -0.24035998 -0.15387508]
   [ 0.14383266  0.32386711 -0.19373464 -0.52198901 -0.10247357]
   [-0.40450159 -0.14888204 -0.34023384 -0.18527887 -0.02503066]
   [-0.20529672 -0.36734249 -0.303057   -0.52319204 -0.50395289]]

  [[ 0.28709154  0.47184493  0.53716853  0.31249334  0.05816738]
   [ 0.54993406  0.39273291  0.40796112 -0.21336014 -0.18568619]
   [ 0.17807516  0.30196659 -0.20929365 -0.58189063 -0.01502417]
   [-0.37242064 -0.0827238  -0.37176481 -0.12975925 -0.02221238]
   [-0.2240646  -0.42206757 -0.28832018 -0.53516156 -0.49969123]]

  [[ 0.25675824  0.47451499  0.59589256  0.23026732 -0.03380691]
   [ 0.54431867  0.4954471   0.26625965 -0.26877543 -0.14962141]
   [ 0.17161005  0.18455469 -0.15611223 -0.51167843 -0.18841865]
   [-0.44850183 -0.14682691 -0.36594132 -0.33987575  0.19821805]
   [-0.08199655 -0.29891959 -0.34547536 -0.37784254 -0.55395526]]

  [[ 0.31510272  0.4695211   0.51537242  0.30537468  0.06167416]
   [ 0.55524652  0.35462273  0.37730427 -0.24820737 -0.19367261]
   [ 0.15608005  0.2973139  -0.2219766  -0.54928385  0.00730478]
   [-0.37671636 -0.13347214 -0.38235091 -0.09609209 -0.03419212]
   [-0.14507588 -0.42031704 -0.27526638 -0.53024902 -0.53885723]]

  [[ 0.3385052   0.47381568  0.47769816  0.31311973  0.08357242]
   [ 0.52210327  0.3277345   0.39890286 -0.27342581 -0.21394604]
   [ 0.10568829  0.33710835 -0.26506495 -0.53419571  0.10810312]
   [-0.34056544 -0.1592435  -0.36359705 -0.05759912 -0.13536155]
   [-0.22320694 -0.39905969 -0.26981958 -0.57839284 -0.48897602]]

  [[ 0.28066029  0.52306562  0.55803289  0.13751286  0.02146524]
   [ 0.56325991  0.41857309  0.25567097 -0.25537356 -0.22740852]
   [ 0.19485662  0.15147073 -0.20958505 -0.56601874 -0.01549288]
   [-0.37392606 -0.10879438 -0.40996277 -0.21750668  0.1678131 ]
   [-0.0653026  -0.38026755 -0.31588225 -0.40169072 -0.57066641]]]


 [[[ 0.31463639  0.4308936   0.56625876  0.38022549  0.0089773 ]
   [ 0.53202896  0.43280494  0.40012147 -0.23959302 -0.15454051]
   [ 0.14495126  0.32371493 -0.194669   -0.52156121 -0.10136265]
   [-0.40476156 -0.14909383 -0.3404926  -0.18413779 -0.02548372]
   [-0.20523226 -0.36669929 -0.30205625 -0.52388147 -0.50417657]]

  [[ 0.28642043  0.47270488  0.5376605   0.31263366  0.0585288 ]
   [ 0.5506427   0.39264105  0.40781842 -0.21329776 -0.18541316]
   [ 0.17727224  0.30265512 -0.20812209 -0.58314117 -0.01476565]
   [-0.37315257 -0.08145326 -0.37058389 -0.13013784 -0.02180087]
   [-0.22404735 -0.42221212 -0.28900506 -0.53532212 -0.49961469]]

  [[ 0.25582938  0.47448044  0.59439193  0.22983372 -0.03402325]
   [ 0.54416667  0.49597308  0.26641716 -0.26841525 -0.14960425]
   [ 0.17114929  0.18404877 -0.15511301 -0.51184318 -0.1882067 ]
   [-0.4485489  -0.1465918  -0.36500706 -0.33876608  0.19851048]
   [-0.08157404 -0.29857468 -0.34705495 -0.3783445  -0.5549351 ]]

  [[ 0.31597635  0.47110597  0.5151956   0.30526536  0.06145324]
   [ 0.55501891  0.35520567  0.37729954 -0.24799876 -0.19438975]
   [ 0.15514193  0.29630281 -0.22176675 -0.54928385  0.00749296]
   [-0.37650437 -0.13259125 -0.38280357 -0.09610371 -0.03408219]
   [-0.14411074 -0.41923924 -0.27492733 -0.52964225 -0.53866249]]

  [[ 0.33798287  0.47380668  0.47732182  0.31222808  0.08342761]
   [ 0.52129571  0.32735838  0.39971151 -0.27303494 -0.21258302]
   [ 0.10580196  0.33672933 -0.26476827 -0.53408273  0.10902265]
   [-0.33975213 -0.15843884 -0.36351429 -0.05679773 -0.13462143]
   [-0.22376381 -0.39921881 -0.26921119 -0.5790312  -0.48867876]]

  [[ 0.27935565  0.52262453  0.55762363  0.13756958  0.02181591]
   [ 0.56421951  0.41789555  0.25472045 -0.2553762  -0.2275074 ]
   [ 0.19485149  0.15009842 -0.20885711 -0.56538212 -0.01448662]
   [-0.37293798 -0.10893904 -0.41003054 -0.21820931  0.16924372]
   [-0.06470469 -0.37890055 -0.31616194 -0.4011988  -0.57126605]]]


 [[[ 0.31393967  0.43004841  0.5663282   0.37966148  0.00932778]
   [ 0.53217277  0.43378502  0.40015206 -0.23938905 -0.15534917]
   [ 0.144243    0.32376621 -0.19383719 -0.5221256  -0.10215462]
   [-0.40410114 -0.1488298  -0.34030327 -0.18411493 -0.0249031 ]
   [-0.20521783 -0.36691063 -0.30205064 -0.52243136 -0.50413182]]

  [[ 0.28697897  0.47263691  0.53767295  0.3130713   0.05952434]
   [ 0.55073791  0.39313969  0.40826548 -0.21320411 -0.18488258]
   [ 0.17752819  0.30261347 -0.20813506 -0.58239774 -0.01454224]
   [-0.37220304 -0.08231871 -0.37090996 -0.13053611 -0.02173799]
   [-0.22395852 -0.42177341 -0.28966728 -0.53485426 -0.49885389]]

  [[ 0.25633018  0.47424697  0.59590317  0.23023208 -0.03443572]
   [ 0.54379642  0.49688991  0.26632947 -0.26825289 -0.14929004]
   [ 0.17206082  0.1842055  -0.155137   -0.51247041 -0.18767228]
   [-0.4486389  -0.14684281 -0.36555248 -0.33997324  0.1982797 ]
   [-0.08250366 -0.29844827 -0.34653929 -0.37769302 -0.55393519]]

  [[ 0.3150057   0.47039406  0.51535155  0.30537089  0.06048798]
   [ 0.55604006  0.35515778  0.37607898 -0.24861869 -0.19433594]
   [ 0.15610971  0.2964459  -0.2218728  -0.54938154  0.00778418]
   [-0.37711679 -0.13253254 -0.38230649 -0.0960864  -0.03420582]
   [-0.14404995 -0.41972825 -0.27566141 -0.5301294  -0.53951932]]

  [[ 0.33892162  0.47276024  0.47738058  0.31211847  0.0830681 ]
   [ 0.52208454  0.32775362  0.39857512 -0.27356565 -0.21409491]
   [ 0.10550592  0.33700847 -0.26535763 -0.53403367  0.10914676]
   [-0.33963591 -0.1583821  -0.36318952 -0.05677866 -0.13518497]
   [-0.22341411 -0.39895538 -0.269982   -0.57917565 -0.48884294]]

  [[ 0.28066508  0.52285384  0.55740219  0.13804617  0.02224174]
   [ 0.56492527  0.41737647  0.25588506 -0.25548002 -0.22701185]
   [ 0.1946579   0.15135307 -0.20958741 -0.56533936 -0.01437934]
   [-0.37447913 -0.10845322 -0.41015216 -0.2173542   0.16844283]
   [-0.06411933 -0.37998456 -0.31682738 -0.40181841 -0.57068437]]]


 [[[ 0.31512175  0.4294334   0.56547576  0.37929859  0.00987906]
   [ 0.53249724  0.43344863  0.39970153 -0.23896546 -0.15355799]
   [ 0.14337906  0.32365216 -0.19367571 -0.52176929 -0.1020512 ]
   [-0.40420015 -0.14808617 -0.34129188 -0.18327891 -0.02577537]
   [-0.20521854 -0.36693943 -0.30195668 -0.52321638 -0.50347789]]

  [[ 0.28591197  0.47130107  0.53723915  0.31196538  0.05820748]
   [ 0.54987897  0.39239967  0.40827032 -0.21329502 -0.18537326]
   [ 0.17656851  0.30220684 -0.20814636 -0.58249039 -0.01536875]
   [-0.37299372 -0.08147702 -0.37101471 -0.13020887 -0.02172302]
   [-0.22403415 -0.42112002 -0.28795391 -0.53597652 -0.49966441]]

  [[ 0.25596878  0.47406211  0.595954    0.23041415 -0.03482362]
   [ 0.54361757  0.49602099  0.26503359 -0.26924827 -0.14857654]
   [ 0.17121884  0.18445212 -0.15559738 -0.5111143  -0.18671629]
   [-0.44818343 -0.14619355 -0.36502464 -0.3399225   0.19755947]
   [-0.08186156 -0.29913381 -0.34564256 -0.3780117  -0.5539745 ]]

  [[ 0.31547512  0.47022212  0.51512989  0.30450832  0.06096834]
   [ 0.55506589  0.35459364  0.3767794  -0.24788117 -0.19497511]
   [ 0.15496395  0.29528252 -0.2208605  -0.55020638  0.00684573]
   [-0.37654605 -0.13194188 -0.38218686 -0.09564283 -0.03468554]
   [-0.14462291 -0.41954596 -0.27421276 -0.53022441 -0.53886807]]

  [[ 0.33824809  0.47404012  0.47724816  0.31199016  0.08373682]
   [ 0.52226447  0.3266021   0.3984678  -0.27255377 -0.21334525]
   [ 0.10487947  0.33645176 -0.26485216 -0.53419732  0.10894131]
   [-0.33904322 -0.15840284 -0.36388359 -0.05579186 -0.13516731]
   [-0.22316132 -0.40035258 -0.26972896 -0.58002244 -0.48901662]]

  [[ 0.27957747  0.52299238  0.5581248   0.13711265  0.02294394]
   [ 0.56381939  0.41767076  0.25432515 -0.25487683 -0.22682363]
   [ 0.19360941  0.15078858 -0.20957264 -0.56548556 -0.0150373 ]
   [-0.37380807 -0.10929583 -0.41032958 -0.2163187   0.16899048]
   [-0.06406978 -0.37885663 -0.31685173 -0.40216565 -0.5715402 ]]]


 [[[ 0.31490071  0.43107569  0.56482661  0.37986521  0.00942966]
   [ 0.53290703  0.4331631   0.39945279 -0.24096659 -0.15419901]
   [ 0.14422813  0.32407733 -0.19364999 -0.52196775 -0.10124532]
   [-0.40340007 -0.14853228 -0.34052706 -0.18335617 -0.0254161 ]
   [-0.20533276 -0.36646704 -0.30388994 -0.52315233 -0.50349381]]

  [[ 0.28637389  0.47178685  0.53766215  0.31380613  0.05844853]
   [ 0.55003834  0.3928754   0.4087673  -0.21280841 -0.18546388]
   [ 0.17732455  0.30275598 -0.20927054 -0.58226574 -0.01540852]
   [-0.37309993 -0.08310505 -0.37101349 -0.12969098 -0.02225453]
   [-0.22470717 -0.42279156 -0.28969815 -0.53462621 -0.49962126]]

  [[ 0.25602476  0.47499496  0.59450146  0.23078925 -0.03438909]
   [ 0.5433316   0.49581757  0.26733262 -0.26967608 -0.14982471]
   [ 0.1727487   0.18408015 -0.15617478 -0.51167646 -0.18824958]
   [-0.44934369 -0.14642687 -0.36635277 -0.33941055  0.19845208]
   [-0.08297436 -0.29972691 -0.34582214 -0.37702567 -0.55391373]]

  [[ 0.31680505  0.46983611  0.51492435  0.30547791  0.06067854]
   [ 0.55535624  0.3554591   0.37689222 -0.24810222 -0.19454525]
   [ 0.15620509  0.29568229 -0.22195438 -0.54912664  0.00797012]
   [-0.37731639 -0.13286504 -0.38230739 -0.09549905 -0.0346342 ]
   [-0.14489085 -0.42030815 -0.27451384 -0.53019099 -0.53826468]]

  [[ 0.33948726  0.47304514  0.47749701  0.3118932   0.08308252]
   [ 0.52227943  0.3269845   0.39904717 -0.27348566 -0.21384035]
   [ 0.1049147   0.33779669 -0.26503179 -0.53371065  0.10865083]
   [-0.33947014 -0.15934503 -0.36354403 -0.05684236 -0.13653218]
   [-0.22317661 -0.39889524 -0.27030474 -0.5797988  -0.48891287]]

  [[ 0.27989842  0.52410696  0.55757846  0.13804579  0.02197211]
   [ 0.56335601  0.41749521  0.25537457 -0.25459359 -0.22664378]
   [ 0.19425017  0.1511428  -0.20903867 -0.56562207 -0.01461429]
   [-0.37333535 -0.1090925  -0.40951544 -0.21691967  0.16870255]
   [-0.06600415 -0.37930437 -0.31593885 -0.40138271 -0.57149368]]]]