[[-0.77292086 -0.78168526 -0.77028751 -0.77249678 -0.72823398 -0.73762877
  -0.7819491  -0.47187487 -0.77427912 -0.70019285 -0.2986921  -0.76262112
  -0.76199163 -0.75442406 -0.73193199 -0.78193546 -0.78127185 -0.77315808
  -0.78260407 -0.44438354 -0.6844376  -0.70907007 -0.77383689 -0.76631247
  -0.30370127 -0.7672288  -0.74517605 -0.61887075 -0.74154667 -0.35976189
  -0.39409849 -0.53272511 -0.75008311 -0.77997467 -0.29567031 -0.34049553
  -0.55196499 -0.69231837 -0.78026667 -0.6905545  -0.35305248 -0.69378148
  -0.77984784 -0.77611783 -0.7649155  -0.47144578 -0.70943514 -0.78172035
  -0.75194229 -0.29334155 -0.6923153  -0.71308871 -0.49550075 -0.78029618
  -0.74350041 -0.29306499 -0.78169448 -0.38135422 -0.75285297 -0.29033872
  -0.5077546  -0.75891751 -0.75137684 -0.48151275 -0.65616048 -0.76189302
  -0.77753592 -0.760364   -0.77887959 -0.63376409 -0.64967017 -0.77448033
  -0.32838192 -0.77793755 -0.48500842 -0.4165715  -0.76554274 -0.76706249
  -0.47388805 -0.74262267 -0.29266837 -0.69662691 -0.42663267 -0.50929039
  -0.77262486 -0.44499194 -0.34348321 -0.77130297 -0.72879303 -0.62179254
  -0.75573307 -0.51762637 -0.77325001 -0.29172032 -0.70060515 -0.72137387
  -0.7804799  -0.77656397 -0.53302534 -0.71648215 -0.29003201 -0.77527669
  -0.78177917 -0.64156044 -0.77374467 -0.7724206  -0.76493945 -0.75501343
  -0.57151224 -0.7788843  -0.32365213 -0.77794416 -0.28946853 -0.34774838
  -0.78226639 -0.75970485 -0.76598119 -0.7754795  -0.60759399 -0.66733993]
 [-0.77277274 -0.78216621 -0.7709805  -0.77246874 -0.7284743  -0.73764724
  -0.78220362 -0.4725     -0.77365017 -0.70001066 -0.29850336 -0.76264474
  -0.76219473 -0.75474715 -0.73196975 -0.78281223 -0.78155599 -0.77278914
  -0.78235569 -0.44422776 -0.68474003 -0.70867777 -0.77458207 -0.76644855
  -0.30357735 -0.76769572 -0.74506472 -0.61827106 -0.74149937 -0.35958155
  -0.39401164 -0.5326056  -0.74964647 -0.78040863 -0.29623841 -0.34142037
  -0.55230844 -0.69265074 -0.78039775 -0.69093445 -0.35360863 -0.69346505
  -0.78029546 -0.77608597 -0.76553884 -0.47165    -0.70890225 -0.78146315
  -0.75225406 -0.29381321 -0.69262028 -0.71364256 -0.49539064 -0.78025724
  -0.74345915 -0.29322375 -0.78199773 -0.38086981 -0.75342159 -0.29080213
  -0.50728488 -0.75837363 -0.75135886 -0.48179129 -0.65659341 -0.76270015
  -0.77741836 -0.76036798 -0.77887638 -0.63448691 -0.6498662  -0.77450474
  -0.3288313  -0.77837806 -0.48541435 -0.41639204 -0.7653687  -0.76788834
  -0.47337501 -0.74297015 -0.29253324 -0.69627224 -0.42665448 -0.51011586
  -0.77257311 -0.4446612  -0.34420583 -0.77140331 -0.72875326 -0.62268533
  -0.75600273 -0.51810461 -0.77328713 -0.29234994 -0.70025055 -0.72122863
  -0.78013068 -0.77737718 -0.53344712 -0.71715035 -0.28985541 -0.77502982
  -0.78271964 -0.64158346 -0.77417521 -0.77289768 -0.76492381 -0.75498439
  -0.57233499 -0.77911305 -0.32338287 -0.77779739 -0.28992844 -0.3482539
  -0.78263895 -0.75947665 -0.76604421 -0.7757767  -0.60789601 -0.66813961]
 [-0.77145998 -0.77926747 -0.7687316  -0.77074234 -0.7262633  -0.73538574
  -0.77919944 -0.47145844 -0.7722339  -0.69876879 -0.29818845 -0.76062585
  -0.76101767 -0.75280627 -0.72990993 -0.78031685 -0.77929857 -0.77148499
  -0.78043876 -0.444134   -0.68350599 -0.70774669 -0.77198167 -0.76476632
  -0.3040215  -0.76534726 -0.74293664 -0.61747736 -0.74034593 -0.35954299
  -0.39442149 -0.53242877 -0.74853721 -0.77899332 -0.29564431 -0.34096851
  -0.55085742 -0.6912439  -0.77790257 -0.68903892 -0.35318215 -0.69212507
  -0.77775217 -0.77407941 -0.76334581 -0.471133   -0.7076636  -0.7800291
  -0.75009614 -0.29368582 -0.69176599 -0.71244838 -0.49553104 -0.77870477
  -0.74173552 -0.29288312 -0.77955629 -0.38090382 -0.7507012  -0.29086929
  -0.50687934 -0.75670179 -0.74970529 -0.48129568 -0.65532343 -0.76018433
  -0.77530137 -0.75855908 -0.77683838 -0.63341407 -0.64855834 -0.77197989
  -0.32804789 -0.7764438  -0.48438312 -0.41622124 -0.76388591 -0.76575894
  -0.47286108 -0.74075625 -0.29292498 -0.6947738  -0.42695072 -0.50934836
  -0.77045908 -0.44431479 -0.3433466  -0.76902737 -0.72791364 -0.62129853
  -0.75390685 -0.51756111 -0.77133266 -0.29216275 -0.69875509 -0.72037064
  -0.77801639 -0.77494942 -0.53317684 -0.71549846 -0.28985322 -0.77376858
  -0.78006303 -0.63996668 -0.7717616  -0.77110014 -0.76273383 -0.75321464
  -0.5709721  -0.77660853 -0.32322337 -0.77531763 -0.28933264 -0.34814363
  -0.78015115 -0.75795324 -0.76420071 -0.7739276  -0.6070002  -0.66692334]
 [-0.77351618 -0.78198016 -0.77099523 -0.77270328 -0.72863715 -0.73763311
  -0.78151771 -0.47185008 -0.77370504 -0.70020351 -0.29959963 -0.76318718
  -0.76259504 -0.75426181 -0.73206388 -0.78233713 -0.78152304 -0.7730314
  -0.78246979 -0.44438218 -0.68472899 -0.7089497  -0.77403421 -0.76653123
  -0.30516975 -0.7682381  -0.74525793 -0.61911033 -0.7416587  -0.36065084
  -0.39405585 -0.53244574 -0.74978152 -0.78103565 -0.29715193 -0.34162852
  -0.55211964 -0.69229012 -0.78108532 -0.69026134 -0.35342711 -0.69387101
  -0.77995116 -0.77610786 -0.76508789 -0.47179389 -0.70903294 -0.78162668
  -0.75180198 -0.29480025 -0.69315998 -0.71361536 -0.49634628 -0.78007194
  -0.74344092 -0.29421997 -0.7820121  -0.38159989 -0.75349548 -0.29254726
  -0.50727783 -0.7593659  -0.75146296 -0.48161731 -0.65595363 -0.76221515
  -0.77807704 -0.76030607 -0.77906059 -0.63377143 -0.65052174 -0.77411484
  -0.32929914 -0.77860732 -0.48547417 -0.4171422  -0.76586407 -0.76740477
  -0.47380436 -0.74303131 -0.2940766  -0.69648903 -0.42645683 -0.50948307
  -0.77256761 -0.44478239 -0.34409671 -0.7715004  -0.72943267 -0.62263462
  -0.75666254 -0.51779401 -0.77415791 -0.2933102  -0.70088427 -0.72136378
  -0.78073063 -0.77740166 -0.53373274 -0.71646156 -0.29232547 -0.77500791
  -0.78281977 -0.6415716  -0.77372306 -0.77374064 -0.76516191 -0.75541576
  -0.57186468 -0.77890521 -0.32359775 -0.77814664 -0.29159332 -0.34874812
  -0.78222585 -0.75945097 -0.76647725 -0.77649592 -0.60714322 -0.66773574]
 [-0.77211678 -0.78110185 -0.77031679 -0.77190531 -0.72814971 -0.73725934
  -0.78157791 -0.47176662 -0.77378574 -0.69960686 -0.29809172 -0.76254503
  -0.76185586 -0.7543102  -0.73087227 -0.78220555 -0.7814427  -0.77295793
  -0.78242389 -0.44376637 -0.68429527 -0.7081853  -0.77339351 -0.76586869
  -0.30343817 -0.76763662 -0.74435819 -0.61880615 -0.7417246  -0.3601705
  -0.3943962  -0.53223672 -0.74989924 -0.7796993  -0.29587051 -0.3403523
  -0.55150735 -0.69182984 -0.78029751 -0.69028322 -0.35320878 -0.69391655
  -0.77932112 -0.77579191 -0.76516067 -0.47152678 -0.70894972 -0.78125677
  -0.7516957  -0.29280244 -0.69296699 -0.71345259 -0.49609542 -0.77949462
  -0.74317414 -0.29301708 -0.78177837 -0.38116304 -0.75210531 -0.29014773
  -0.50711652 -0.75801309 -0.75038086 -0.48187    -0.65594953 -0.7622621
  -0.77679703 -0.75997863 -0.77908783 -0.63363956 -0.64988036 -0.77365071
  -0.32816554 -0.77761026 -0.48461058 -0.41666773 -0.76558061 -0.76689045
  -0.47368113 -0.74234139 -0.29233481 -0.69621593 -0.42666581 -0.50962165
  -0.77175031 -0.44450723 -0.34362534 -0.77075837 -0.72932181 -0.62251413
  -0.75581125 -0.51808963 -0.77326051 -0.29134576 -0.70009769 -0.72079034
  -0.77964444 -0.77687192 -0.53368164 -0.71643398 -0.28933807 -0.77487504
  -0.78141569 -0.6409701  -0.77317949 -0.77253543 -0.76425121 -0.75443258
  -0.57176325 -0.7779199  -0.32363677 -0.77686654 -0.28905197 -0.3479567
  -0.78227799 -0.75874115 -0.7654775  -0.77522001 -0.60700399 -0.66736041]
 [-0.77311052 -0.78123514 -0.77003478 -0.77225905 -0.72778564 -0.73695977
  -0.78138708 -0.47240749 -0.77343377 -0.70026441 -0.29843713 -0.76239277
  -0.76221761 -0.75388952 -0.73101221 -0.78243336 -0.78108527 -0.773221
  -0.78250219 -0.44404834 -0.68441978 -0.70853424 -0.77418929 -0.76615941
  -0.30392236 -0.76715035 -0.74467448 -0.61831607 -0.74172748 -0.35956561
  -0.39414126 -0.53234937 -0.7491609  -0.77978859 -0.29523033 -0.34092938
  -0.55227433 -0.69230112 -0.77966682 -0.69013353 -0.35359081 -0.69317909
  -0.77938727 -0.7759336  -0.76537096 -0.47173061 -0.70852158 -0.78151419
  -0.75169725 -0.29349371 -0.69284753 -0.71312897 -0.49546516 -0.77995781
  -0.74307956 -0.29263074 -0.78145144 -0.38127371 -0.75276238 -0.28998811
  -0.50763413 -0.75826294 -0.75051005 -0.48150831 -0.6563647  -0.76212087
  -0.77679    -0.76015613 -0.77906358 -0.63439896 -0.65033373 -0.77381298
  -0.32803084 -0.77772486 -0.48520508 -0.41681065 -0.76527874 -0.76755059
  -0.47342128 -0.74269089 -0.29217709 -0.69626435 -0.4269597  -0.50976544
  -0.77231782 -0.44443378 -0.34394573 -0.77089846 -0.72847805 -0.62178687
  -0.75567344 -0.51832351 -0.77333937 -0.29087011 -0.70025396 -0.72132905
  -0.7804254  -0.77704203 -0.53372671 -0.71667122 -0.29001887 -0.77511383
  -0.78173755 -0.64079626 -0.77346793 -0.77258377 -0.76471899 -0.75440099
  -0.57140947 -0.77826407 -0.32286355 -0.77736408 -0.2889545  -0.3483461
  -0.78154476 -0.75963063 -0.76529653 -0.77610027 -0.60772129 -0.66808023]
 [-0.77190909 -0.78029842 -0.76990532 -0.77140989 -0.72734699 -0.73608801
  -0.78021133 -0.4724876  -0.77245248 -0.69981235 -0.29922554 -0.7617903
  -0.76171789 -0.753675   -0.73081578 -0.78168243 -0.7801599  -0.77254698
  -0.78145637 -0.44442398 -0.6840268  -0.70773909 -0.77286208 -0.7657097
  -0.30465324 -0.76650607 -0.74361444 -0.61858094 -0.74045846 -0.36038616
  -0.39436928 -0.53245833 -0.74845058 -0.779084   -0.29722711 -0.34092007
  -0.55145623 -0.69132817 -0.77913143 -0.68988089 -0.35320175 -0.69255936
  -0.77918655 -0.7751598  -0.7644797  -0.47126424 -0.70872666 -0.78086096
  -0.75089275 -0.29527485 -0.69255264 -0.7130954  -0.4954404  -0.77906509
  -0.74298934 -0.29449745 -0.78106935 -0.38086451 -0.75239178 -0.29195693
  -0.50692708 -0.75777848 -0.75032723 -0.48165358 -0.65580785 -0.76100374
  -0.77615642 -0.75948117 -0.77789568 -0.63352291 -0.64921221 -0.77295167
  -0.32844725 -0.77722374 -0.48447543 -0.41630739 -0.76498428 -0.76670567
  -0.47307472 -0.74154992 -0.29427641 -0.69578437 -0.4269717  -0.50935734
  -0.77130903 -0.44474996 -0.34384755 -0.77049265 -0.72809857 -0.62123148
  -0.75501256 -0.51809339 -0.77239541 -0.29314577 -0.69953915 -0.72063348
  -0.77992328 -0.77556076 -0.53304107 -0.71636384 -0.29176344 -0.77441866
  -0.7813089  -0.64036253 -0.77248811 -0.77224268 -0.76437972 -0.75415259
  -0.57135087 -0.77801544 -0.32378966 -0.77685358 -0.29135209 -0.3485129
  -0.7815726  -0.75893744 -0.76466436 -0.77507795 -0.60682605 -0.66731525]
 [-0.77059422 -0.77951256 -0.76834561 -0.77039649 -0.72672015 -0.73596887
  -0.77976102 -0.47173704 -0.77198279 -0.69843918 -0.29779555 -0.76107314
  -0.76050834 -0.75227423 -0.72989115 -0.78018984 -0.77914597 -0.77138668
  -0.78065705 -0.44360198 -0.6831306  -0.7071057  -0.7722499  -0.76410145
  -0.30314747 -0.76602676 -0.74282075 -0.61757738 -0.74025056 -0.36019341
  -0.3941813  -0.53228805 -0.74764203 -0.77876886 -0.29487428 -0.34115335
  -0.55159965 -0.69119077 -0.77791417 -0.68923264 -0.35299456 -0.69244361
  -0.77785487 -0.77455878 -0.76389501 -0.47201889 -0.70821475 -0.77975583
  -0.74988799 -0.29276383 -0.69133865 -0.71207174 -0.49589634 -0.77847921
  -0.74199099 -0.29262582 -0.77948833 -0.38106943 -0.75108655 -0.2903949
  -0.5066627  -0.75732724 -0.74898498 -0.48086736 -0.65496093 -0.76018271
  -0.77496934 -0.75883464 -0.77650073 -0.63330345 -0.6491553  -0.77260559
  -0.32836927 -0.77667408 -0.4842798  -0.41664146 -0.76342257 -0.76546626
  -0.47361625 -0.74082345 -0.29231483 -0.69474733 -0.42715077 -0.50917517
  -0.76997696 -0.4446231  -0.34337529 -0.76924803 -0.72801369 -0.62082895
  -0.75479497 -0.51699914 -0.77138252 -0.29134263 -0.6989345  -0.71981485
  -0.77843657 -0.77543729 -0.53254867 -0.7154954  -0.28975761 -0.77321147
  -0.7796334  -0.6404142  -0.77205662 -0.7708729  -0.76284943 -0.75285902
  -0.57146504 -0.77618087 -0.32297712 -0.77523673 -0.28902944 -0.34769851
  -0.78048299 -0.75773159 -0.76360805 -0.77420348 -0.60666549 -0.66619841]
 [-0.77250482 -0.78160144 -0.77077994 -0.77232631 -0.72806702 -0.73762311
  -0.78150001 -0.47208916 -0.77428467 -0.70018756 -0.29872818 -0.76222026
  -0.76205936 -0.75434723 -0.73180352 -0.78249214 -0.780887   -0.77307263
  -0.78178455 -0.44461728 -0.68427845 -0.70899431 -0.77366685 -0.76590277
  -0.30377296 -0.76785689 -0.74496313 -0.61828561 -0.74196587 -0.36039813
  -0.39476394 -0.53260017 -0.74962694 -0.7801625  -0.2966298  -0.34079678
  -0.55213758 -0.691625   -0.78053353 -0.69051547 -0.35344611 -0.69395606
  -0.7801778  -0.77615942 -0.7652492  -0.47148237 -0.70913541 -0.78160251
  -0.7515466  -0.29392286 -0.69269282 -0.71374969 -0.49618098 -0.78042783
  -0.74324864 -0.29390422 -0.78161009 -0.3813731  -0.75286513 -0.29129846
  -0.50766544 -0.75889245 -0.75080692 -0.48171469 -0.65576562 -0.76194484
  -0.77721294 -0.76041376 -0.7786791  -0.63365887 -0.64957112 -0.77429748
  -0.32835142 -0.77772422 -0.48523278 -0.41671061 -0.76549077 -0.76759816
  -0.47407787 -0.74239334 -0.29332693 -0.69599687 -0.42710813 -0.50959655
  -0.77229265 -0.44438398 -0.34385025 -0.77040785 -0.728826   -0.62233635
  -0.7560835  -0.51746371 -0.77319185 -0.29220962 -0.70095584 -0.72123514
  -0.78065785 -0.77678734 -0.53368018 -0.71691583 -0.2909011  -0.7746384
  -0.78204091 -0.64141506 -0.7731113  -0.77339334 -0.76503124 -0.75452374
  -0.57155758 -0.77862754 -0.32408597 -0.77757917 -0.290074   -0.34819545
  -0.78219339 -0.75911258 -0.76604809 -0.77560376 -0.60706793 -0.66765508]
 [-0.77102808 -0.77970195 -0.76948718 -0.77033987 -0.72660809 -0.73576729
  -0.77961362 -0.47197988 -0.77262629 -0.69944047 -0.29865694 -0.76128258
  -0.76079735 -0.75313387 -0.73024572 -0.78034527 -0.77968139 -0.77177754
  -0.78044074 -0.44421854 -0.68336776 -0.70736474 -0.77189148 -0.76496134
  -0.30397085 -0.76567218 -0.743416   -0.61780746 -0.73994522 -0.35995886
  -0.39451523 -0.53226191 -0.74821271 -0.77898174 -0.29594505 -0.34125608
  -0.55128699 -0.69132529 -0.77820741 -0.68930201 -0.35387314 -0.69274747
  -0.77842374 -0.77457795 -0.76399264 -0.47166941 -0.70791684 -0.77994177
  -0.7503287  -0.29418314 -0.69175576 -0.71230747 -0.49598599 -0.77905704
  -0.7422512  -0.29298869 -0.78011392 -0.38097365 -0.75156984 -0.29130688
  -0.50708449 -0.75718864 -0.74947804 -0.48154822 -0.65578881 -0.76041147
  -0.77601205 -0.75906742 -0.77732432 -0.63312089 -0.64939528 -0.77294533
  -0.32810783 -0.77628209 -0.48450966 -0.41692205 -0.76377427 -0.76634844
  -0.47344173 -0.74123597 -0.29272473 -0.69533205 -0.42692413 -0.50952097
  -0.77020946 -0.44463216 -0.34417613 -0.76960042 -0.72777738 -0.62158784
  -0.75424066 -0.51749079 -0.77192861 -0.29192013 -0.69928545 -0.71986144
  -0.7785689  -0.77505369 -0.53318537 -0.71524651 -0.29087095 -0.77378265
  -0.78038813 -0.64049581 -0.7715675  -0.7714431  -0.762961   -0.75372057
  -0.57155862 -0.77679381 -0.32333547 -0.77562279 -0.28932357 -0.34821859
  -0.78027624 -0.75819221 -0.7637432  -0.77413753 -0.60641944 -0.66721852]
 [-0.77314242 -0.78151423 -0.7702882  -0.77192266 -0.72848286 -0.73725531
  -0.78154499 -0.47169693 -0.77354554 -0.70005076 -0.29708696 -0.7623404
  -0.76211912 -0.75402584 -0.73163361 -0.78248714 -0.78139293 -0.77290751
  -0.78253658 -0.44412039 -0.68403641 -0.70870018 -0.77437237 -0.76670036
  -0.30310991 -0.76741043 -0.7452961  -0.61863336 -0.74152916 -0.35974001
  -0.39357305 -0.53205961 -0.75009058 -0.78079284 -0.29505646 -0.34033959
  -0.55220932 -0.69202636 -0.78040202 -0.69001306 -0.35318098 -0.6933373
  -0.77998554 -0.77620183 -0.76529357 -0.47216729 -0.70888271 -0.78196457
  -0.75128148 -0.29292381 -0.69262132 -0.71310263 -0.49611698 -0.77990697
  -0.74365016 -0.29152381 -0.78171491 -0.38096477 -0.7527947  -0.28918791
  -0.50714168 -0.75828635 -0.75122789 -0.48154576 -0.65586187 -0.76271555
  -0.77691954 -0.76065369 -0.77844388 -0.63411255 -0.64946836 -0.77375773
  -0.32795421 -0.77806018 -0.48542225 -0.4170233  -0.7651622  -0.76705081
  -0.47383001 -0.74284006 -0.2909103  -0.69650412 -0.42715801 -0.51017116
  -0.772116   -0.44465675 -0.34340474 -0.77114878 -0.72894284 -0.62259257
  -0.75554964 -0.51749278 -0.77324093 -0.29007674 -0.70052417 -0.7214871
  -0.78017647 -0.77642191 -0.53353818 -0.71690689 -0.28870632 -0.77475555
  -0.78163061 -0.6413534  -0.77323561 -0.77332836 -0.76501986 -0.75499338
  -0.57212551 -0.77906675 -0.32324009 -0.77775977 -0.28739596 -0.34788907
  -0.78209386 -0.75921162 -0.76570287 -0.77563384 -0.60798588 -0.6679337 ]
 [-0.77285039 -0.78188775 -0.77009728 -0.77192961 -0.72786078 -0.73697716
  -0.78135683 -0.47161964 -0.77360768 -0.6998232  -0.29870583 -0.7621715
  -0.76233337 -0.75476345 -0.73104216 -0.78239624 -0.78088665 -0.77339411
  -0.78225037 -0.44405647 -0.68401669 -0.70908316 -0.77361972 -0.76685796
  -0.30403616 -0.76734055 -0.7447274  -0.61831001 -0.74191777 -0.35970142
  -0.39466845 -0.53237552 -0.74937123 -0.78080428 -0.29673879 -0.34133906
  -0.5521941  -0.69179358 -0.78081595 -0.69087504 -0.35351594 -0.69390289
  -0.77961733 -0.77615025 -0.76527153 -0.47215738 -0.70872359 -0.7816466
  -0.75142949 -0.29463886 -0.69263409 -0.71386408 -0.49627567 -0.7803905
  -0.743219   -0.29425375 -0.7816554  -0.38146879 -0.75293856 -0.2914732
  -0.50759275 -0.75907259 -0.75108028 -0.48201752 -0.65677454 -0.76223466
  -0.77742044 -0.76084977 -0.77871772 -0.63381389 -0.64949348 -0.77437171
  -0.32836244 -0.77780436 -0.48542777 -0.41676591 -0.7655448  -0.76753468
  -0.47369167 -0.74315877 -0.29292522 -0.69573623 -0.4265987  -0.50934681
  -0.77264701 -0.44499042 -0.34430491 -0.77064314 -0.72878528 -0.62191149
  -0.75581979 -0.51730845 -0.77376327 -0.29276225 -0.70006758 -0.72182998
  -0.78069574 -0.77707721 -0.53354451 -0.71681616 -0.29144542 -0.77552962
  -0.78235119 -0.64075337 -0.77405397 -0.77255725 -0.764454   -0.75483822
  -0.57181545 -0.77904253 -0.32324718 -0.77783619 -0.29027217 -0.34812693
  -0.78232941 -0.75995374 -0.76566262 -0.77555761 -0.60777455 -0.66780516]
 [-0.77214291 -0.78152738 -0.76979625 -0.77183421 -0.72790252 -0.73665393
  -0.78074229 -0.47194678 -0.77365262 -0.70043051 -0.29817099 -0.76252127
  -0.76208865 -0.75380175 -0.73149139 -0.78212039 -0.78063876 -0.77240275
  -0.78207285 -0.44424541 -0.68374771 -0.70865765 -0.77333074 -0.76566504
  -0.3031248  -0.76708226 -0.74474276 -0.6183771  -0.74153304 -0.35974135
  -0.39367895 -0.53301395 -0.74984612 -0.77995996 -0.29565402 -0.34059431
  -0.5516577  -0.69210162 -0.77975645 -0.69068447 -0.35365027 -0.69395602
  -0.77974551 -0.77532815 -0.76484487 -0.47162763 -0.70860856 -0.78158944
  -0.75099049 -0.29266832 -0.69279994 -0.71308289 -0.49596478 -0.77937233
  -0.74357659 -0.29230556 -0.78173274 -0.38127482 -0.75297805 -0.2897683
  -0.5076838  -0.75841443 -0.7506057  -0.48161563 -0.65629727 -0.76145314
  -0.77723588 -0.7597187  -0.77811683 -0.63410777 -0.65028902 -0.77415512
  -0.32795391 -0.77788226 -0.48534823 -0.41637262 -0.76564609 -0.76710398
  -0.47351555 -0.74202541 -0.29134014 -0.69586679 -0.42700312 -0.51009734
  -0.77203668 -0.44460578 -0.34362153 -0.77044973 -0.72836306 -0.62222085
  -0.75554568 -0.51734201 -0.77265298 -0.29079899 -0.69997516 -0.72131232
  -0.78020538 -0.77666263 -0.53311962 -0.71652227 -0.28907019 -0.77493832
  -0.78172827 -0.64065163 -0.77292256 -0.77310411 -0.7644716  -0.75447597
  -0.57174577 -0.77807569 -0.32293234 -0.77691824 -0.28877232 -0.34800394
  -0.78184207 -0.75941677 -0.7650466  -0.77531579 -0.60760263 -0.66766315]
 [-0.77216093 -0.78077568 -0.77028461 -0.77225129 -0.72832505 -0.73652985
  -0.78137343 -0.47178454 -0.77314165 -0.7003782  -0.29757306 -0.76272702
  -0.76257765 -0.75408507 -0.73094636 -0.78176758 -0.78105756 -0.77326751
  -0.7819515  -0.44403911 -0.683692   -0.70875105 -0.77350783 -0.7659763
  -0.30373208 -0.76687346 -0.74480934 -0.61886035 -0.74130573 -0.36028733
  -0.39444869 -0.5325951  -0.7493905  -0.7802828  -0.29485699 -0.34062941
  -0.55217371 -0.69156522 -0.78010844 -0.69037024 -0.35336476 -0.69369018
  -0.77963109 -0.77597681 -0.76487844 -0.47148361 -0.70869584 -0.78165906
  -0.75195347 -0.29295369 -0.69245741 -0.71290776 -0.49612894 -0.7803205
  -0.74280483 -0.29255625 -0.78161455 -0.38121311 -0.75238825 -0.28950382
  -0.50683539 -0.75852105 -0.75127922 -0.48199801 -0.65672046 -0.76228498
  -0.77749394 -0.76044294 -0.77870484 -0.63367952 -0.64992607 -0.77430487
  -0.32846166 -0.77781693 -0.48470252 -0.41651505 -0.76505142 -0.76673149
  -0.47423855 -0.74261932 -0.29162705 -0.69629941 -0.42681581 -0.51000098
  -0.77244729 -0.44536049 -0.34347859 -0.77089623 -0.72899376 -0.62249934
  -0.75569363 -0.51842504 -0.77289272 -0.29056668 -0.70069115 -0.72122804
  -0.7803787  -0.77639352 -0.53334443 -0.71648094 -0.28912848 -0.77516309
  -0.78233417 -0.64106296 -0.77365213 -0.77239658 -0.76486697 -0.75476818
  -0.57212747 -0.77827357 -0.32325275 -0.77684066 -0.28805789 -0.34777994
  -0.78213309 -0.75905489 -0.7656304  -0.77575534 -0.60740822 -0.66759149]
 [-0.77236499 -0.78034713 -0.76946757 -0.77130871 -0.72742734 -0.7372068
  -0.78072294 -0.47186555 -0.77324006 -0.69966573 -0.29771764 -0.76168454
  -0.76166036 -0.75401563 -0.73101129 -0.78106166 -0.78018258 -0.77207955
  -0.78143652 -0.44372212 -0.68420167 -0.708188   -0.77371452 -0.76608485
  -0.30388    -0.76737368 -0.74439614 -0.6182791  -0.74101073 -0.35958644
  -0.39407952 -0.53242897 -0.74887395 -0.77961313 -0.29516214 -0.3410189
  -0.55158975 -0.69161009 -0.77992514 -0.68976344 -0.35328695 -0.69345441
  -0.77896456 -0.77510548 -0.76492464 -0.47192343 -0.70902078 -0.78145239
  -0.75143601 -0.29316028 -0.69256433 -0.71285962 -0.49556461 -0.77957949
  -0.7425196  -0.29325221 -0.78121989 -0.38115775 -0.75207839 -0.28991721
  -0.50679339 -0.75820251 -0.75079447 -0.48176024 -0.65644916 -0.76175679
  -0.77690121 -0.75940466 -0.77832399 -0.63375535 -0.64965815 -0.77320665
  -0.32832278 -0.77796809 -0.48527707 -0.4164673  -0.76531971 -0.76735377
  -0.4737925  -0.74246641 -0.29197531 -0.69574576 -0.42637249 -0.50981393
  -0.7718533  -0.4446079  -0.34401219 -0.77057661 -0.72873976 -0.62197231
  -0.75509335 -0.51805327 -0.77323092 -0.29177907 -0.69978014 -0.7205539
  -0.77990496 -0.77604516 -0.53336803 -0.71651226 -0.28986717 -0.7749086
  -0.78152974 -0.64080327 -0.77301434 -0.77253445 -0.76422696 -0.75497871
  -0.5715419  -0.77763013 -0.32304067 -0.77704474 -0.28939599 -0.34830634
  -0.78101244 -0.7585168  -0.76505639 -0.77539435 -0.60733899 -0.66751638]
 [-0.77287882 -0.7807592  -0.77047347 -0.77185352 -0.72765864 -0.73704061
  -0.78113201 -0.47171166 -0.77362887 -0.69986668 -0.29834493 -0.76241638
  -0.76236276 -0.75395168 -0.73094356 -0.7822285  -0.78058765 -0.77236566
  -0.78163039 -0.44437669 -0.68369649 -0.70893848 -0.77335597 -0.76589975
  -0.30382622 -0.7669519  -0.74493515 -0.61829025 -0.7409743  -0.36025494
  -0.39451694 -0.53248821 -0.74897311 -0.78017139 -0.29550086 -0.34133893
  -0.55224497 -0.69210507 -0.77980474 -0.68979257 -0.35352957 -0.69311538
  -0.78005743 -0.77626555 -0.76450378 -0.47141033 -0.70884158 -0.78170618
  -0.75179597 -0.29320103 -0.6923089  -0.71369531 -0.49557063 -0.77980445
  -0.743641   -0.29323365 -0.78125478 -0.38142123 -0.75231525 -0.29048927
  -0.50729941 -0.75888153 -0.75076596 -0.48174653 -0.65588105 -0.76170036
  -0.77701987 -0.76038527 -0.7787433  -0.63401079 -0.64995226 -0.77364147
  -0.32860337 -0.77819529 -0.48515483 -0.41647033 -0.76561812 -0.76682086
  -0.47388572 -0.74252765 -0.2926532  -0.69568107 -0.42650919 -0.51008483
  -0.77221339 -0.44533785 -0.34391867 -0.77038146 -0.72889015 -0.62222927
  -0.75540342 -0.51734621 -0.77292516 -0.29162074 -0.7002048  -0.72137428
  -0.77957953 -0.7769025  -0.53370302 -0.71648262 -0.2905895  -0.77524265
  -0.78180059 -0.64123863 -0.77318996 -0.77290093 -0.7646295  -0.75490583
  -0.57158132 -0.77833993 -0.32293093 -0.77764674 -0.28978531 -0.34745245
  -0.7815391  -0.75891638 -0.76500907 -0.77576097 -0.60770188 -0.66769829]]