[[ 2.87146229e-02 -6.57387536e-01  8.95991775e-01 -6.31107537e-01
  -5.24287349e-01]
 [ 1.24139486e+00 -3.76672824e-01  4.90361341e-01 -7.62351970e-01
  -3.53967940e-01]
 [-1.08239959e+00  1.95277332e+00 -7.40726223e-01 -6.91346253e-01
  -2.39971228e+00]
 [-1.46609481e-01 -7.76926724e-01  8.46430378e-01 -4.18453214e-01
  -5.50871150e-01]
 [ 2.90548495e-01 -5.41520711e-01  9.23440750e-01 -7.34107921e-01
  -4.47692726e-01]
 [ 5.34123823e-01 -4.94568786e-01  8.85745455e-01 -8.19477867e-01
  -4.36124744e-01]
 [ 1.15105841e-01 -6.26706141e-01  9.01250666e-01 -6.93814929e-01
  -5.13274714e-01]
 [ 3.48436231e-01 -5.30883181e-01  9.22703213e-01 -7.57902337e-01
  -4.34383721e-01]
 [ 5.88007076e-01 -4.84048449e-01  8.89788503e-01 -8.33496013e-01
  -4.12550296e-01]
 [ 3.07167941e-01 -5.30702097e-01  9.11813424e-01 -7.74973026e-01
  -4.25545290e-01]
 [-8.22609261e-01 -7.53463887e-01 -2.32589404e-01  1.17850225e+00
  -8.67237971e-01]
 [-7.60182174e-01 -9.87742889e-01 -1.87318844e-01  1.23741832e+00
  -7.69723957e-01]
 [-6.34590952e-01 -1.19562684e+00  3.55688303e-02  1.15120518e+00
  -6.95313967e-01]
 [-1.49587440e+00  2.84048829e+00 -1.16157571e+00 -1.31983403e+00
  -2.28144343e+00]
 [ 1.37499506e+00 -3.60634379e-01  3.36345716e-01 -7.29196809e-01
  -3.38921330e-01]
 [ 1.25927342e+00 -4.15959481e-01  4.17935901e-01 -7.64852353e-01
  -4.17276440e-01]
 [ 1.10912966e+00 -4.17048080e-01  5.61583285e-01 -7.97779765e-01
  -4.20206530e-01]
 [ 1.19496930e+00 -3.90174675e-01  5.22392179e-01 -7.71113434e-01
  -3.70592910e-01]
 [ 1.02122031e+00 -4.06324841e-01  6.84439578e-01 -8.32197225e-01
  -3.85928861e-01]
 [ 4.92850275e-01 -5.03872183e-01  9.07929192e-01 -8.04034367e-01
  -4.19496473e-01]
 [ 8.75230312e-01 -4.20740587e-01  7.55039919e-01 -8.83008552e-01
  -3.95926360e-01]
 [ 1.56118085e-01 -5.70721498e-01  9.26360160e-01 -6.73612797e-01
  -4.58463766e-01]
 [ 8.41228737e-01 -4.38214574e-01  7.39113386e-01 -9.01132780e-01
  -4.21032567e-01]
 [ 1.33812924e+00 -3.62274420e-01  3.84846973e-01 -7.33727101e-01
  -3.39055620e-01]
 [-8.08719827e-01 -8.23887047e-01 -2.23200284e-01  1.19235966e+00
  -8.35840300e-01]
 [-6.70222432e-01 -1.15390951e+00 -4.58376447e-02  1.19682560e+00
  -7.12122905e-01]
 [-8.04852542e-01 -8.38480704e-01 -2.21441057e-01  1.19436042e+00
  -8.29094235e-01]
 [ 1.40578903e-01 -5.58805188e-01  9.15228120e-01 -7.00531197e-01
  -4.29498105e-01]
 [-6.86321964e-01 -1.12703919e+00 -7.96003324e-02  1.21711927e+00
  -7.20757240e-01]
 [-1.00996528e+00  1.76943488e+00 -6.64894222e-01 -5.76821655e-01
  -2.55700327e+00]
 [ 4.45315098e-01 -5.10262369e-01  9.01205733e-01 -7.93837371e-01
  -4.42019839e-01]
 [ 5.30165985e-01 -5.31420205e-01  8.43772562e-01 -8.78241285e-01
  -4.75899073e-01]
 [ 2.36938071e-01 -6.18569318e-01  9.15424694e-01 -7.12306598e-01
  -4.97633888e-01]
 [ 9.58475689e-01 -4.12187770e-01  7.22099506e-01 -8.55734458e-01
  -3.90217014e-01]
 [-1.00903029e+00  1.77471201e+00 -6.61720406e-01 -5.73935999e-01
  -2.56762700e+00]
 [ 4.63373639e-01 -5.05231906e-01  8.87414905e-01 -8.35113212e-01
  -4.23135290e-01]
 [-7.21089166e-01 -1.07516188e+00 -1.38014521e-01  1.23694347e+00
  -7.39721240e-01]
 [-7.47275168e-01 -1.01463212e+00 -1.73600173e-01  1.24868819e+00
  -7.60316237e-01]
 [-7.67571939e-01 -9.15611014e-01 -6.93043516e-03  8.93199999e-01
  -7.50188382e-01]
 [ 8.09721036e-01 -4.42158508e-01  7.55850903e-01 -9.06102809e-01
  -4.19703001e-01]
 [ 1.43447324e+00 -3.44129257e-01  2.50193494e-01 -7.08250847e-01
  -3.21562400e-01]
 [ 1.34547454e+00 -3.61423207e-01  3.79863478e-01 -7.33610141e-01
  -3.38294650e-01]
 [-6.69959801e-01 -1.16515076e+00 -4.05961614e-02  1.18763980e+00
  -7.12515040e-01]
 [-8.01059401e-01 -8.26967768e-01 -4.85533235e-04  9.02397613e-01
  -7.54705105e-01]
 [ 8.58440583e-01 -4.32164173e-01  7.38745544e-01 -8.82013035e-01
  -4.27528018e-01]
 [ 1.15392005e-01 -6.20609299e-01  8.99383458e-01 -7.04219242e-01
  -5.11136201e-01]
 [ 1.23005150e+00 -4.34964697e-01  4.15015520e-01 -7.92257490e-01
  -4.29267220e-01]
 [ 1.26195586e+00 -3.83040484e-01  4.59875135e-01 -7.60312488e-01
  -3.60950460e-01]
 [ 4.48051583e-01 -5.10957805e-01  8.98447850e-01 -8.02271598e-01
  -4.40046509e-01]
 [-7.71799073e-01 -9.46636659e-01 -2.04550150e-01  1.25299068e+00
  -7.78066924e-01]
 [ 1.15856084e+00 -3.96592112e-01  5.56563652e-01 -7.77999283e-01
  -3.79322790e-01]
 [ 4.23760790e-01 -5.15526979e-01  9.02043730e-01 -7.96473412e-01
  -4.41140781e-01]
 [ 1.17042290e+00 -3.92872867e-01  5.52701327e-01 -7.77819943e-01
  -3.73926290e-01]
 [ 1.05993107e+00 -4.19233728e-01  5.90323185e-01 -8.19867754e-01
  -4.22672520e-01]
 [-8.39411357e-01 -6.52683989e-01 -2.74561721e-01  1.21835685e+00
  -8.92080293e-01]
 [ 1.25279450e+00 -3.76314114e-01  4.70343186e-01 -7.60575907e-01
  -3.53387090e-01]
 [ 1.08692857e+00 -4.20094120e-01  5.72344064e-01 -8.10214347e-01
  -4.18309370e-01]
 [ 1.28425347e+00 -4.10232133e-01  4.32356410e-01 -7.58477477e-01
  -3.95096080e-01]
 [ 5.17441635e-01 -4.98764342e-01  8.88152994e-01 -8.24067221e-01
  -4.30967567e-01]
 [-7.69690097e-01 -9.66076573e-01 -1.90536551e-01  1.22419384e+00
  -7.83406614e-01]
 [-7.69902840e-01 -9.67650396e-01 -1.90268675e-01  1.22044269e+00
  -7.83179868e-01]
 [ 8.58239493e-01 -4.23298595e-01  7.75277593e-01 -8.82009438e-01
  -3.96275034e-01]
 [-1.03929629e+00  1.72767142e+00 -6.81725077e-01 -5.68202450e-01
  -2.33764457e+00]
 [ 1.24117735e+00 -3.77979753e-01  4.89433512e-01 -7.61782841e-01
  -3.56336750e-01]
 [ 3.85776023e-01 -5.23227361e-01  9.18764642e-01 -7.70696520e-01
  -4.30845118e-01]
 [-7.28496634e-01 -1.06353590e+00 -1.47133104e-01  1.23512724e+00
  -7.45560541e-01]
 [-7.19128974e-01 -1.07933907e+00 -1.32118686e-01  1.23438045e+00
  -7.41524050e-01]
 [-3.34287401e-01 -1.28000269e+00  6.91549276e-01  3.41385578e-01
  -5.01815020e-01]
 [ 1.12057257e+00 -4.14984092e-01  5.57326139e-01 -7.90142170e-01
  -4.19245820e-01]
 [ 1.34880695e-01 -6.64335661e-01  9.17673932e-01 -6.31398886e-01
  -5.08170288e-01]
 [-1.00790218e+00  1.77835109e+00 -6.61330546e-01 -5.72679505e-01
  -2.57525291e+00]
 [ 3.82825341e-01 -5.57621745e-01  8.71549864e-01 -8.35795086e-01
  -4.86536606e-01]
 [ 4.56920930e-01 -5.06764936e-01  8.90040392e-01 -8.26194930e-01
  -4.20349633e-01]
 [ 7.31135980e-01 -4.55587760e-01  7.87539840e-01 -9.13408004e-01
  -4.17345260e-01]
 [ 3.48253212e-01 -5.25257452e-01  9.10871471e-01 -7.86387803e-01
  -4.26146819e-01]
 [ 1.10036308e+00 -3.89055010e-01  6.11109445e-01 -8.15706847e-01
  -3.64984160e-01]
 [ 1.16590038e+00 -4.15030458e-01  5.09110433e-01 -7.80916937e-01
  -4.18185410e-01]
 [ 1.17776858e+00 -3.95371376e-01  5.34278559e-01 -7.73185753e-01
  -3.77482320e-01]
 [ 1.07927881e+00 -3.98593208e-01  6.24868556e-01 -8.13690602e-01
  -3.78257920e-01]
 [ 1.31162256e+00 -3.91517007e-01  4.02365226e-01 -7.43110795e-01
  -3.74016600e-01]
 [ 4.71393723e-01 -5.08071921e-01  9.10739410e-01 -7.96878066e-01
  -4.22548684e-01]
 [ 8.51939620e-01 -4.37371533e-01  7.31314762e-01 -8.99718695e-01
  -4.19418726e-01]
 [ 9.46471473e-01 -4.12964883e-01  7.24268209e-01 -8.60164198e-01
  -3.91153384e-01]
 [ 1.13256487e+00 -3.91580156e-01  5.79034622e-01 -7.98138360e-01
  -3.70256390e-01]]