[[[0.38829198 0.26580842 0.61473208 0.8729239  0.55371215 0.58368063
   0.08792463 0.60461953 0.40543786 0.21830541 0.46459608 0.99581129
   0.60428482 0.01188923 0.64047595 0.61948512 0.09956108 0.72059309
   0.88483057 0.93420508 0.15129587 0.04627787 0.0948472  0.51943343
   0.47151888 0.50149476 0.0596406  0.75078966]
  [0.03621855 0.62385764 0.07087051 0.2290609  0.9088976  0.86928003
   0.69960201 0.04504259 0.96900038 0.4983319  0.76552881 0.6235231
   0.7882729  0.19070451 0.27416861 0.7901909  0.46536646 0.13213005
   0.96028313 0.58485986 0.01476282 0.36159876 0.22566773 0.44240593
   0.62080889 0.27409634 0.33920038 0.19007107]
  [0.1936163  0.63279075 0.42066054 0.63190248 0.68500765 0.36896341
   0.17765032 0.76532143 0.94669437 0.89563301 0.27527768 0.11656598
   0.01229761 0.1397315  0.31067495 0.39755712 0.38314849 0.13149768
   0.60475352 0.87453154 0.51074543 0.05005727 0.43322866 0.38703102
   0.63098295 0.26959156 0.24120987 0.57085374]
  [0.36036238 0.74237388 0.30603827 0.56075239 0.99927545 0.1373894
   0.08107044 0.58198505 0.54663042 0.19225353 0.43718118 0.10347808
   0.19606545 0.48028632 0.888609   0.92246379 0.09890448 0.58876064
   0.15536618 0.24659766 0.7752018  0.9677897  0.36071404 0.07107322
   0.04815567 0.4177583  0.03390353 0.31457058]
  [0.26474327 0.5080837  0.26661099 0.4382718  0.27957714 0.06577671
   0.98796856 0.84194933 0.9435     0.32853356 0.75687713 0.05845385
   0.85227062 0.87591159 0.66125593 0.03426103 0.29556483 0.79371765
   0.85855529 0.63245133 0.47652683 0.02752264 0.2872502  0.21856518
   0.87522669 0.29520284 0.91342006 0.25999971]
  [0.96559788 0.21095995 0.46538762 0.83128616 0.70524544 0.17156236
   0.99840218 0.13173745 0.56200875 0.40877083 0.15196984 0.88477839
   0.87153766 0.54307232 0.33203003 0.36580673 0.10511748 0.50136137
   0.91368412 0.36932135 0.3614682  0.91159775 0.91266349 0.71955841
   0.46149076 0.74647142 0.75349637 0.02010275]
  [0.86006357 0.96304137 0.81230548 0.59266581 0.02732243 0.59748091
   0.32912753 0.22902156 0.96838884 0.92106749 0.93206019 0.27924884
   0.84674594 0.04898554 0.60041138 0.52677026 0.40942637 0.39460093
   0.74533587 0.58369013 0.04943814 0.75698456 0.40489519 0.72611482
   0.83489765 0.5195479  0.15323126 0.68430553]
  [0.51381066 0.30229129 0.67957366 0.88401773 0.16117384 0.4145104
   0.4198108  0.20578279 0.9473768  0.8006818  0.75367403 0.3999839
   0.73425887 0.21342463 0.09686538 0.72056382 0.49754144 0.65896278
   0.06914025 0.00538641 0.34030073 0.09423129 0.30021365 0.54961466
   0.89835386 0.3937722  0.45109546 0.66746368]
  [0.48128044 0.38484776 0.41653539 0.52759258 0.12530904 0.27673538
   0.81624676 0.15496168 0.80461031 0.44032935 0.22368473 0.14330366
   0.62790833 0.21385039 0.61587587 0.97818758 0.12775073 0.44976884
   0.14756062 0.85028993 0.07233346 0.59305649 0.97052058 0.25085029
   0.3536151  0.1830644  0.81634276 0.15655661]
  [0.59170818 0.21163102 0.92194847 0.49000687 0.72795019 0.71768287
   0.54743611 0.88023955 0.20545318 0.87150121 0.9678853  0.62116886
   0.93306448 0.44927607 0.35640849 0.60353343 0.20159343 0.48490321
   0.96336389 0.6411747  0.72856313 0.87271002 0.29865691 0.97412915
   0.4066195  0.82981377 0.37636934 0.11175627]
  [0.2252306  0.74727583 0.10865211 0.94079891 0.2317147  0.98707239
   0.75123278 0.30348471 0.49689486 0.26116292 0.37018405 0.95416212
   0.26567885 0.88587675 0.71226906 0.55652171 0.31257219 0.57128579
   0.03161308 0.84883991 0.51601016 0.99358312 0.77666969 0.15281008
   0.41579994 0.45525128 0.15763666 0.40514103]
  [0.13588607 0.87786142 0.10241655 0.75018907 0.37193617 0.24170228
   0.43603136 0.30616033 0.66664978 0.20653906 0.28414072 0.7386608
   0.78080029 0.46279892 0.68129985 0.71343376 0.42278715 0.16990787
   0.48324628 0.73478228 0.22109083 0.17822801 0.99369723 0.06451692
   0.69306534 0.11214941 0.72399268 0.18568426]
  [0.31746795 0.00948132 0.82717959 0.65981508 0.6460833  0.5216336
   0.0646603  0.31530884 0.22520328 0.79167097 0.08439345 0.81142434
   0.42945093 0.7205542  0.43184144 0.35979785 0.51708549 0.35757045
   0.77731938 0.60411669 0.28796318 0.30563229 0.43082592 0.15502944
   0.14096806 0.36130127 0.63489651 0.12297894]
  [0.40551805 0.50525818 0.93207418 0.8081776  0.69318063 0.1622257
   0.97876087 0.27888972 0.89024615 0.8179438  0.2024607  0.2955376
   0.48501879 0.96410187 0.14381226 0.3798309  0.77242179 0.69428639
   0.18745766 0.85630257 0.65922642 0.5279512  0.46764248 0.3604531
   0.23518974 0.4818883  0.59518169 0.67590478]
  [0.04759892 0.35800152 0.39961566 0.84531619 0.9891054  0.2626008
   0.85292018 0.42196901 0.61976807 0.07843946 0.24335907 0.00963313
   0.63479765 0.77543132 0.06040001 0.87182142 0.66748626 0.1916488
   0.07599406 0.03280114 0.48478229 0.79802526 0.04734864 0.7795952
   0.48839384 0.02590718 0.37343461 0.8576717 ]
  [0.15751148 0.06128131 0.89425185 0.45842064 0.42622693 0.74219099
   0.21228013 0.536      0.00797312 0.75814918 0.70698277 0.09127021
   0.81577153 0.92162879 0.41118641 0.57906352 0.57726964 0.25183967
   0.51295968 0.66824606 0.51961358 0.12389821 0.53761542 0.10366035
   0.67060646 0.47443844 0.12731825 0.56900485]
  [0.34544513 0.97311384 0.99922418 0.85824354 0.30953415 0.40628088
   0.50896782 0.61253294 0.44319904 0.49416802 0.00793741 0.61414694
   0.02839218 0.88927848 0.14649815 0.34028265 0.91976497 0.08543826
   0.9427588  0.60963364 0.76179949 0.4832363  0.11850615 0.24656868
   0.34323095 0.07910219 0.61049441 0.01495013]
  [0.4258995  0.80173074 0.67664217 0.52017968 0.95756665 0.79242599
   0.84833911 0.25950435 0.65304808 0.6371879  0.49914817 0.88066361
   0.25629488 0.65547324 0.6502312  0.49882689 0.18666309 0.88411268
   0.19965134 0.61135695 0.56218788 0.84502026 0.11981795 0.69991286
   0.32556015 0.27165778 0.9127193  0.83345918]
  [0.22120909 0.6827068  0.02189807 0.77531883 0.62451644 0.99617655
   0.50694661 0.86252975 0.24530519 0.16321405 0.69192365 0.31228792
   0.27139351 0.46338786 0.0258147  0.93418444 0.29869238 0.76188874
   0.05228494 0.2221487  0.37055023 0.16530895 0.76192809 0.62462432
   0.31288648 0.14900908 0.29814965 0.54192063]
  [0.41688178 0.38464391 0.66622285 0.33843978 0.6461895  0.08430999
   0.36497521 0.07925739 0.33750043 0.17505486 0.61109361 0.67982384
   0.61644234 0.88433279 0.08513106 0.3288344  0.2765032  0.53431584
   0.66580833 0.21956861 0.82485764 0.76893259 0.92845372 0.2692469
   0.32460867 0.78382974 0.82703247 0.5393889 ]
  [0.06451269 0.13431303 0.26479727 0.60684111 0.22620601 0.02852085
   0.22625597 0.01541229 0.25023108 0.55787857 0.46599671 0.24783044
   0.033973   0.7146159  0.00576399 0.16418079 0.56105708 0.04083877
   0.49447198 0.19416221 0.19606106 0.70328151 0.35194117 0.03205993
   0.17116414 0.7422686  0.09458381 0.63709859]
  [0.52352398 0.11282548 0.84133066 0.58803144 0.65848956 0.26977222
   0.91470362 0.31598792 0.83791619 0.60247666 0.333417   0.01009157
   0.51164329 0.80672486 0.02015414 0.35356894 0.36343303 0.21234057
   0.03620122 0.97654554 0.97880472 0.29038655 0.88967663 0.01341092
   0.58623966 0.83833317 0.93894671 0.68307551]
  [0.54095619 0.79673917 0.28793798 0.75951502 0.35664382 0.33844985
   0.47947091 0.61970647 0.7871308  0.58023751 0.29060172 0.19478042
   0.18314119 0.26987861 0.48555089 0.60988513 0.67352745 0.57014093
   0.18437647 0.14826774 0.61074256 0.77415074 0.94576854 0.27545976
   0.14114201 0.93185383 0.88053586 0.56190162]
  [0.35546468 0.7568615  0.84184254 0.14674702 0.93502737 0.3424184
   0.66032843 0.34289576 0.07811455 0.19867707 0.83099211 0.04937614
   0.06685216 0.04912026 0.57115084 0.25405633 0.78203516 0.63219487
   0.64334175 0.43768024 0.49552332 0.36732268 0.60043391 0.15324903
   0.67294212 0.18062646 0.27635456 0.55828578]
  [0.22150317 0.28691757 0.0771388  0.6583882  0.85529986 0.59587992
   0.34312815 0.35509279 0.01959454 0.58046546 0.554008   0.67471562
   0.40984751 0.20699603 0.45188707 0.55037927 0.22477547 0.97162621
   0.30093161 0.06320798 0.42120776 0.86576065 0.9448074  0.00522838
   0.74189119 0.95855515 0.28903381 0.27723272]
  [0.19010372 0.05593069 0.89555729 0.6476212  0.76763166 0.29061746
   0.00200335 0.12091862 0.41421603 0.16176243 0.29136993 0.94327573
   0.66689064 0.33674077 0.71523396 0.16612465 0.46315914 0.82049745
   0.81839774 0.33700383 0.73229198 0.45140718 0.86177203 0.16427296
   0.21394487 0.04528245 0.61840397 0.60160706]
  [0.67160003 0.25145567 0.40475598 0.18038566 0.34289419 0.83472992
   0.47853982 0.54350685 0.5991605  0.15242411 0.74802588 0.63064575
   0.09481484 0.9171911  0.61766091 0.72254448 0.75051627 0.81971798
   0.90932939 0.79927639 0.66576144 0.29722614 0.41646564 0.36072851
   0.8266846  0.35149545 0.49063985 0.40292945]
  [0.12661485 0.50879196 0.14687395 0.71286515 0.03193421 0.89997396
   0.43200133 0.76347556 0.32427671 0.64796172 0.38678696 0.89528241
   0.43480813 0.5154409  0.98662209 0.4079273  0.13260806 0.81164193
   0.6198078  0.50607471 0.91459358 0.22012967 0.73074553 0.60089416
   0.94997161 0.71737156 0.93197293 0.39430327]]]