[[[0.10750932 0.7170303  0.02561806 0.31888002 0.11605534 0.94935624
   0.70361645 0.29218682 0.79886078 0.96370112 0.28027163 0.6588338
   0.72611505 0.17597962 0.87445078 0.09313358 0.771662   0.73792454
   0.98594378 0.28355228 0.72587235 0.89175724 0.88379095 0.03558366
   0.30761458 0.93625198 0.83518215 0.71953355]
  [0.48387706 0.65139396 0.13649515 0.06928124 0.53010687 0.07102188
   0.72793785 0.35470287 0.12296108 0.58439015 0.6358004  0.15454093
   0.25611302 0.4126916  0.23827481 0.9835477  0.22073764 0.92871333
   0.7100245  0.44210102 0.83182952 0.83360683 0.11758843 0.56072284
   0.5168819  0.19255249 0.4822606  0.5205602 ]
  [0.46982391 0.66740459 0.42551439 0.20481393 0.34758898 0.71908966
   0.12765828 0.98299287 0.63690023 0.89950063 0.28166125 0.34057689
   0.26655825 0.08235562 0.11088391 0.14512313 0.11425176 0.04050602
   0.30118694 0.00667464 0.61921167 0.8931332  0.60561968 0.5529636
   0.38352301 0.61718677 0.97751159 0.99130465]
  [0.40352359 0.48223475 0.53030501 0.29857667 0.32682039 0.64786153
   0.9806337  0.22847185 0.92623008 0.59788654 0.23156438 0.37610245
   0.43592046 0.62425453 0.55090199 0.0175494  0.95751738 0.1170178
   0.58962888 0.44401897 0.09274804 0.95171436 0.85789377 0.96861912
   0.66588553 0.61045333 0.39385455 0.51766988]
  [0.67508642 0.92583771 0.51574622 0.97694383 0.00480387 0.72384574
   0.75955004 0.97588433 0.81732171 0.50413086 0.2117803  0.40479026
   0.03712057 0.13281104 0.92530817 0.12629287 0.92795684 0.54523361
   0.35291688 0.92436442 0.22508516 0.94177723 0.53195392 0.46639252
   0.11498291 0.07099277 0.99573474 0.78133978]
  [0.5089458  0.93251766 0.89520227 0.07989411 0.87184004 0.64479649
   0.96695708 0.28358031 0.96009489 0.33968504 0.65250025 0.77740871
   0.90639159 0.40776582 0.38605065 0.24137008 0.62063013 0.61839706
   0.93329501 0.59877085 0.54071709 0.20237245 0.21020682 0.30641068
   0.13939708 0.81995646 0.6511924  0.7124345 ]
  [0.9357403  0.40082037 0.07317708 0.52296509 0.67223715 0.19746872
   0.33168992 0.7637022  0.45768996 0.73725841 0.84950746 0.95557398
   0.50461502 0.36616895 0.9499964  0.62500219 0.1546117  0.99861254
   0.55504913 0.47625032 0.14329996 0.78462474 0.05116844 0.58596845
   0.29487417 0.72934808 0.10128231 0.63200857]
  [0.65250508 0.34541178 0.26259052 0.97691679 0.09647047 0.59291669
   0.36343961 0.81286507 0.02811739 0.94720283 0.45872832 0.94645315
   0.19767032 0.5851532  0.57603362 0.57235487 0.14214052 0.52601912
   0.11201332 0.0860975  0.81199467 0.50674292 0.48383084 0.91938081
   0.64728549 0.17362509 0.42469444 0.18692645]
  [0.86977334 0.4659326  0.43806661 0.81017332 0.64345084 0.94787438
   0.90383168 0.15335636 0.12455025 0.43179149 0.02122155 0.89850634
   0.25467292 0.9782069  0.25705721 0.74940854 0.11840691 0.75733185
   0.04439457 0.22889541 0.89811315 0.37772205 0.45799979 0.38569781
   0.41255356 0.37790562 0.14221927 0.72202037]
  [0.07561611 0.29459155 0.35550923 0.15624753 0.49023592 0.49389874
   0.03272847 0.0484551  0.70672763 0.92659331 0.8864844  0.85897402
   0.22822248 0.79546048 0.22294737 0.84407895 0.86120534 0.33769404
   0.73058016 0.28617302 0.10493621 0.83201532 0.24194583 0.77758222
   0.03204276 0.87549349 0.33297601 0.36248615]
  [0.02215763 0.77318595 0.86136142 0.54692181 0.86931736 0.90337182
   0.71210568 0.79975836 0.84717876 0.53818862 0.12293133 0.05168713
   0.49893708 0.63942088 0.33654434 0.16184678 0.23228993 0.91045892
   0.89717864 0.5418707  0.31088154 0.16990052 0.79479008 0.88352068
   0.07575768 0.37149109 0.29086412 0.97934869]
  [0.48059513 0.11740278 0.44668784 0.63693994 0.77966667 0.126068
   0.39321823 0.04894699 0.85173869 0.82272091 0.97634148 0.30921305
   0.05262263 0.88582553 0.1436335  0.01240611 0.40634872 0.13605938
   0.43886405 0.86867461 0.65067086 0.52833228 0.39627615 0.62791773
   0.87202118 0.00264222 0.96235508 0.3524568 ]
  [0.83203069 0.65043886 0.71394172 0.23373293 0.04262083 0.78860005
   0.57616637 0.74300206 0.79428208 0.76950905 0.82682901 0.1697255
   0.51776882 0.98797745 0.14143979 0.0985599  0.46914321 0.83789709
   0.01310545 0.14109193 0.5300926  0.73919347 0.53489021 0.44222887
   0.72368774 0.60226252 0.74304725 0.10165506]
  [0.074576   0.58173505 0.91495664 0.87577642 0.26483742 0.55339685
   0.27714663 0.03628131 0.21721045 0.61621163 0.66535142 0.18138888
   0.38413328 0.74001548 0.93321063 0.26531797 0.77846344 0.13582409
   0.83627307 0.05963313 0.98544407 0.87445283 0.18796746 0.26410684
   0.16558695 0.17686658 0.44018729 0.20719373]
  [0.1782003  0.25921452 0.68177023 0.87491207 0.34932052 0.16582997
   0.73800438 0.86477551 0.4072092  0.93931307 0.47134605 0.84614152
   0.94704611 0.56758618 0.13214217 0.12972185 0.7811518  0.74948845
   0.45421682 0.52687794 0.87361944 0.95433693 0.90466237 0.29831627
   0.41153217 0.35654085 0.69243642 0.30665854]
  [0.56665981 0.30796041 0.66413331 0.12604365 0.41121526 0.30704409
   0.18823626 0.52264409 0.01393078 0.83207003 0.94393825 0.08955267
   0.10935884 0.32049326 0.32343531 0.13444943 0.71395008 0.84798124
   0.14253356 0.89905849 0.72209107 0.41814271 0.86888786 0.11919864
   0.52512308 0.94037004 0.83850343 0.41712147]
  [0.50866232 0.29355641 0.40464287 0.88268186 0.47910327 0.8721628
   0.72272649 0.90164043 0.80101791 0.56194    0.59904714 0.59788592
   0.28847944 0.4059162  0.34318667 0.62288097 0.65942986 0.53787726
   0.19467501 0.22459801 0.67818606 0.05351697 0.63531857 0.50559708
   0.94376633 0.99124919 0.64906113 0.47660938]
  [0.95530032 0.21210428 0.4633442  0.99726234 0.97005848 0.64046823
   0.03289602 0.15053101 0.39429711 0.26973597 0.95032162 0.70885642
   0.27020457 0.88515131 0.42601528 0.75993543 0.21009442 0.06823024
   0.5165779  0.22375439 0.63319202 0.33398105 0.71366379 0.31132904
   0.46868506 0.1576362  0.33148045 0.96312233]
  [0.09428925 0.77375828 0.79724071 0.15581307 0.29867077 0.65766302
   0.05472504 0.87850472 0.65603242 0.87193423 0.55223651 0.58142533
   0.58698911 0.33171357 0.63277182 0.93206771 0.42068251 0.7247225
   0.49943679 0.22907088 0.35810424 0.87539661 0.20839974 0.58701323
   0.58166738 0.99438933 0.90792725 0.5399894 ]
  [0.34148076 0.91110524 0.79062223 0.86935019 0.96212229 0.7734285
   0.58231847 0.70571036 0.22431844 0.83852958 0.76836101 0.90035492
   0.18879596 0.56917771 0.73754499 0.35950686 0.59111563 0.5003792
   0.22515831 0.00190271 0.21333102 0.9608791  0.17445267 0.86339153
   0.77186743 0.04400502 0.96515968 0.42765931]
  [0.57105275 0.65181295 0.65991196 0.02175753 0.17311927 0.42192565
   0.50589559 0.87962958 0.79332861 0.35615656 0.51716884 0.07694085
   0.63313746 0.28020828 0.62487552 0.08375893 0.51843744 0.9426365
   0.25239555 0.72640381 0.18945733 0.29463818 0.47144246 0.97258145
   0.40714838 0.41210945 0.67917918 0.37618705]
  [0.88765161 0.30415351 0.98251423 0.88631146 0.63890788 0.92577163
   0.02893746 0.44583536 0.95267704 0.34679724 0.61840334 0.15816297
   0.60027426 0.29156059 0.99307182 0.41827879 0.54340149 0.98863036
   0.08177708 0.48067463 0.89680786 0.95257633 0.19729418 0.67972073
   0.59250156 0.52563964 0.03835166 0.99140823]
  [0.32648138 0.03288481 0.59024037 0.04160888 0.03896299 0.72360267
   0.64890126 0.51553069 0.807353   0.48542507 0.08038129 0.27254854
   0.71539704 0.58113888 0.37242389 0.65216461 0.35798184 0.5921938
   0.57871715 0.33168544 0.51846578 0.72547836 0.70667318 0.77342477
   0.96811061 0.83992501 0.48177452 0.72378366]
  [0.34570009 0.93381606 0.02425614 0.59640393 0.12456493 0.73553828
   0.56775034 0.35105338 0.34622967 0.9852897  0.92323396 0.06013811
   0.59336568 0.33238006 0.4255603  0.15396868 0.97263894 0.78779592
   0.62323128 0.3330683  0.67633495 0.90903875 0.10951481 0.20834417
   0.11461246 0.51634111 0.42323639 0.18113277]
  [0.74326795 0.44193823 0.56328102 0.54698124 0.8612126  0.50360289
   0.18607749 0.38295458 0.42116032 0.07247686 0.23368786 0.24614066
   0.59590173 0.67678048 0.50999101 0.44378163 0.10892336 0.42113081
   0.68298715 0.62708131 0.36796139 0.04457223 0.71041213 0.32684025
   0.77507085 0.21551323 0.41499263 0.21432701]
  [0.07149464 0.13826382 0.25086679 0.70689995 0.58902986 0.53701517
   0.0752982  0.83583455 0.86369482 0.19266301 0.55104284 0.84827745
   0.54319391 0.62124138 0.67716647 0.65924213 0.25955095 0.83072325
   0.78321649 0.14985555 0.11151551 0.8732581  0.01560961 0.99557873
   0.7514046  0.42148936 0.11525458 0.52187859]
  [0.96753058 0.26000984 0.05000873 0.48228528 0.22559501 0.72434338
   0.30399473 0.99971015 0.73559488 0.71707484 0.63604894 0.58676216
   0.04854282 0.00552052 0.62652514 0.24204161 0.52267313 0.30661739
   0.61399691 0.4168225  0.50788153 0.33984338 0.9994117  0.04491142
   0.39290328 0.73683381 0.08391196 0.09012611]
  [0.87540538 0.40987062 0.10500869 0.46397716 0.65593067 0.48816358
   0.11643058 0.16449471 0.06146653 0.93434014 0.03893145 0.84365733
   0.41259973 0.95037124 0.5877156  0.7716516  0.90564377 0.93205491
   0.03773812 0.78995307 0.2612974  0.52401159 0.02696472 0.90571327
   0.46233106 0.55692778 0.54416493 0.20015266]]]