[[[0.86019542 0.15445074 0.98301837 0.41423235 0.15379223 0.14610345
   0.96019947 0.64787379 0.4481635  0.35752071 0.52375546 0.28604965
   0.21919878 0.53513029 0.55395008 0.52581806 0.65581189 0.99795952
   0.4689672  0.51157204 0.23918011 0.56415048 0.54987981 0.63042317
   0.9031407  0.02434291 0.66839729 0.34743186]
  [0.51706987 0.34069357 0.70808035 0.61892708 0.26307954 0.47478164
   0.46571995 0.45905303 0.52301531 0.37235026 0.263175   0.48010474
   0.29214937 0.73925563 0.16886938 0.8006828  0.02535247 0.02706029
   0.91244265 0.77597858 0.57241046 0.72579251 0.48403045 0.47385219
   0.80634341 0.40547028 0.10057354 0.26791394]
  [0.43981216 0.9638509  0.72455848 0.02028409 0.56683819 0.63370597
   0.03967728 0.33956249 0.71525355 0.88955983 0.83968844 0.29524742
   0.69596038 0.54498    0.11469735 0.29547876 0.98910882 0.90814563
   0.73378488 0.494096   0.51528912 0.02260308 0.55808261 0.48020827
   0.12783193 0.13936137 0.2114828  0.11413437]
  [0.43273007 0.24370157 0.23924774 0.05118232 0.96980212 0.62745289
   0.42561313 0.34991116 0.21264872 0.01617129 0.90230813 0.41157041
   0.95766683 0.43480168 0.16446574 0.43763466 0.94936275 0.27653298
   0.43543527 0.93375701 0.96912616 0.15794477 0.09810267 0.13904515
   0.72387711 0.81971754 0.38251119 0.07974773]
  [0.4419771  0.13377399 0.02609735 0.19131463 0.34650559 0.57192994
   0.51553712 0.33334543 0.35726839 0.18568459 0.33157764 0.99679932
   0.3171266  0.29327356 0.22393813 0.86361019 0.18671498 0.65451628
   0.48092638 0.63550506 0.9865435  0.04377101 0.83596461 0.39267557
   0.9079035  0.18474134 0.53064668 0.42782507]
  [0.70839729 0.10672243 0.9739255  0.41168635 0.48786893 0.95992425
   0.26894609 0.35806536 0.09552937 0.07918799 0.16241136 0.30130552
   0.60181242 0.70879587 0.00626485 0.9752273  0.85868825 0.57505193
   0.74901805 0.65026112 0.11148158 0.7025943  0.77685074 0.03272884
   0.82847713 0.40773236 0.21694822 0.98652888]
  [0.51500466 0.70720296 0.4452751  0.65946676 0.78072728 0.68060017
   0.62551086 0.51761166 0.92971916 0.33630422 0.5934974  0.69786386
   0.18447712 0.11176334 0.63950202 0.96294516 0.72516912 0.61015262
   0.94928164 0.13417792 0.87523818 0.91827416 0.86032236 0.32498316
   0.10347586 0.17614939 0.741532   0.81467705]
  [0.28412057 0.55186228 0.12361389 0.13509097 0.66335903 0.50984333
   0.91180735 0.54490522 0.87951309 0.4908928  0.22705336 0.35502626
   0.5534279  0.30973628 0.31008616 0.97844263 0.67936448 0.28979402
   0.9017657  0.11417868 0.65549934 0.11507007 0.37585567 0.28481973
   0.12589285 0.21023338 0.51773514 0.14797859]
  [0.20918118 0.81154049 0.27867432 0.2064538  0.7427056  0.74232681
   0.44192002 0.00176574 0.33910683 0.75953926 0.41412128 0.9463155
   0.43373186 0.28023617 0.66226524 0.13099175 0.78704732 0.6452615
   0.8116466  0.75863448 0.72836976 0.83245095 0.36299084 0.94769016
   0.90468618 0.8634983  0.51372627 0.1876169 ]
  [0.53619338 0.01878604 0.77396023 0.59568259 0.44132633 0.99153229
   0.99011353 0.3394828  0.3397348  0.57638861 0.67294075 0.76311264
   0.1276933  0.33454253 0.97023078 0.27193403 0.36375665 0.91520715
   0.87154479 0.26399546 0.05437551 0.12587821 0.01433358 0.36214342
   0.60704005 0.32757861 0.34859001 0.20495066]
  [0.05157626 0.94927732 0.25763437 0.36262727 0.46693623 0.83432944
   0.38013153 0.57167891 0.38251273 0.65710305 0.75496825 0.99723431
   0.24055625 0.79553475 0.39073481 0.7694421  0.93693092 0.66151333
   0.09073722 0.74400073 0.78870527 0.09023053 0.81463758 0.91373541
   0.19193422 0.90989913 0.33572431 0.43420154]
  [0.12776481 0.2987813  0.80820212 0.1680543  0.17095174 0.93818183
   0.4655403  0.60253525 0.35055902 0.04999403 0.61906746 0.57189205
   0.35774398 0.16227341 0.51811892 0.69851891 0.95282358 0.36485891
   0.24778555 0.89698493 0.19313957 0.18321772 0.14804592 0.37928053
   0.74120151 0.35945197 0.03428348 0.174675  ]
  [0.50921271 0.78710916 0.60415622 0.75707521 0.7409536  0.8139084
   0.73556489 0.20941224 0.72273154 0.84031633 0.41956248 0.80398639
   0.74108824 0.37046924 0.65738739 0.12084873 0.59074167 0.59209945
   0.41648747 0.88893785 0.2354308  0.66004156 0.20519926 0.84729849
   0.54230767 0.103395   0.82205907 0.42385695]
  [0.43536501 0.31924385 0.14842585 0.01361059 0.92822823 0.4344251
   0.35559487 0.54294043 0.3347036  0.68995623 0.63599727 0.43431365
   0.89314785 0.60376708 0.56221253 0.63879684 0.74489883 0.27683965
   0.31496722 0.9325583  0.73084974 0.65717531 0.38084775 0.3928292
   0.00954729 0.06407694 0.78984058 0.93262734]
  [0.59918121 0.38232246 0.56729464 0.5464392  0.26964763 0.98352406
   0.51576728 0.1594154  0.582417   0.501562   0.93091679 0.23476867
   0.61054446 0.39440423 0.29370303 0.57441369 0.21491025 0.66492608
   0.178883   0.9500912  0.26252076 0.83511688 0.26172445 0.17563561
   0.48904326 0.67936137 0.0349756  0.08132027]
  [0.4462567  0.75596599 0.68587071 0.78135448 0.42626811 0.88181604
   0.98575347 0.08841921 0.59469769 0.66087664 0.38634568 0.18839696
   0.22964169 0.6723076  0.24870271 0.08925096 0.35121317 0.25424046
   0.75356191 0.87597049 0.30476873 0.76557353 0.77306986 0.08079158
   0.81430025 0.44995991 0.88049961 0.58216661]
  [0.15686287 0.96434988 0.71204609 0.68592284 0.11190263 0.36450675
   0.40670226 0.21655435 0.54447018 0.29965878 0.73943551 0.22831719
   0.33490701 0.93259833 0.30355841 0.86055275 0.3629385  0.71474847
   0.01505606 0.16282357 0.44250999 0.59296905 0.50827142 0.08388157
   0.90406688 0.18969726 0.86372686 0.83633004]
  [0.5067148  0.32936577 0.48192707 0.03029151 0.5601842  0.61048363
   0.12988924 0.88670734 0.08711659 0.19112903 0.22576216 0.94457308
   0.23863576 0.69203673 0.82550972 0.13129961 0.37083717 0.60262139
   0.71528841 0.43495774 0.12879858 0.3389405  0.75535109 0.9559246
   0.62249061 0.39984663 0.71365288 0.81137607]
  [0.06961165 0.51237637 0.48953129 0.25417599 0.27525487 0.87585795
   0.13143989 0.30528572 0.18475587 0.12031219 0.60147993 0.52411048
   0.56897086 0.40396694 0.23798411 0.05691585 0.40919229 0.54224846
   0.8170732  0.34781166 0.4403671  0.19457057 0.75902017 0.93802532
   0.0336571  0.55788334 0.18977716 0.59069746]
  [0.45548664 0.87908654 0.5505351  0.49396203 0.41701994 0.04498517
   0.2365559  0.28205894 0.92135066 0.55135817 0.47624636 0.11267865
   0.66331362 0.3896639  0.98171994 0.58484531 0.37451078 0.71435752
   0.15541838 0.40366169 0.04060397 0.69290261 0.38746634 0.24929766
   0.62920365 0.96798721 0.29349128 0.009744  ]
  [0.75651097 0.69869217 0.16314544 0.7570344  0.3342087  0.70545661
   0.77903536 0.25102081 0.4348052  0.06151663 0.61024134 0.13209463
   0.04454769 0.85199616 0.37895074 0.41150248 0.45545365 0.63887315
   0.93546962 0.11084053 0.15656547 0.92957361 0.71007293 0.35209823
   0.25494538 0.62786081 0.12471231 0.6846073 ]
  [0.3188516  0.94392635 0.58183999 0.92467939 0.38508313 0.14608173
   0.26382393 0.70871952 0.13735091 0.90499914 0.96875979 0.08939534
   0.73732396 0.72744779 0.26399935 0.28844119 0.28681404 0.37852654
   0.3226638  0.86581916 0.29203479 0.81670896 0.32117808 0.38958646
   0.96555035 0.54073147 0.90454603 0.12551907]
  [0.23455163 0.17600346 0.72376523 0.96999962 0.42221838 0.87036288
   0.30258605 0.2949038  0.64903902 0.14246583 0.84707385 0.20716868
   0.14430128 0.6574202  0.00126682 0.65808244 0.44271689 0.73078213
   0.26855489 0.04461412 0.21682212 0.28528898 0.34257146 0.08613743
   0.85988453 0.5966894  0.41207851 0.56768707]
  [0.9811079  0.96842034 0.07583957 0.34893286 0.51778301 0.53246978
   0.58585142 0.42125077 0.8904229  0.05966358 0.67851771 0.16828894
   0.52504223 0.60499536 0.80808216 0.0184985  0.62392155 0.82941854
   0.83065186 0.20653685 0.24147987 0.00132167 0.42781971 0.35408963
   0.27857733 0.53671411 0.89028211 0.56445155]
  [0.92868066 0.39235488 0.7959876  0.71972927 0.85637756 0.14271577
   0.97103421 0.74999162 0.71809941 0.13452325 0.64499579 0.00660877
   0.84385539 0.42838757 0.20853099 0.63966643 0.97088794 0.31564587
   0.53324046 0.62752486 0.69608252 0.6689637  0.80862694 0.11092461
   0.82218574 0.82926686 0.92522039 0.56538879]
  [0.06997132 0.92751373 0.33211749 0.67319038 0.23463605 0.19946955
   0.18860319 0.30057265 0.72698171 0.19073062 0.73014637 0.59071735
   0.81077234 0.71254367 0.95765297 0.14489559 0.01722467 0.15344319
   0.27793461 0.07186127 0.46402533 0.02494541 0.07665349 0.17480322
   0.29535118 0.48374401 0.16546907 0.87411095]
  [0.88672119 0.91605254 0.95597244 0.22290144 0.57331274 0.79221495
   0.68507141 0.70859418 0.78364544 0.75703418 0.10828841 0.43797354
   0.25713052 0.69982692 0.46147371 0.72447924 0.85269319 0.8610487
   0.56395225 0.14294101 0.6447361  0.3132527  0.11835508 0.57247161
   0.86927068 0.87406689 0.25667573 0.61055966]
  [0.31854131 0.38024645 0.75932653 0.07132133 0.0459136  0.67392088
   0.44575486 0.19889277 0.9790469  0.35186365 0.09359742 0.92837526
   0.65154539 0.62693506 0.44345108 0.72337446 0.66252264 0.2504763
   0.56665717 0.87999501 0.52276305 0.15954227 0.36115803 0.73408128
   0.93043778 0.58457512 0.22807735 0.33195961]]]