[[ 0.19185243  0.8071249   0.2267184   0.19122389  0.20722858  0.40850829
   1.02152386  0.69575911  0.83242755  0.34343641  0.29364334 -0.01853372
   0.15832498  0.08429297  0.14380187  0.66572572  0.93694971  0.80138416
   0.58348747  0.18878108  0.64638469  0.3079422   0.94075849  0.65789794
   0.61923145  0.34759667  0.6520111   1.12443005  0.47534729  0.15176371
   0.02974814  0.18847337  0.24560985  0.28249618  0.28809529  0.16307299
   1.12871708  0.40778585  0.19314954  0.54643939  0.38724773  0.10907218
   0.18753283  0.84188513  0.07969317  0.5986677   0.88617357  0.39657282
   0.88358151  0.08930811  0.94423179  0.80782241  0.54396064  0.77187639
   0.13580278  0.16496506  0.16831815  1.03294378  0.30323159  0.6894137
   0.89850546  0.75995766  0.40455747  0.15947584  0.20785268  1.06586524
   0.0734885   0.17256179  0.19179623  0.82858507  0.36274051  0.33069726
   0.2033938   0.30262432  0.87078264  1.06288124  0.35305426  0.58826049
   0.08015213  0.30662843  0.56647622  0.12969055  0.83877241  0.46655931
   0.31840165  0.11256122  0.74355252  0.22002257  0.86676576  0.2981804
   0.38146518  0.7349116   0.40030349  0.18865097  0.28512708  1.02424963
  -0.06379863  0.81294868  0.23354917 -0.01178963  0.66849441  0.20340695
   0.72917775  0.98837033  0.21728837  0.09526445  0.88461694  0.88065047
   0.85600753  0.37512871  0.70095248  0.88613323  0.49396178 -0.02511218
   0.13989075  0.63759089  0.95397497  0.54181511  0.25426392  0.21683991]]