[[ 0.54177235  0.03384359  0.36726071  0.41523276  0.84718761  0.51747157
   0.9014995   0.21378914  1.15270873  0.26523869  0.01617281  0.93358959
   0.88314073  0.72898975  0.281055    1.16644214  0.3055405   0.66584267
   0.43277891 -0.12603724  0.40015674 -0.36630914  0.57499686 -0.186944
   0.10609139  0.16817089  0.77312934  0.04629713  0.47174723  1.10066735
   0.63945105  0.43701212  0.8793667   0.59841215  0.85588851  0.61560534
   0.73539611  0.20740378  0.51125857  0.91519672 -0.40548201  0.18200489
   0.50709968  0.48367304  0.46165034  0.27111144  0.6108037   0.55342397
   0.33298242  0.4115446  -0.31801292  0.20103453 -0.09712819  0.76487
   1.18931747  0.56406052  0.60785941  0.69902287  0.20064089  0.30343731
   0.68341101 -0.09024104  0.50354317  0.74993888  1.04901608  0.85896672
   0.71542207  0.77556809  0.41870158  0.361843    0.52872268  0.63660689
   0.09156945 -0.02628674  0.03564867  0.37348808 -0.14511412  0.73160636
   0.77722867  0.18626281  0.43516879  0.65296693 -0.09764155  0.13387177]]