[[[ 2.57912047e-05 -6.68583575e-07  3.76221676e-06  1.99505108e-07
   -6.76680826e-05 -5.25015770e-06 -1.83793712e-06 -5.72712452e-07
    5.81110292e-07  2.26530566e-05 -4.07830228e-06  1.57080112e-06
   -2.16757037e-06 -4.94690800e-05 -1.10868263e-05  2.09910778e-06
   -1.49329948e-05  2.53678167e-05 -3.34001298e-05 -6.80958800e-07
   -9.90492282e-07 -3.88887721e-06  3.20876029e-08  3.62925557e-06
   -2.54449736e-07  2.78347005e-06  5.79031200e-06  8.43021306e-08
    1.59531810e-06 -2.04628770e-05 -1.80715644e-07  2.72234470e-05
    1.49780986e-05 -2.01334590e-06 -4.29500061e-06 -6.28439520e-07
    1.36458478e-05 -9.86691741e-06  8.83742547e-07 -1.36827559e-05
   -7.51336227e-08 -4.04813607e-06 -1.69660867e-05 -1.30846977e-05
   -1.70473777e-05 -1.73292334e-07  1.42134622e-05 -3.25920204e-05
    2.13897576e-05 -2.23919489e-06 -1.35050096e-05 -1.01039150e-07
   -5.56765623e-06  2.10416968e-06 -6.47730302e-06 -1.07794617e-05
   -2.08993984e-06 -4.21662674e-07  1.45278639e-06  4.93577172e-07
    5.15905106e-06  2.89374929e-06 -3.74018974e-06  1.18915016e-05
   -1.37726702e-05 -2.55047762e-07  3.46593402e-06 -1.63127263e-05
   -1.78624617e-05  1.97463682e-05  5.10613509e-06  6.53358623e-06
    1.53995325e-07 -9.71128231e-07  6.57061508e-07 -1.29089117e-05
    3.74354412e-06 -2.41319010e-06  2.01241570e-08  5.14798603e-06
   -3.76513031e-05  5.66024408e-06 -4.72171496e-07  1.84835249e-05
   -6.25184507e-06  1.15781735e-05  2.74434689e-05  9.46190127e-07
   -2.60402998e-08  5.07888038e-05 -2.03386519e-05  3.27536300e-05
    9.05324745e-09  6.48500276e-06 -3.72110756e-05 -2.12807689e-05
   -3.17697755e-05  5.24254289e-06 -4.06670046e-05 -6.01237120e-06
   -1.03039192e-06 -1.55844898e-07  1.03908760e-05 -7.76620566e-06
   -2.52562501e-06 -2.80228665e-05 -9.76657751e-06 -2.38771322e-05
    5.65032240e-07 -3.85272974e-05  1.57651664e-05 -6.99478936e-07
   -1.36975619e-08 -1.43967145e-05 -4.54191492e-05 -3.15100809e-07
    2.66565491e-05  3.88215565e-05 -2.91249662e-07  2.28052340e-07]]

 [[ 2.24341495e-07  1.11926803e-07  2.60003520e-07  5.84597332e-07
    2.89300130e-07  2.94162800e-08  2.30817945e-07  2.09824534e-07
    1.03168321e-06  3.24860717e-07  4.02695332e-07  3.87820181e-07
    5.83570419e-07  1.85328957e-07  1.69681163e-07  5.72835448e-08
    1.03681263e-07  1.37936310e-07  2.96751144e-07  2.39684802e-07
    2.04765695e-06  2.60706490e-07  1.52370821e-07  1.11881838e-07
    4.95037797e-08  2.03725993e-07  9.46165380e-08  1.72296342e-07
    1.33390218e-06  1.04184575e-07  7.51390085e-08  2.03285566e-07
    2.42180944e-07  3.93185015e-08  7.71810184e-08  6.56337794e-08
    1.02685693e-07  1.72154881e-07  8.07808176e-08  4.54620981e-07
    5.35770975e-08  4.84082831e-07  8.80983121e-08  2.43257134e-07
    6.37694205e-08  9.61295971e-08  1.17531191e-07  1.16538240e-07
    9.96622919e-08  3.65817012e-07  1.48432133e-07  2.85511605e-07
    4.63841492e-08  2.47867584e-07  2.55520090e-07  3.28111613e-07
    8.72768598e-08  1.13533860e-07  8.53806894e-08  2.50589625e-07
    7.99422828e-08  4.30307254e-07  2.51829584e-07  4.05059280e-07
    1.89291258e-07  6.77797788e-08  6.82789570e-07  4.73381883e-07
    1.20020291e-07  1.59097272e-07  1.69652431e-07  1.15315594e-07
    5.90158278e-08  2.17636733e-07  2.55404291e-06  3.70074531e-07
    2.20788715e-07  1.60330328e-07  2.45172038e-07  5.88787122e-08
    5.39305732e-07  4.32660509e-07  1.05451762e-07  1.86033761e-07
    1.82045065e-07  1.70935238e-07  2.62029464e-07  4.94621179e-07
    1.15107989e-06  4.96824665e-07  3.50509410e-08  2.37563336e-07
    5.49422894e-09  8.40173883e-07  2.75538708e-07  1.16347812e-06
    5.20484258e-08  2.63362802e-07  1.22890978e-07  3.98178171e-07
    2.02429420e-07  6.61942512e-08  1.96631996e-07  1.59066246e-07
    1.61633030e-07  1.34756333e-07  1.94340339e-07  1.68565670e-07
    9.67138229e-08  3.84238972e-08  2.79797874e-07  3.05641598e-07
    4.14603146e-07  1.11662314e-07  6.18624350e-09  2.24590235e-07
    9.77296271e-08  5.16216113e-07  1.99915923e-07  4.31800684e-07]]]