[[[[ 1.20137926e-04]]

  [[ 6.44729438e-05]]

  [[ 1.57743824e-04]]

  [[ 2.75672029e-04]]

  [[ 2.00098139e-05]]

  [[-9.25674354e-05]]

  [[ 7.76413730e-05]]

  [[ 7.54921088e-05]]

  [[ 1.06514871e-04]]

  [[ 1.36220430e-05]]

  [[-1.03527280e-04]]

  [[ 1.19969628e-04]]

  [[ 1.36884436e-04]]

  [[ 9.62091247e-06]]

  [[-2.87940888e-05]]

  [[-1.00507963e-04]]]


 [[[ 5.13734233e-05]]

  [[ 6.86340082e-05]]

  [[ 4.90403945e-05]]

  [[ 6.91670968e-05]]

  [[ 6.41343621e-05]]

  [[ 4.72534265e-05]]

  [[ 2.69192200e-05]]

  [[ 6.50690981e-05]]

  [[ 4.58696088e-05]]

  [[ 8.04431108e-05]]

  [[ 5.53459576e-05]]

  [[ 4.41906350e-05]]

  [[ 6.00832324e-05]]

  [[ 9.34278149e-05]]

  [[ 9.00845441e-05]]

  [[ 8.96829749e-05]]]]