[[[-1.64082831e-05  1.42740956e-06  1.78642502e-06 -1.73503061e-05
   -3.04781826e-06 -2.23519380e-06 -5.91881281e-06 -2.29643900e-06
    1.11105815e-05  2.52087296e-06  2.78711722e-06 -4.12404805e-06
   -1.44932221e-05  3.02642633e-05 -8.67905203e-06 -1.62704596e-05
   -3.07771696e-06 -6.14063801e-07  1.27079809e-05 -5.99580831e-05
   -4.37144585e-06 -5.11739676e-05  1.09771898e-06 -2.18052027e-05
    2.82854008e-06 -1.63976465e-05 -5.53913583e-06 -3.98958583e-06
   -1.30709897e-07  2.88024629e-05  9.93720668e-08 -4.21749667e-06
   -1.28533574e-05 -3.41276730e-05 -6.94749091e-06  1.28896109e-05
   -2.20320049e-05 -2.11196743e-05  1.19696222e-05 -6.83264081e-06
   -1.07897172e-05 -1.64357312e-05 -1.23894792e-06 -2.87743795e-07
    3.09839261e-06  8.40040014e-08  8.02849352e-07 -1.87489376e-05
   -5.15112359e-06  2.31796885e-05  1.71616005e-06 -2.94807550e-05
   -1.82984382e-05 -1.42292687e-06 -3.28501475e-07  3.16706890e-06
    6.21772645e-06  1.50008671e-05 -3.47795828e-06 -1.25505844e-05
   -7.57477411e-06 -9.35217727e-06 -3.87797413e-06  5.06140294e-06
   -1.64201563e-05  1.20249732e-05 -6.61285784e-06 -1.10396902e-05
    7.88021401e-06  2.68431211e-05 -1.06049585e-05 -2.68264832e-05
   -4.33661305e-07  9.37821085e-06 -5.71883096e-05 -2.74773260e-05
   -4.89307227e-05 -1.62601320e-06 -7.22425309e-06 -1.76478231e-05
   -1.17629077e-06  1.45222085e-05 -5.69101005e-05  2.57716758e-06]]

 [[ 2.30271143e-07  1.43116661e-07  1.49535238e-07  1.73211616e-07
    3.32492994e-07  1.80235640e-07  1.94957503e-07  1.26762893e-07
    1.03969506e-07  1.63680446e-07  1.32817349e-07  5.43942420e-08
    1.22429713e-07  2.42591971e-07  2.53287136e-07  1.82528077e-07
    1.40568669e-07  1.47650899e-07  1.57917354e-07  1.36539558e-07
    1.90521506e-07  1.93077719e-07  3.80789338e-08  1.84276667e-07
    1.03238743e-07  1.43435419e-07  3.00296510e-07  1.43696614e-07
    1.77949927e-07  2.66854015e-07  2.44952603e-07  5.74520665e-08
    9.07497904e-08  4.74547785e-08  5.84482088e-08  1.73793860e-07
    7.16081501e-08  1.17393928e-07  2.15725609e-07  1.81114693e-07
    1.03731309e-07  1.27489792e-07  2.32236711e-07  1.70753436e-07
    1.59823924e-07  1.03602666e-07  2.28927867e-07  1.33725524e-07
    2.45017786e-07  1.08465339e-07  1.18975712e-07  2.09086336e-07
    1.59569368e-07  1.67352542e-07  1.72554314e-07  5.34422877e-08
    1.30004990e-07  2.68222551e-07  1.14836926e-07  1.29098255e-07
    2.82157016e-07  1.10680188e-07  1.75049229e-07  8.51430989e-08
    2.27290130e-07  1.03715946e-07  2.06564057e-07  1.79320467e-07
    1.42161494e-07  1.78586871e-07  2.64847824e-07  8.79346945e-08
    1.76508607e-07  1.11152242e-07  1.88395902e-07  1.70417315e-07
    2.42277943e-07  1.88183646e-07  1.24234460e-07  2.26114263e-07
    1.22521461e-07  2.24710038e-07  2.62648362e-07  1.01715284e-07]]]