[[[[[ 2.77969305e-05  4.73079289e-05  1.14795008e-04  8.69450474e-05
      6.92822828e-05]
    [-6.01675167e-05 -3.88647058e-05  1.15069281e-04  9.67189465e-05
      2.38980898e-05]
    [-7.80169834e-05 -4.84989431e-05  6.32450627e-05  3.16568382e-05
     -2.10338588e-05]
    [-1.08408861e-05 -1.08679235e-06  7.58703193e-07 -8.04278124e-05
     -7.13462121e-05]
    [ 2.15412439e-05 -8.86218993e-06 -4.21305962e-05 -9.58630834e-05
     -6.68469051e-05]]

   [[-4.44590369e-05 -5.58892628e-06  4.80682860e-05  1.77296068e-05
      3.92554097e-06]
    [-5.86929500e-06 -9.76977531e-06  9.80377067e-06 -6.33100399e-05
     -2.69380878e-05]
    [ 7.97722107e-05 -1.04381458e-06 -4.36561714e-05 -1.29389732e-04
     -4.22599544e-05]
    [ 7.23439508e-05  2.48368705e-05 -1.69026141e-07 -4.29950883e-05
      4.47779506e-05]
    [-3.60106469e-05  1.85962283e-05  6.88733834e-05  9.85338176e-05
      1.55500201e-04]]

   [[-8.23706307e-06 -4.72544880e-05  6.58834620e-05  6.65486969e-05
      2.94766870e-05]
    [ 3.50424893e-05 -1.25578349e-05  5.23102519e-05 -1.57167269e-05
     -3.06107400e-06]
    [ 1.14843800e-04  9.45121600e-05  2.90386044e-05 -8.02057328e-05
     -1.11194673e-05]
    [ 9.91882184e-05  8.80699534e-05  3.87766089e-05  9.20720436e-06
      7.04573823e-05]
    [ 8.64090437e-06  4.11361717e-05  9.32846908e-05  1.18783974e-04
      1.53455555e-04]]

   [[ 4.43076222e-05 -5.08262176e-06  7.11750181e-05  1.16835377e-04
      1.24453951e-04]
    [ 5.74424094e-05  4.85348986e-06  1.07641731e-04  1.20690246e-04
      9.72779513e-05]
    [ 1.03737953e-04  9.01304722e-05  1.77271559e-04  1.37889776e-04
      5.82856526e-05]
    [ 1.47507250e-04  1.75844308e-04  2.18040418e-04  1.28878129e-04
      8.57956364e-06]
    [ 1.48272016e-04  1.76279267e-04  1.64399346e-04  4.11780254e-05
     -4.22179949e-05]]

   [[-5.86308176e-05  2.04411804e-05  7.52027398e-05  1.44691198e-05
      7.38056144e-06]
    [-2.71746516e-05  1.47673452e-05  1.22677141e-05 -8.95137472e-05
     -2.23166900e-05]
    [ 7.91258206e-05  2.76136276e-05 -6.06625007e-05 -1.25187168e-04
     -1.27745567e-05]
    [ 7.26926275e-05  2.57903765e-05 -2.68479026e-06 -3.17710889e-06
      8.11087126e-05]
    [-2.46026606e-05  4.57307875e-05  1.09236804e-04  1.23772027e-04
      1.65121378e-04]]

   [[-4.58569990e-05 -7.33238052e-06  3.91916967e-05  4.83605240e-06
     -1.42029596e-06]
    [ 1.27964637e-06 -1.63696601e-05  5.81961897e-06 -5.92450376e-05
     -3.64795218e-05]
    [ 7.63905823e-05 -9.33561196e-06 -4.00326828e-05 -1.13711288e-04
     -5.04435386e-05]
    [ 5.95559421e-05  1.92309052e-05  7.36151095e-06 -2.46800976e-05
      4.38806667e-05]
    [-3.96695602e-05  2.56131067e-05  8.41557383e-05  1.09855828e-04
      1.50896066e-04]]]


  [[[ 1.44593553e-05 -3.49871334e-05  9.82430105e-06  6.72622621e-05
      9.54075807e-05]
    [-6.83797865e-05 -1.30315109e-04 -1.73248630e-05  1.52610767e-05
     -3.92308497e-06]
    [-1.54264519e-04 -1.77386803e-04 -5.28120592e-05 -6.35235644e-05
     -8.42771243e-05]
    [-1.73053017e-04 -1.46925190e-04 -3.14952525e-05 -8.26272265e-05
     -9.31688751e-05]
    [-1.34937677e-04 -1.02925432e-04 -4.07327767e-06 -4.82738876e-05
     -6.42271554e-05]]

   [[-7.49327819e-05 -4.96216671e-05 -3.01271775e-05 -5.72091904e-05
     -7.09717133e-05]
    [-7.04850495e-05 -6.81462566e-05 -3.49302912e-05 -8.25164777e-05
     -7.81139463e-05]
    [-3.61349391e-05 -4.15290806e-05  1.03697157e-05 -5.95485792e-05
     -6.52647060e-05]
    [-1.53848482e-06  3.28956004e-05  8.57578305e-05 -8.45528473e-07
     -6.91894260e-06]
    [-6.70483783e-05  9.12158844e-06  8.99496367e-05  7.22593901e-05
      9.85816205e-05]]

   [[-4.10339700e-05 -1.26767272e-04 -6.59965397e-05 -5.73058109e-05
     -7.69996920e-05]
    [-3.19086196e-05 -1.26049993e-04 -3.58338318e-05 -7.89980357e-05
     -9.93799351e-05]
    [-2.47764217e-05 -5.88446907e-05  6.47867054e-06 -7.01966702e-05
     -7.06051748e-05]
    [-4.63487157e-06  1.83301313e-06  4.09757500e-05 -3.30114808e-06
      2.40918368e-05]
    [-2.79965953e-05 -1.19983072e-05  6.63452792e-05  9.08633000e-05
      1.21529687e-04]]

   [[ 6.65247777e-05  8.34548919e-06 -2.08396621e-05 -3.09432387e-05
      3.67147395e-06]
    [ 6.91152837e-05 -1.57003567e-05  2.10216128e-07  7.82040008e-06
      1.24126993e-05]
    [ 8.16502312e-05 -1.13875508e-05  4.58322428e-05  6.24446573e-05
      2.27202245e-05]
    [ 7.11296352e-05  1.15387659e-05  9.60624638e-05  9.21460288e-05
      1.20604193e-05]
    [ 5.88613427e-05  1.87394972e-05  6.25657092e-05  3.23987512e-05
     -2.28602833e-05]]

   [[-9.38841882e-05 -5.90911470e-05 -2.69707248e-05 -6.09734137e-05
     -5.97662181e-05]
    [-8.57881936e-05 -5.62014897e-05 -2.86932982e-05 -1.04298176e-04
     -7.60238267e-05]
    [-3.76119399e-05 -2.04084187e-06  8.82902829e-06 -7.26105029e-05
     -5.20096688e-05]
    [-1.62796530e-06  4.82842657e-05  7.00168983e-05 -3.48591718e-06
      2.17194103e-05]
    [-3.97412405e-05  4.74976649e-05  1.22588950e-04  9.16217470e-05
      1.19859711e-04]]

   [[-7.94667528e-05 -4.90472774e-05 -3.35446288e-05 -6.19310351e-05
     -7.30386672e-05]
    [-6.01758989e-05 -6.27011704e-05 -2.61765766e-05 -7.49263480e-05
     -8.61658823e-05]
    [-2.88443369e-05 -2.92274202e-05  3.28113901e-05 -4.31498978e-05
     -7.28685565e-05]
    [-5.43120174e-06  4.35384576e-05  9.62244282e-05  8.94782182e-06
     -7.22775944e-06]
    [-6.69779691e-05  1.55073430e-05  9.28345532e-05  7.45139238e-05
      9.51951754e-05]]]


  [[[ 1.16659089e-04  1.41766836e-04  1.43175927e-04  5.71533635e-05
      1.94302977e-06]
    [ 1.30406123e-04  1.01034146e-04  9.04015981e-05  1.41983328e-05
     -3.98553917e-05]
    [ 5.25363373e-05 -1.60204480e-05  3.80794781e-05  1.51921160e-05
     -3.31338787e-05]
    [-4.96054111e-05 -9.48471529e-05  4.86825530e-05  2.61530202e-05
     -7.20827429e-05]
    [-1.02045661e-04 -8.55223767e-05  6.01403476e-05  4.71125997e-05
     -1.61305613e-05]]

   [[ 3.32701638e-05  5.98000212e-05  4.27364619e-05 -2.65096170e-05
     -5.62625169e-05]
    [-3.62737376e-05 -3.75656943e-05  3.28663990e-05  2.59033874e-05
      9.20342227e-06]
    [-1.03489317e-04 -1.05527764e-04  3.78245147e-05  7.78212056e-05
      3.21823700e-05]
    [-6.14706339e-05 -1.37774395e-05  1.28142790e-04  1.22633263e-04
      8.83486022e-05]
    [-3.71677993e-05  5.46603924e-05  1.70461015e-04  1.62466763e-04
      1.81338414e-04]]

   [[ 7.28086133e-05  9.79506094e-05  1.08716984e-04  1.44071444e-05
     -3.83698778e-05]
    [ 8.01071279e-05 -7.15477133e-06  3.80718356e-05  5.85297104e-05
      6.17756190e-05]
    [ 1.98635820e-05 -7.49058438e-05  5.96994004e-05  1.17251277e-04
      9.77003025e-05]
    [-3.52193545e-06 -1.24287096e-05  1.43200688e-04  1.66577915e-04
      1.42028802e-04]
    [ 7.52868067e-06  6.36698773e-05  1.77371904e-04  1.88839082e-04
      2.09884103e-04]]

   [[ 7.85014539e-05  1.43256620e-04  2.13257587e-04  2.11430460e-04
      1.11267518e-04]
    [ 1.08697697e-04  1.33893132e-04  1.83543308e-04  1.70127669e-04
      7.39197856e-05]
    [ 1.76461904e-04  1.24459174e-04  1.31019818e-04  1.56006236e-04
      1.11027353e-04]
    [ 1.66618773e-04  5.42720188e-05  1.06630822e-04  1.72255129e-04
      1.37678789e-04]
    [ 1.12095445e-04 -2.55065916e-06  8.35053469e-05  1.22259852e-04
      7.75100419e-05]]

   [[ 5.07782289e-05  9.35518329e-05  5.26209113e-05 -3.32972436e-05
     -5.40415989e-05]
    [-2.58069653e-05 -2.91909877e-05  3.15317106e-05  4.03330410e-05
      5.84778427e-05]
    [-1.16548821e-04 -6.66206379e-05  8.45800551e-05  1.05963880e-04
      7.81960085e-05]
    [-6.68060340e-05  4.67188163e-05  1.88705872e-04  1.39356532e-04
      1.04060310e-04]
    [-3.89285489e-06  1.23892958e-04  2.29228613e-04  1.77415473e-04
      1.91951378e-04]]

   [[ 8.00924471e-06  3.80853760e-05  3.79664620e-05 -3.25263880e-05
     -5.96278270e-05]
    [-4.89422151e-05 -4.47829684e-05  2.84059766e-05  2.74454262e-05
      1.54168111e-05]
    [-1.12781343e-04 -1.05707606e-04  3.86567262e-05  7.85496066e-05
      3.99043004e-05]
    [-7.49361202e-05 -1.19617136e-05  1.41376025e-04  1.29839758e-04
      9.30996665e-05]
    [-4.21367464e-05  6.20725934e-05  1.87487610e-04  1.76907011e-04
      1.85524788e-04]]]


  [[[ 1.10914835e-04  1.24169836e-04  1.62419659e-04  1.69220030e-04
      1.43998928e-04]
    [ 9.77909398e-05  7.92746740e-05  1.33184754e-04  1.08562920e-04
      4.60935062e-05]
    [ 7.43732818e-05  2.46885877e-05  7.46226839e-05  4.82892430e-05
      1.47743956e-05]
    [ 3.74578985e-05  7.85163977e-06  8.64397652e-05  6.32273736e-05
      4.15849636e-05]
    [-9.10731113e-06  1.00534979e-05  1.09335847e-04  9.42831798e-05
      6.60442393e-05]]

   [[ 5.87456312e-05  6.46374835e-05  7.71519386e-05  4.28634211e-05
      2.93086327e-07]
    [ 6.36877508e-05  4.13623348e-05  6.19853909e-05  4.07955364e-05
      3.60577711e-05]
    [ 4.85626734e-05  3.10623900e-05  8.86152420e-05  9.02990414e-05
      9.17455978e-05]
    [ 5.07388649e-05  7.88208582e-05  1.51072964e-04  1.26008052e-04
      1.17738143e-04]
    [ 4.19268462e-05  1.24310497e-04  1.95320941e-04  1.66086243e-04
      1.72825603e-04]]

   [[ 1.09620043e-04  8.73806489e-05  1.40373257e-04  1.04677881e-04
      3.53586136e-05]
    [ 1.43941523e-04  6.04428215e-05  1.00982881e-04  8.15739706e-05
      6.50363725e-05]
    [ 1.16487892e-04  6.67196093e-05  1.18841405e-04  1.08652723e-04
      1.38127209e-04]
    [ 8.98565781e-05  1.10332788e-04  1.84087835e-04  1.67239259e-04
      1.80006479e-04]
    [ 1.00473969e-04  1.59633552e-04  2.36952987e-04  2.19944256e-04
      2.03443444e-04]]

   [[ 1.36018985e-04  1.33167794e-04  1.68103842e-04  1.91369193e-04
      1.74251935e-04]
    [ 1.74171324e-04  1.52348674e-04  1.87863034e-04  2.00802184e-04
      1.45510210e-04]
    [ 2.18244519e-04  1.80081881e-04  1.76135251e-04  1.78320780e-04
      1.41007224e-04]
    [ 2.02853818e-04  1.55306943e-04  1.70523877e-04  1.74941491e-04
      1.56994054e-04]
    [ 1.48371525e-04  1.07010631e-04  1.56937285e-04  1.50961954e-04
      1.24814590e-04]]

   [[ 7.53659182e-05  1.10912034e-04  1.15186005e-04  5.44734807e-05
      1.42862058e-05]
    [ 6.42261246e-05  5.25856121e-05  6.78273630e-05  3.67781092e-05
      6.47506006e-05]
    [ 4.73020881e-05  5.88996026e-05  9.72222728e-05  1.03439933e-04
      1.38033911e-04]
    [ 6.01213146e-05  1.29469328e-04  1.84407515e-04  1.51726305e-04
      1.54135713e-04]
    [ 8.18085109e-05  1.86993205e-04  2.54209732e-04  1.96606294e-04
      1.86440026e-04]]

   [[ 5.13567681e-05  6.14408782e-05  7.06538572e-05  3.67718366e-05
     -1.51565296e-07]
    [ 5.84394503e-05  3.48431993e-05  5.69789633e-05  4.02564098e-05
      3.50010546e-05]
    [ 3.97134169e-05  2.26071533e-05  8.86654475e-05  9.40228098e-05
      9.62474186e-05]
    [ 4.43887559e-05  8.11830000e-05  1.56658858e-04  1.33134412e-04
      1.27294855e-04]
    [ 4.26155598e-05  1.30188024e-04  2.02630267e-04  1.75598177e-04
      1.77962698e-04]]]


  [[[-2.06131459e-06  3.34805083e-05  1.10199871e-04  7.52776490e-05
      1.96078188e-05]
    [-6.69014695e-05 -3.52335641e-05  8.80022115e-05  2.36656927e-05
     -6.69235250e-05]
    [-7.75937986e-05 -7.27410989e-05 -1.32549594e-06 -6.86249953e-05
     -1.17665676e-04]
    [-3.57757051e-05 -5.66363710e-05 -5.39605772e-05 -1.17904719e-04
     -1.12131439e-04]
    [-2.81356232e-05 -5.66660406e-05 -6.64685116e-05 -9.21666769e-05
     -7.73144371e-05]]

   [[-5.42966481e-05 -4.53551139e-06  1.42835237e-05 -5.73818410e-05
     -9.11083624e-05]
    [-2.88863238e-05 -5.31373455e-05 -5.07070503e-05 -1.21755231e-04
     -8.14145425e-05]
    [ 1.83968808e-06 -8.74183586e-05 -7.89807837e-05 -1.15145304e-04
     -4.00354056e-05]
    [-1.65472910e-05 -6.15873590e-05 -4.00291177e-05 -5.27100821e-05
      1.77591022e-05]
    [-1.03633272e-04 -6.76679067e-05 -2.47375200e-05  6.36350140e-06
      7.13876719e-05]]

   [[-5.55267724e-05 -7.02633844e-05  2.18146167e-05  6.18914021e-06
     -5.86834887e-05]
    [-1.76523399e-06 -5.95871019e-05 -1.61030587e-05 -7.87588831e-05
     -6.65571555e-05]
    [ 3.28121742e-05 -3.25020675e-06 -3.71870407e-05 -9.93898100e-05
     -1.66190120e-05]
    [ 1.05436864e-05 -9.60707578e-06 -3.13549325e-05 -1.61110809e-05
      5.98130001e-05]
    [-4.22500617e-05 -3.19583682e-05 -3.77618792e-06  3.14098718e-05
      7.98387055e-05]]

   [[-2.42384511e-05 -3.02152584e-05  6.61796141e-05  1.11237282e-04
      8.61700231e-05]
    [ 2.47580675e-05  7.53371143e-06  1.07055067e-04  1.10646126e-04
      3.87025623e-05]
    [ 8.54915732e-05  7.19830605e-05  1.33801938e-04  9.31740780e-05
      5.99424153e-07]
    [ 1.07916866e-04  1.06448991e-04  1.31994405e-04  6.85119281e-05
     -1.68899891e-05]
    [ 1.06765138e-04  9.86116498e-05  7.91066138e-05 -1.90962068e-06
     -4.50941761e-05]]

   [[-7.22211361e-05 -9.34122211e-07  1.18880199e-05 -7.32962523e-05
     -9.18520753e-05]
    [-5.03632725e-05 -5.02435847e-05 -6.96236040e-05 -1.53003217e-04
     -7.42694519e-05]
    [-1.01414642e-05 -6.49759941e-05 -1.00778405e-04 -1.19966524e-04
     -1.44920717e-05]
    [-3.01600794e-05 -5.98690743e-05 -3.82511839e-05 -1.52108272e-05
      4.87210404e-05]
    [-9.48635541e-05 -4.06356386e-05  2.10110657e-05  3.78918580e-05
      8.09405012e-05]]

   [[-5.62252221e-05 -1.11914223e-05 -2.79432463e-06 -7.30313535e-05
     -9.73717367e-05]
    [-2.40563858e-05 -6.37278051e-05 -5.51752115e-05 -1.12377916e-04
     -8.58123485e-05]
    [-5.69488611e-06 -9.36933742e-05 -7.01364365e-05 -9.77479192e-05
     -4.28721877e-05]
    [-3.66066838e-05 -6.59011062e-05 -3.43853680e-05 -3.87501302e-05
      1.76447363e-05]
    [-1.13479027e-04 -6.37630434e-05 -1.50956087e-05  1.40944067e-05
      6.58928058e-05]]]


  [[[-1.13405439e-04 -1.58060822e-04 -1.42508207e-04 -8.76891359e-05
     -4.40446148e-05]
    [-1.14296457e-04 -1.40927272e-04 -4.74888807e-05  8.29867708e-06
     -4.09646507e-05]
    [-5.09589799e-05 -5.05557883e-05  1.17391623e-05 -5.85933928e-06
     -6.18097361e-05]
    [-5.66824143e-05 -5.10476816e-05 -2.99936797e-05 -8.06953789e-05
     -7.98916133e-05]
    [-1.32353589e-04 -1.20612535e-04 -9.21997247e-05 -9.25166181e-05
     -5.02597496e-05]]

   [[-1.87899914e-05 -2.48329424e-05 -4.97773959e-06 -3.85539018e-05
     -6.13503385e-05]
    [ 1.57692688e-05 -7.72247843e-07 -9.35341831e-06 -7.24594780e-05
     -8.59007497e-05]
    [-5.10319674e-05 -1.00778432e-04 -1.06358778e-04 -1.25079156e-04
     -7.47389809e-05]
    [-1.07750130e-04 -1.30567171e-04 -1.12372693e-04 -9.49002678e-05
     -4.08961968e-05]
    [-1.03673527e-04 -5.55999400e-05 -4.49527045e-05 -4.72291133e-05
     -5.01692417e-05]]

   [[-8.56411706e-06 -7.60630189e-05 -3.39145488e-05 -7.75853253e-06
     -4.37668083e-05]
    [-5.83496846e-06 -7.76059969e-05 -3.97190330e-05 -3.77885983e-05
     -7.38784088e-05]
    [-6.15982781e-05 -1.15486667e-04 -1.27724636e-04 -1.32974356e-04
     -7.82637958e-05]
    [-1.16104896e-04 -1.44389971e-04 -1.40341889e-04 -1.16147497e-04
     -5.36993907e-05]
    [-1.29607224e-04 -1.14497059e-04 -7.17089164e-05 -5.51072032e-05
     -5.96904415e-05]]

   [[-7.07804198e-05 -1.15369649e-04 -1.12410208e-04 -1.00944287e-04
     -5.21704494e-05]
    [-7.64329616e-05 -1.11421630e-04 -6.02550396e-05 -2.37195663e-05
     -3.86379046e-05]
    [-4.72385638e-05 -6.13671953e-05 -2.21545203e-05 -1.50051714e-05
     -9.62260302e-05]
    [-2.17821556e-05 -3.54321542e-05 -4.75472676e-05 -8.53337528e-05
     -1.48815171e-04]
    [-3.65890058e-05 -4.83498603e-05 -6.24786186e-05 -1.11147385e-04
     -1.16946447e-04]]

   [[-2.71614021e-05 -6.32522277e-06  3.18542232e-05  3.51168624e-06
     -6.16504120e-05]
    [-1.64481572e-07 -1.25392766e-06 -1.28411244e-06 -6.88455453e-05
     -8.27409461e-05]
    [-6.87456677e-05 -1.06382533e-04 -1.25187811e-04 -1.31584410e-04
     -6.81291255e-05]
    [-1.24619584e-04 -1.35981795e-04 -1.19017659e-04 -8.98736812e-05
     -4.37993562e-05]
    [-1.13702402e-04 -4.88540062e-05 -1.90968868e-05 -3.53123481e-05
     -5.61418414e-05]]

   [[ 1.76138112e-06 -2.28035966e-06  1.10120200e-06 -3.73434687e-05
     -6.62927513e-05]
    [ 2.75185370e-05  1.71197241e-06 -1.17363778e-05 -7.30189384e-05
     -8.99673153e-05]
    [-5.26108603e-05 -1.09402660e-04 -1.08545330e-04 -1.26387522e-04
     -8.44222275e-05]
    [-1.08830776e-04 -1.24600270e-04 -1.02299822e-04 -8.71097077e-05
     -4.73144704e-05]
    [-9.77230344e-05 -4.03660250e-05 -2.89059637e-05 -3.64366110e-05
     -4.84905321e-05]]]


  [[[ 1.79464394e-05  5.70624996e-05  1.34852843e-04  6.43716489e-05
     -2.73350615e-06]
    [-3.59058717e-05 -3.72660829e-06  1.24994638e-04  5.34373121e-05
     -2.91097682e-05]
    [-1.00225780e-04 -8.11832440e-05  5.99956625e-05  1.53902742e-05
     -6.09448926e-05]
    [-1.24685244e-04 -1.03391913e-04  1.81236981e-05 -1.73323081e-05
     -9.78434073e-05]
    [-1.02296245e-04 -7.37886202e-05  1.25746084e-05 -6.34292980e-06
     -6.08792517e-05]]

   [[-5.25863431e-05  1.45469842e-05  5.72160295e-05 -1.02350584e-05
     -4.67820245e-05]
    [-8.86921922e-05 -5.84718409e-05  3.17052245e-05 -2.41818630e-05
     -3.49389949e-05]
    [-8.18199699e-05 -9.52695838e-05  2.70753855e-06 -2.11027644e-05
     -2.77086085e-05]
    [-1.97672399e-05 -2.71181504e-05  5.65597383e-05  4.30582732e-05
      3.53260277e-05]
    [-1.16803347e-05 -3.00136338e-06  6.15688589e-05  8.00716175e-05
      1.18712427e-04]]

   [[-5.95534401e-05 -5.06967264e-05  7.52110465e-05  1.20222323e-05
     -4.59219189e-05]
    [-3.05626948e-05 -6.67260597e-05  4.52387585e-05  3.73605872e-06
     -4.02381409e-06]
    [ 9.18767184e-06 -4.67897521e-05  3.66541351e-05  2.44479710e-05
      1.53583455e-05]
    [ 2.20555461e-05 -2.15064972e-05  6.48128986e-05  8.78077373e-05
      8.26323394e-05]
    [ 6.15212643e-06  8.61776213e-06  7.59175084e-05  8.58988270e-05
      1.29946721e-04]]

   [[ 1.42745165e-05  1.84058306e-05  1.35792428e-04  1.58328298e-04
      8.46001323e-05]
    [ 1.14387221e-05 -1.53629209e-05  1.23027373e-04  1.37707767e-04
      5.17414442e-05]
    [ 5.94094381e-05 -3.03399903e-06  1.16789920e-04  1.42395033e-04
      6.05815460e-05]
    [ 8.28110529e-05  1.58412820e-05  1.38602165e-04  1.72868227e-04
      8.06777823e-05]
    [ 7.45986466e-05  2.21638992e-05  1.10064695e-04  1.09222529e-04
      2.60508500e-05]]

   [[-6.68832328e-05  3.38582931e-05  6.53069375e-05 -3.70595504e-05
     -5.17046615e-05]
    [-8.94142731e-05 -2.41832504e-05  3.14285442e-05 -4.53334297e-05
     -9.12301786e-06]
    [-7.29740657e-05 -4.71409701e-05  2.02059505e-05 -2.92330591e-05
     -1.12466079e-05]
    [-2.39949197e-05  7.24738513e-06  8.92589602e-05  4.34482046e-05
      4.87273004e-05]
    [-7.31458161e-06  3.40713869e-05  9.13783283e-05  6.90719626e-05
      1.24398662e-04]]

   [[-7.08585616e-05 -2.19651606e-06  5.42838360e-05 -1.77653965e-05
     -5.30860903e-05]
    [-8.91570849e-05 -5.96018637e-05  3.19998038e-05 -1.78552083e-05
     -3.46047100e-05]
    [-7.63748730e-05 -8.55245528e-05  7.81667527e-06 -1.21593045e-05
     -2.72457237e-05]
    [-1.78305941e-05 -1.81266716e-05  6.80271465e-05  5.27883735e-05
      3.46606197e-05]
    [-4.22486965e-06  9.51594850e-06  7.52084493e-05  8.49980243e-05
      1.11873236e-04]]]


  [[[-1.36288819e-04 -1.54945294e-04 -5.46178484e-05  6.90064965e-05
      1.61388087e-04]
    [-2.11440594e-04 -2.23950745e-04 -1.82968248e-05  5.65981020e-05
      2.32790337e-05]
    [-2.74736538e-04 -2.06426058e-04  1.47530624e-05 -9.25614618e-06
     -1.12035018e-04]
    [-1.72871258e-04 -5.48816607e-05  1.03348560e-04 -5.69799496e-06
     -1.09351354e-04]
    [-2.80873741e-05  5.93485530e-05  1.77704730e-04  4.21246076e-05
     -1.12042327e-04]]

   [[-1.24411554e-04 -1.74652702e-05  6.15006948e-05  1.92488466e-05
     -5.87818493e-05]
    [-6.95632732e-05  3.48409717e-05  1.08008971e-04 -2.39176015e-05
     -1.46608229e-04]
    [ 1.13158508e-04  1.91339306e-04  2.13622942e-04 -1.55192879e-05
     -1.43083770e-04]
    [ 1.12780786e-04  1.62453087e-04  2.06682142e-04  1.25439526e-05
     -9.11799609e-05]
    [-1.22617086e-04 -5.26425973e-05  8.60676859e-05  3.66960513e-05
     -2.83820726e-05]]

   [[-1.06165945e-04 -1.67416550e-04 -1.14825067e-05 -4.32657993e-06
     -1.16674562e-04]
    [-7.55207809e-05 -8.10608082e-05  1.00734587e-04 -3.93528490e-05
     -2.09111388e-04]
    [ 3.11490155e-05  7.37242385e-05  1.66036483e-04 -3.27412678e-05
     -1.78199619e-04]
    [ 5.79521156e-05  6.18057511e-05  1.35152174e-04  2.11761826e-05
     -8.55456212e-05]
    [-7.84146253e-05 -8.73814391e-05  6.73201781e-05  7.09127579e-05
     -1.80638569e-05]]

   [[ 2.90693959e-05 -9.56585951e-05 -9.81475163e-05 -1.33118682e-04
     -6.16000402e-05]
    [-5.47300198e-05 -1.58952280e-04 -2.44464039e-05  1.32057775e-05
      2.63646557e-05]
    [-1.14974967e-04 -1.65196864e-04  7.33157619e-05  1.42608510e-04
      3.97356184e-05]
    [-1.00572870e-04 -6.35961735e-05  1.89081006e-04  2.37351490e-04
      1.69474429e-05]
    [-3.17125119e-05  2.70345182e-05  1.83333615e-04  2.13274228e-04
      9.20521342e-06]]

   [[-1.44288968e-04 -2.29149432e-05  9.77310594e-05 -1.94006120e-05
     -9.35020051e-05]
    [-5.44301660e-05  7.69317962e-05  1.35517908e-04 -9.81409239e-05
     -2.07211160e-04]
    [ 1.49852563e-04  2.10736576e-04  1.67420593e-04 -8.64719789e-05
     -1.82678921e-04]
    [ 1.41169049e-04  1.43195245e-04  1.50214919e-04 -3.76970436e-05
     -1.04976210e-04]
    [-8.97211172e-05 -2.74817485e-05  9.49926025e-05  1.37104881e-05
     -3.40774153e-05]]

   [[-1.17234823e-04  3.29734728e-06  9.15018768e-05  3.57600542e-05
     -6.08865974e-05]
    [-3.21566393e-05  6.46948181e-05  1.45463517e-04 -1.74309510e-06
     -1.66847401e-04]
    [ 1.50805892e-04  2.25880060e-04  2.54521362e-04  6.71529827e-06
     -1.69283525e-04]
    [ 1.27042389e-04  1.78899974e-04  2.11561354e-04  9.12401599e-06
     -1.13618285e-04]
    [-1.23135064e-04 -5.07024782e-05  7.97742751e-05  2.03095727e-05
     -5.20659877e-05]]]


  [[[ 7.01819504e-05  1.03916421e-04  1.47797391e-04  7.26034029e-05
      1.49364404e-05]
    [ 2.62207319e-06  2.11175565e-05  1.26873937e-04  5.91050449e-05
     -3.11523149e-05]
    [-2.79110373e-05 -3.04789180e-05  5.63417323e-05  4.61099270e-06
     -6.38212258e-05]
    [-4.36230694e-06 -2.33982854e-05  2.90069611e-06 -7.13603116e-05
     -1.06821533e-04]
    [ 3.97335533e-06 -2.94041682e-05 -3.20549180e-05 -7.48380897e-05
     -8.22656117e-05]]

   [[-2.59778812e-05  2.96147392e-05  5.49580538e-05 -8.67158942e-06
     -3.91735054e-05]
    [-1.24940508e-05 -1.60278132e-05  1.19237093e-05 -5.86874705e-05
     -4.06403774e-05]
    [ 2.74026541e-05 -4.65131491e-05 -3.48506553e-05 -8.68845357e-05
     -3.84334674e-05]
    [ 3.07478041e-05 -1.08670321e-05  3.16153441e-06 -1.94412829e-05
      3.68917228e-05]
    [-5.22283417e-05 -1.08308639e-05  4.47277480e-05  7.92508685e-05
      1.41272891e-04]]

   [[-5.09255255e-07 -2.65333789e-06  9.38066105e-05  5.47590522e-05
     -5.15392174e-06]
    [ 4.71336227e-05 -6.30305115e-06  5.39183993e-05  1.21500284e-06
      7.30597909e-06]
    [ 9.35991275e-05  4.46739645e-05  2.85013327e-05 -2.70389987e-05
      1.85603665e-05]
    [ 7.38223229e-05  4.41931871e-05  4.47269428e-05  4.61613693e-05
      8.93488166e-05]
    [ 1.78930298e-06  2.26014441e-05  8.01021786e-05  1.13118164e-04
      1.60718980e-04]]

   [[ 3.68168816e-05  5.19750244e-05  1.44917007e-04  1.83186545e-04
      1.40440830e-04]
    [ 6.36353638e-05  5.26103482e-05  1.60642838e-04  1.70522894e-04
      1.05784699e-04]
    [ 1.26873597e-04  1.10260434e-04  1.88952453e-04  1.71518484e-04
      8.98375021e-05]
    [ 1.63291374e-04  1.57694115e-04  2.12639959e-04  1.70560093e-04
      6.58944030e-05]
    [ 1.65535818e-04  1.54936139e-04  1.67055030e-04  8.43309883e-05
      2.88039079e-06]]

   [[-3.93297555e-05  4.31940510e-05  6.35924307e-05 -1.81595839e-05
     -3.43314496e-05]
    [-3.09032869e-05 -4.20702867e-06  2.17783512e-06 -7.93494392e-05
     -1.87878531e-05]
    [ 1.62303464e-05 -2.01211096e-05 -4.47437168e-05 -8.39930984e-05
     -4.88888215e-06]
    [ 1.54228726e-05 -3.60792690e-06  1.72289568e-05  1.34069196e-05
      6.73450147e-05]
    [-4.83379270e-05  1.97446842e-05  9.22438341e-05  1.06561542e-04
      1.56690593e-04]]

   [[-3.87643307e-05  1.50888155e-05  4.42502852e-05 -2.15630570e-05
     -4.57699761e-05]
    [-1.50179718e-05 -2.79036276e-05  6.71001424e-06 -5.42668000e-05
     -4.39412313e-05]
    [ 1.76184481e-05 -5.51967433e-05 -3.44282704e-05 -7.41167991e-05
     -3.82208835e-05]
    [ 9.94690376e-06 -2.06187176e-05  7.67500365e-06 -4.51875305e-06
      3.86924011e-05]
    [-6.27751198e-05 -7.72883269e-06  5.82000386e-05  9.09261245e-05
      1.39236203e-04]]]


  [[[ 1.39442444e-05  7.44400729e-05  7.86976135e-05 -2.39150415e-05
     -9.26465484e-05]
    [ 9.25458362e-05  8.78255721e-05  7.97442053e-05 -3.26029248e-05
     -1.10174399e-04]
    [ 4.42325366e-05 -4.19293443e-06  6.41653994e-05  2.32768219e-06
     -8.50673144e-05]
    [-6.61581968e-05 -6.41331588e-05  9.50354468e-05  2.71908197e-05
     -1.33757145e-04]
    [-1.78754636e-04 -8.98884897e-05  1.02248556e-04  4.93657443e-05
     -8.28511493e-05]]

   [[ 3.85687551e-05  7.27652083e-05  5.13440828e-05 -5.72798391e-05
     -1.15544149e-04]
    [-4.92348360e-05 -5.76385797e-06  6.60389355e-05  7.59236903e-06
     -4.36519814e-05]
    [-1.70386401e-04 -8.43157082e-05  7.45684507e-05  6.93316620e-05
     -2.33911237e-05]
    [-1.64345841e-04 -3.72506390e-05  1.53871546e-04  1.29605467e-04
      4.22176527e-05]
    [-1.45739711e-04 -1.63141432e-07  1.81903094e-04  1.65739634e-04
      1.32375102e-04]]

   [[ 5.95348875e-05  9.24053919e-05  1.17843625e-04 -1.69968593e-05
     -1.00468515e-04]
    [ 2.52222694e-05 -1.37792552e-05  5.82411379e-05  4.26001533e-05
      1.44967008e-05]
    [-9.70946713e-05 -1.04396658e-04  8.23211650e-05  1.10002648e-04
      4.30474907e-05]
    [-1.48204992e-04 -8.73006882e-05  1.49967763e-04  1.72549054e-04
      8.90013015e-05]
    [-1.27190700e-04 -4.33010653e-05  1.51585965e-04  1.83231117e-04
      1.50024229e-04]]

   [[-3.74588703e-05  8.38488834e-05  1.73444386e-04  1.69627520e-04
      7.31350379e-05]
    [-2.47652851e-06  8.62958171e-05  1.59518042e-04  1.43790684e-04
      2.48254212e-05]
    [ 3.43884303e-05  6.26470632e-05  1.27580316e-04  1.49574918e-04
      6.65499452e-05]
    [-1.46762803e-05 -5.11238666e-05  9.70775984e-05  1.80730236e-04
      1.12445335e-04]
    [-5.84452515e-05 -1.21825533e-04  6.48802810e-05  1.44853024e-04
      6.07834293e-05]]

   [[ 5.68877437e-05  1.15245836e-04  6.81631271e-05 -7.24116894e-05
     -1.19012238e-04]
    [-5.73055961e-05 -1.48138375e-05  5.69243885e-05  9.93304262e-06
      1.35964204e-07]
    [-1.94785674e-04 -7.57709543e-05  1.00750485e-04  7.75115969e-05
      1.07588490e-05]
    [-1.63114133e-04  1.31619853e-05  2.02551315e-04  1.28233085e-04
      3.59726830e-05]
    [-1.14017138e-04  6.33313234e-05  2.36054210e-04  1.66373071e-04
      1.20937530e-04]]

   [[ 1.84104343e-05  5.62186945e-05  4.75797225e-05 -6.57882827e-05
     -1.21619826e-04]
    [-6.87712238e-05 -1.88022026e-05  6.15975782e-05  5.85801096e-06
     -3.95583485e-05]
    [-1.93471250e-04 -1.01662306e-04  7.17914689e-05  6.53744120e-05
     -1.94531648e-05]
    [-1.80807395e-04 -4.33646486e-05  1.63912814e-04  1.30705492e-04
      4.22261046e-05]
    [-1.46324840e-04  9.18717635e-06  1.97716842e-04  1.77338847e-04
      1.33552483e-04]]]


  [[[-1.38031673e-04 -1.57502927e-04 -1.08110798e-04 -6.21397913e-05
     -3.56673321e-05]
    [-1.26806168e-04 -1.41334314e-04 -1.56580577e-05  3.10055816e-05
     -5.65549879e-05]
    [-5.50699463e-05 -4.81584752e-05  3.97617253e-05  2.99554268e-07
     -1.05245327e-04]
    [-5.31137597e-05 -5.56969465e-05 -1.41428275e-05 -1.03441831e-04
     -1.52351194e-04]
    [-1.36473700e-04 -1.38663098e-04 -1.02966289e-04 -1.33548400e-04
     -1.16345244e-04]]

   [[-1.52958545e-05  1.44064263e-06  2.10820171e-05 -6.19476285e-05
     -1.18618840e-04]
    [ 2.10152197e-05  6.60595549e-07 -4.66922951e-06 -9.82223708e-05
     -1.31211045e-04]
    [-4.22130063e-05 -1.23411714e-04 -1.26984671e-04 -1.68251001e-04
     -1.27523940e-04]
    [-1.22438915e-04 -1.61461318e-04 -1.24722913e-04 -1.23468750e-04
     -6.59626927e-05]
    [-1.43042952e-04 -8.06866846e-05 -2.10653178e-05 -8.14807998e-06
     -1.68927065e-05]]

   [[-2.46204393e-05 -7.34414213e-05  8.20557570e-07  1.30321171e-05
     -7.43940393e-05]
    [-3.93110818e-06 -9.30097324e-05 -1.92028601e-05 -3.32332650e-05
     -1.05115363e-04]
    [-5.51575411e-05 -1.33543537e-04 -1.25328082e-04 -1.53181151e-04
     -1.13623993e-04]
    [-1.17288128e-04 -1.56185274e-04 -1.33041454e-04 -1.16666672e-04
     -6.03205351e-05]
    [-1.40936225e-04 -1.12074670e-04 -4.09005756e-05 -5.18626266e-06
     -1.63414632e-05]]

   [[-1.13788151e-04 -1.30806543e-04 -6.23012132e-05 -4.97690726e-05
     -6.18656107e-06]
    [-1.04889443e-04 -1.11639516e-04 -2.56244275e-07  3.16394945e-05
     -2.35870083e-05]
    [-4.50503516e-05 -4.46716297e-05  4.08364826e-05  4.12064104e-05
     -1.06121702e-04]
    [-8.39065088e-07 -2.33510275e-06  1.70205630e-05 -3.76574788e-05
     -1.76862325e-04]
    [-4.07023314e-06 -1.66580342e-05 -1.61033081e-05 -8.39416527e-05
     -1.48285679e-04]]

   [[-3.24814433e-05  1.57284019e-05  6.48728359e-05 -1.82409111e-05
     -1.18168003e-04]
    [-4.38435322e-06 -5.56875818e-06  6.91151867e-06 -1.06281843e-04
     -1.32482641e-04]
    [-7.46204494e-05 -1.32475191e-04 -1.53256686e-04 -1.87434124e-04
     -1.17237841e-04]
    [-1.46730201e-04 -1.68018255e-04 -1.39120004e-04 -1.19281383e-04
     -5.87177383e-05]
    [-1.43532632e-04 -5.73353623e-05  1.90482958e-05  1.04503731e-05
     -1.97135994e-05]]

   [[ 6.45420026e-06  2.55426715e-05  2.27547920e-05 -6.35434976e-05
     -1.27302101e-04]
    [ 3.45796615e-05 -1.05798275e-06 -1.35728959e-05 -1.01858164e-04
     -1.40675735e-04]
    [-5.22835006e-05 -1.38969635e-04 -1.32196955e-04 -1.75734072e-04
     -1.45145075e-04]
    [-1.28538731e-04 -1.52307266e-04 -1.12605257e-04 -1.12031648e-04
     -6.98213655e-05]
    [-1.33757131e-04 -5.43506131e-05 -4.10809638e-07  8.38979446e-06
     -9.98477153e-06]]]


  [[[-7.91555813e-06 -3.32804343e-05  1.98230281e-05  6.31991929e-05
      7.80531841e-05]
    [-2.23671196e-05 -1.76302793e-05  1.07539752e-04  1.21675092e-04
      2.45283474e-05]
    [ 2.55386115e-05  6.47466908e-05  1.30399816e-04  6.73982595e-05
     -1.48361463e-05]
    [ 5.17225103e-05  7.54291932e-05  6.37895881e-05 -2.72103246e-05
     -2.02545841e-05]
    [ 2.20695105e-05  1.98263484e-05 -7.60962063e-07 -3.90058368e-05
     -6.07544911e-06]]

   [[ 3.85703146e-05  5.22142599e-05  8.08928407e-05  3.53734767e-05
      2.02174920e-06]
    [ 7.84987293e-05  6.66881935e-05  5.13893287e-05 -2.77230196e-05
     -3.27602012e-05]
    [ 7.62544825e-05  1.45408908e-05 -2.34753053e-05 -7.88210581e-05
     -1.01501600e-05]
    [ 4.01783671e-05  7.87234928e-06 -1.22058618e-05 -3.39656686e-05
      2.46500228e-05]
    [-2.19333235e-06  4.90067630e-05  4.75249443e-05  3.51377377e-05
      4.43990408e-05]]

   [[ 6.89390286e-05  2.11719719e-05  1.16720042e-04  1.28066048e-04
      4.63169194e-05]
    [ 8.58708826e-05  4.59279384e-05  1.08923350e-04  4.84609192e-05
     -7.35179061e-06]
    [ 9.22085191e-05  6.67515201e-05  1.79580150e-05 -5.64642306e-05
      1.19289749e-05]
    [ 6.13284322e-05  4.34235710e-05  6.17089430e-06 -1.35205926e-05
      5.03140360e-05]
    [ 1.19955915e-07  3.95044969e-05  7.66924095e-05  7.37932208e-05
      6.09699006e-05]]

   [[ 2.85133191e-05 -1.85972888e-05  2.91445441e-05  5.74423022e-05
      7.39934982e-05]
    [ 1.08092007e-05 -1.50861245e-05  1.02935586e-04  1.34307332e-04
      7.76039825e-05]
    [ 4.68177067e-05  5.85961350e-05  1.51487882e-04  1.28050165e-04
      1.22569311e-05]
    [ 8.96133494e-05  1.35444850e-04  1.59138531e-04  7.44575502e-05
     -2.94562999e-05]
    [ 8.84968225e-05  1.41562479e-04  1.40838628e-04  3.64376290e-05
     -2.52335815e-05]]

   [[ 3.59924590e-05  9.42221988e-05  1.47499153e-04  7.52461336e-05
      4.20238340e-06]
    [ 7.13914233e-05  9.32232963e-05  7.69827375e-05 -3.60337062e-05
     -2.97771188e-05]
    [ 8.24192548e-05  2.69864841e-05 -4.50069589e-05 -7.98616946e-05
      1.09943615e-05]
    [ 4.26560926e-05  6.29285079e-06 -2.15769281e-05 -1.11269517e-05
      4.83230908e-05]
    [-7.39310014e-06  5.73931696e-05  7.92195724e-05  6.14376350e-05
      5.54467211e-05]]

   [[ 5.30386646e-05  6.64244619e-05  8.40795560e-05  3.53636932e-05
     -2.40256935e-06]
    [ 8.91790509e-05  6.42739818e-05  5.21006341e-05 -2.45465111e-05
     -4.14002323e-05]
    [ 7.58429991e-05  5.33306531e-06 -2.34359948e-05 -7.52664615e-05
     -2.06051146e-05]
    [ 3.95021194e-05  8.04774422e-06 -9.70107706e-06 -2.46562687e-05
      2.14171295e-05]
    [ 2.09862456e-06  5.59782597e-05  5.50842400e-05  4.34080354e-05
      4.55450400e-05]]]


  [[[-1.12165156e-04 -1.28086248e-04 -1.89410614e-05  1.14813756e-04
      2.14248489e-04]
    [-1.82739589e-04 -1.92546675e-04  2.32923851e-05  1.08378198e-04
      6.91014185e-05]
    [-2.47427959e-04 -1.83669712e-04  3.99493438e-05  2.28783896e-05
     -7.98239218e-05]
    [-1.37254938e-04 -4.04000892e-05  1.23059087e-04  2.07269785e-05
     -6.96271522e-05]
    [-8.71970522e-06  4.98960138e-05  1.77689914e-04  7.32989550e-05
     -5.56893385e-05]]

   [[-9.45019789e-05  1.80751050e-05  9.45226776e-05  5.41567322e-05
     -1.87985074e-05]
    [-6.07454706e-05  3.95814669e-05  1.05397167e-04 -2.16509239e-05
     -1.24815911e-04]
    [ 1.37043530e-04  1.84581493e-04  2.04659373e-04 -3.27804848e-06
     -1.01940828e-04]
    [ 1.15485594e-04  1.40006068e-04  1.99845562e-04  4.09304926e-05
     -3.47644416e-05]
    [-1.45161102e-04 -7.39073088e-05  9.74555119e-05  8.53935277e-05
      2.09452131e-05]]

   [[-8.99215002e-05 -1.33429053e-04  3.63258118e-05  4.01607660e-05
     -6.38108978e-05]
    [-5.42699957e-05 -6.96046803e-05  1.14769859e-04 -3.31396238e-05
     -1.80947340e-04]
    [ 6.90611116e-05  8.24302678e-05  1.70027960e-04 -2.17539448e-05
     -1.26374535e-04]
    [ 8.47734154e-05  4.54389123e-05  1.32649178e-04  5.00641219e-05
     -2.37929997e-05]
    [-8.36489713e-05 -1.10238102e-04  8.16804158e-05  1.10296117e-04
      2.52933478e-05]]

   [[ 4.16500980e-05 -7.85435743e-05 -8.80127923e-05 -1.34664642e-04
     -3.07131476e-05]
    [-3.14659550e-05 -1.31886443e-04  9.33774723e-06  2.94183239e-05
      5.81591244e-05]
    [-7.46593058e-05 -1.34541087e-04  9.56304199e-05  1.49971737e-04
      6.38250337e-05]
    [-3.98119561e-05 -3.31912264e-05  1.90018105e-04  2.33462749e-04
      3.82116970e-05]
    [ 1.94984469e-05  3.59374252e-05  1.73487051e-04  2.12863958e-04
      4.28676540e-05]]

   [[-1.06172186e-04  2.27798978e-05  1.43327503e-04  3.20119730e-05
     -4.38873797e-05]
    [-3.74508032e-05  8.90384066e-05  1.36930094e-04 -9.16717262e-05
     -1.77338121e-04]
    [ 1.78259528e-04  2.13632974e-04  1.65650323e-04 -5.93412035e-05
     -1.23897371e-04]
    [ 1.45775030e-04  1.31821093e-04  1.62450099e-04  1.27023316e-05
     -3.74813741e-05]
    [-1.20086126e-04 -3.68433918e-05  1.25481265e-04  5.92367061e-05
      3.72439719e-06]]

   [[-8.41908566e-05  4.23329102e-05  1.25644167e-04  7.13558590e-05
     -2.06682436e-05]
    [-2.04460568e-05  6.98841423e-05  1.36961484e-04 -2.17709273e-06
     -1.43670743e-04]
    [ 1.74904731e-04  2.16730098e-04  2.40245851e-04  1.89238371e-05
     -1.24205912e-04]
    [ 1.30724535e-04  1.60814550e-04  2.06188476e-04  4.12515507e-05
     -5.20513517e-05]
    [-1.39658698e-04 -6.28740570e-05  9.65494667e-05  6.94056301e-05
     -1.54363810e-06]]]


  [[[-9.04718630e-05 -1.79012416e-04 -1.26526056e-04  2.11078134e-06
      1.20212502e-04]
    [-1.90937151e-04 -2.91908161e-04 -1.60922191e-04 -7.00871971e-05
     -4.01906043e-06]
    [-2.82181391e-04 -2.77023659e-04 -1.32692070e-04 -1.39101311e-04
     -1.18175656e-04]
    [-2.33132069e-04 -1.16855175e-04 -3.10281089e-05 -1.29994762e-04
     -1.27044887e-04]
    [-7.12483723e-05  2.89867992e-05  7.42617571e-05 -6.94614553e-05
     -1.34191909e-04]]

   [[-1.18817522e-04 -1.30208576e-04 -1.15786375e-04 -1.09237928e-04
     -8.78134972e-05]
    [-6.68855876e-05 -2.23924502e-05 -2.43209902e-05 -1.12953334e-04
     -1.28606324e-04]
    [ 7.87735433e-05  1.81708971e-04  1.28010765e-04 -1.03239815e-04
     -1.48397907e-04]
    [ 1.16539016e-04  2.09369647e-04  1.59092081e-04 -8.16641129e-05
     -1.27963601e-04]
    [-1.97246082e-05  1.21661737e-05  4.47249321e-05 -4.51432688e-05
     -3.48558439e-05]]

   [[-6.48616926e-05 -2.38640096e-04 -2.09286202e-04 -1.62373031e-04
     -1.56233413e-04]
    [-8.58126615e-05 -1.17138410e-04 -4.20166160e-05 -1.62292412e-04
     -2.14142973e-04]
    [-1.63792584e-05  5.80983097e-05  7.64392181e-05 -1.36847264e-04
     -2.15859561e-04]
    [ 4.31856654e-05  1.07170087e-04  8.05850366e-05 -9.69941486e-05
     -1.40899064e-04]
    [-1.30802809e-05 -1.40024179e-05  9.80263245e-06 -1.43493823e-05
     -1.36254773e-05]]

   [[ 1.14141112e-04 -2.44042077e-05 -1.30069991e-04 -2.07346028e-04
     -1.33668839e-04]
    [ 2.59496139e-05 -9.49539218e-05 -1.24355737e-04 -1.52221935e-04
     -7.61654952e-05]
    [-7.18830131e-05 -1.37020619e-04 -2.30427626e-05 -5.05854163e-05
     -7.91571278e-05]
    [-1.18093458e-04 -5.48668501e-05  1.36423232e-04  6.10708437e-05
     -1.02310556e-04]
    [-7.20057613e-05  4.18543377e-05  1.36419346e-04  5.20483350e-05
     -1.03145021e-04]]

   [[-1.54258801e-04 -1.56729619e-04 -1.13768025e-04 -1.43960636e-04
     -9.41522287e-05]
    [-8.15715206e-05  1.82846397e-06 -4.42760965e-06 -1.52749128e-04
     -1.62060162e-04]
    [ 1.06338485e-04  1.91236406e-04  8.66129876e-05 -1.47065513e-04
     -1.82521400e-04]
    [ 1.53604847e-04  1.81835093e-04  7.66184999e-05 -1.25870218e-04
     -1.19397546e-04]
    [ 1.80035902e-05  1.93555569e-05  2.52548554e-05 -2.69410277e-05
      3.49887956e-06]]

   [[-1.12622672e-04 -1.13997995e-04 -1.01800160e-04 -9.59909566e-05
     -8.24808320e-05]
    [-3.51646278e-05 -3.38795764e-07  1.35186235e-05 -8.22955940e-05
     -1.43836970e-04]
    [ 1.09258829e-04  2.13181486e-04  1.80879837e-04 -6.91629180e-05
     -1.74119060e-04]
    [ 1.36521750e-04  2.24722430e-04  1.74691749e-04 -6.68904923e-05
     -1.45803339e-04]
    [-1.51127202e-05  1.14231548e-05  4.25351483e-05 -4.35664358e-05
     -5.19587282e-05]]]


  [[[-1.21992444e-04 -1.99095041e-04 -1.29222847e-04 -3.23443414e-07
      1.10010441e-04]
    [-2.21484872e-04 -3.10265947e-04 -1.62346987e-04 -6.74651135e-05
     -1.10799764e-05]
    [-3.10060373e-04 -2.93269918e-04 -1.33230423e-04 -1.34064077e-04
     -1.25399200e-04]
    [-2.43513340e-04 -1.24615468e-04 -3.09930816e-05 -1.30730604e-04
     -1.40613111e-04]
    [-6.92697568e-05  2.86390328e-05  6.92459369e-05 -8.18296953e-05
     -1.54244952e-04]]

   [[-1.41426671e-04 -1.42599588e-04 -1.12045576e-04 -1.03836394e-04
     -9.13469098e-05]
    [-8.64233491e-05 -4.24099537e-05 -2.94839141e-05 -1.14015458e-04
     -1.37064605e-04]
    [ 7.23706934e-05  1.65247530e-04  1.19319778e-04 -1.08639786e-04
     -1.58861358e-04]
    [ 1.09084864e-04  1.95447292e-04  1.45879646e-04 -9.52023886e-05
     -1.42620484e-04]
    [-4.50221784e-05 -1.01249889e-05  2.05223746e-05 -6.99485151e-05
     -5.76921147e-05]]

   [[-9.42899251e-05 -2.61271185e-04 -2.11815146e-04 -1.61953254e-04
     -1.64765742e-04]
    [-1.06943987e-04 -1.39773879e-04 -4.97760133e-05 -1.66120580e-04
     -2.24782725e-04]
    [-2.43862154e-05  4.50912412e-05  6.87233579e-05 -1.45891536e-04
     -2.30231977e-04]
    [ 3.16343913e-05  9.15221228e-05  6.39837406e-05 -1.14362915e-04
     -1.61887834e-04]
    [-4.22279672e-05 -4.15060018e-05 -1.82806965e-05 -4.39371436e-05
     -4.28641838e-05]]

   [[ 8.02378401e-05 -6.99072165e-05 -1.54787694e-04 -2.09990665e-04
     -1.32759311e-04]
    [-2.90472218e-06 -1.35687469e-04 -1.41942553e-04 -1.49212650e-04
     -7.66209760e-05]
    [-9.89253983e-05 -1.72848324e-04 -3.86311629e-05 -4.63493737e-05
     -8.13162113e-05]
    [-1.44118599e-04 -8.23105472e-05  1.21876225e-04  6.42778662e-05
     -1.04011511e-04]
    [-9.07548916e-05  2.76027070e-05  1.29505003e-04  5.25158802e-05
     -1.08575358e-04]]

   [[-1.76771023e-04 -1.66234203e-04 -1.10108857e-04 -1.50320802e-04
     -1.10934037e-04]
    [-1.02257920e-04 -1.54203519e-05 -9.60221534e-06 -1.64572699e-04
     -1.80727717e-04]
    [ 9.70955088e-05  1.76789776e-04  7.68425265e-05 -1.62890603e-04
     -2.02212673e-04]
    [ 1.43116223e-04  1.65230713e-04  6.00785716e-05 -1.46372222e-04
     -1.42742148e-04]
    [-9.94274808e-06 -7.64222094e-06 -3.54038220e-06 -5.83848497e-05
     -2.60770319e-05]]

   [[-1.34834831e-04 -1.25886802e-04 -9.79432801e-05 -9.16685696e-05
     -8.73673503e-05]
    [-5.27384897e-05 -1.73741875e-05  8.70284762e-06 -8.40957338e-05
     -1.52971600e-04]
    [ 1.04864972e-04  1.99477063e-04  1.72055845e-04 -7.71010322e-05
     -1.86611778e-04]
    [ 1.28211871e-04  2.10001508e-04  1.59319323e-04 -8.44141743e-05
     -1.63095564e-04]
    [-4.07770762e-05 -1.17765772e-05  1.66436474e-05 -7.06075192e-05
     -7.61974297e-05]]]


  [[[-4.34320846e-05  3.24085545e-05  5.30119618e-05 -6.15433841e-05
     -1.44522940e-04]
    [ 3.21157135e-05  5.07143426e-05  6.97964255e-05 -4.98024297e-05
     -1.46093280e-04]
    [-1.19324782e-05 -3.85181095e-05  5.42533680e-05 -1.76513225e-05
     -1.23056365e-04]
    [-1.28639606e-04 -1.03261879e-04  7.01808900e-05 -9.84208141e-06
     -1.80227235e-04]
    [-2.38595821e-04 -1.26653293e-04  6.74574342e-05  1.65762994e-06
     -1.37176396e-04]]

   [[ 1.66959358e-06  5.33777026e-05  3.70169940e-05 -8.14215672e-05
     -1.54007903e-04]
    [-8.44257678e-05 -3.48670562e-05  4.44736647e-05 -2.45843496e-05
     -8.03689031e-05]
    [-2.16191276e-04 -1.24894291e-04  4.24876463e-05  2.36208738e-05
     -6.59797268e-05]
    [-2.09852972e-04 -8.02936638e-05  1.14395904e-04  7.69070055e-05
     -3.83622244e-06]
    [-1.83111660e-04 -4.41653050e-05  1.30998775e-04  1.09503032e-04
      8.30465678e-05]]

   [[-1.72682613e-05  3.18383846e-05  8.92894817e-05 -4.33661569e-05
     -1.41008617e-04]
    [-4.64294253e-05 -7.23270956e-05  2.72751579e-05  1.03605997e-05
     -2.56276088e-05]
    [-1.74077777e-04 -1.65373357e-04  3.85645977e-05  6.10307348e-05
     -7.75433205e-06]
    [-2.26296089e-04 -1.45264126e-04  9.87558400e-05  1.16520951e-04
      3.70885355e-05]
    [-1.89935451e-04 -9.45498829e-05  9.39903580e-05  1.23532353e-04
      9.49090745e-05]]

   [[-1.32083210e-04  3.78462846e-06  1.31307057e-04  1.36534828e-04
      4.14114108e-05]
    [-9.37125284e-05  8.52060605e-06  1.20685961e-04  1.15753473e-04
     -5.70401993e-06]
    [-4.62931865e-05 -7.07954006e-06  9.35092771e-05  1.21654115e-04
      2.68621289e-05]
    [-8.89974252e-05 -1.11471043e-04  6.92521214e-05  1.50248771e-04
      6.62528462e-05]
    [-1.30434464e-04 -1.78101640e-04  3.34248773e-05  1.12431281e-04
      1.76411934e-05]]

   [[ 7.79307666e-07  8.26110801e-05  4.88263000e-05 -1.03757529e-04
     -1.61591018e-04]
    [-1.08254782e-04 -5.31468005e-05  2.58780538e-05 -3.27888697e-05
     -4.33888961e-05]
    [-2.54839829e-04 -1.25062069e-04  4.81657171e-05  8.04621758e-06
     -4.57174039e-05]
    [-2.20865025e-04 -3.81273572e-05  1.45413723e-04  5.56641761e-05
     -2.40276457e-05]
    [-1.57194216e-04  1.09543941e-05  1.73164220e-04  9.82721290e-05
      5.67508499e-05]]

   [[-1.84415822e-05  3.45920626e-05  3.08637213e-05 -9.04563089e-05
     -1.60694730e-04]
    [-1.01620043e-04 -5.10492413e-05  3.69160241e-05 -2.67638615e-05
     -7.81825382e-05]
    [-2.37625846e-04 -1.43524068e-04  3.63482765e-05  1.55101086e-05
     -6.82305464e-05]
    [-2.27286251e-04 -8.68220543e-05  1.23062496e-04  7.58280203e-05
     -8.03217049e-06]
    [-1.83722017e-04 -3.38210445e-05  1.47117932e-04  1.21611307e-04
      8.21522815e-05]]]]



 [[[[ 3.55342333e-05  3.88396265e-05  3.74451902e-05  3.32590282e-05
      2.60244363e-05]
    [ 3.82532342e-05  3.49345343e-05  2.60248634e-05  2.18232621e-05
      1.80729657e-05]
    [ 2.54672119e-05  1.99851417e-05  1.58415466e-05  1.51092899e-05
      1.14757480e-05]
    [ 1.83993891e-05  1.86043027e-05  1.73224074e-05  1.52828898e-05
      1.10638446e-05]
    [ 1.81948314e-05  1.79531531e-05  1.79258936e-05  1.71664925e-05
      1.28625403e-05]]

   [[ 9.58783017e-06  1.02377047e-05  1.03003267e-05  7.91563938e-06
      6.54731725e-06]
    [ 1.10951936e-05  1.22818731e-05  1.21736756e-05  1.04457361e-05
      8.84088240e-06]
    [ 1.75538128e-05  1.51185955e-05  1.55897868e-05  1.71804138e-05
      1.51612308e-05]
    [ 1.27324111e-05  1.05088509e-05  1.16733882e-05  1.38575355e-05
      1.31779424e-05]
    [ 1.13297229e-05  1.20761653e-05  1.23783756e-05  1.06479852e-05
      1.21434047e-05]]

   [[ 1.60186402e-05  2.13025712e-05  1.75701731e-05  1.50196399e-05
      1.15005168e-05]
    [ 1.77269125e-05  1.94006202e-05  2.04334606e-05  2.36775786e-05
      1.68363639e-05]
    [ 2.21205061e-05  2.25968609e-05  2.50794719e-05  2.63798741e-05
      2.07570670e-05]
    [ 1.60024025e-05  1.62222384e-05  1.61501144e-05  1.65687148e-05
      1.65003641e-05]
    [ 1.20685759e-05  1.54951264e-05  1.43958840e-05  1.49478979e-05
      1.66560071e-05]]

   [[ 2.61115057e-05  3.02888072e-05  3.66739574e-05  3.35020078e-05
      2.25548521e-05]
    [ 2.59125797e-05  3.38221007e-05  4.02698261e-05  3.23142646e-05
      2.33265673e-05]
    [ 2.95618183e-05  3.62948285e-05  3.48891453e-05  2.95742922e-05
      2.42013783e-05]
    [ 3.28785409e-05  3.66970470e-05  3.04853064e-05  2.67594826e-05
      2.26129536e-05]
    [ 3.55637119e-05  3.79779865e-05  3.12846165e-05  2.78960841e-05
      1.89098624e-05]]

   [[ 1.15227010e-05  1.13249488e-05  1.15103309e-05  8.88839951e-06
      7.23977593e-06]
    [ 1.26824512e-05  1.44347117e-05  1.75700003e-05  1.60927904e-05
      1.33332129e-05]
    [ 1.83776212e-05  1.87170508e-05  2.00839601e-05  1.96976910e-05
      1.91345260e-05]
    [ 1.35731570e-05  1.31737738e-05  1.40433828e-05  1.44761180e-05
      1.78829623e-05]
    [ 1.41168511e-05  1.47519940e-05  1.39479234e-05  1.48149390e-05
      1.78585729e-05]]

   [[ 8.25359958e-06  8.78244290e-06  9.49019193e-06  7.36237191e-06
      6.31267988e-06]
    [ 1.16790272e-05  1.20775627e-05  1.14806517e-05  1.02333610e-05
      9.08104773e-06]
    [ 1.78143819e-05  1.46046042e-05  1.49157239e-05  1.65529369e-05
      1.53265597e-05]
    [ 1.28787756e-05  1.09763136e-05  1.16603028e-05  1.27589655e-05
      1.26218041e-05]
    [ 1.23173907e-05  1.33338016e-05  1.30012081e-05  1.07089642e-05
      1.17997628e-05]]]


  [[[ 3.39666228e-05  3.06587117e-05  2.42454765e-05  1.85614046e-05
      1.74846688e-05]
    [ 3.08053342e-05  2.67348459e-05  1.88497023e-05  1.56746440e-05
      1.49385304e-05]
    [ 2.55068144e-05  2.14390607e-05  1.40816436e-05  1.39953752e-05
      1.23948373e-05]
    [ 2.21096397e-05  1.47805470e-05  1.10571931e-05  1.15959940e-05
      1.22576163e-05]
    [ 1.57906719e-05  1.07632655e-05  1.17005750e-05  1.20480184e-05
      1.40091322e-05]]

   [[ 1.10225269e-05  1.26538792e-05  1.32891921e-05  1.08038991e-05
      8.35535527e-06]
    [ 1.39824425e-05  1.24709834e-05  1.26004808e-05  1.19502771e-05
      1.10185834e-05]
    [ 1.65614584e-05  1.18382123e-05  1.18288439e-05  1.37580511e-05
      1.71991041e-05]
    [ 1.59051410e-05  1.26785468e-05  1.13548957e-05  1.41259255e-05
      1.84052316e-05]
    [ 1.76347926e-05  1.48977081e-05  1.11487587e-05  1.21372363e-05
      1.57809416e-05]]

   [[ 1.86944719e-05  2.52823014e-05  2.25965175e-05  1.86106400e-05
      1.52133725e-05]
    [ 2.41037172e-05  2.46505744e-05  1.88969391e-05  2.24312653e-05
      1.99174220e-05]
    [ 2.84975678e-05  2.08011148e-05  1.67941662e-05  2.15292742e-05
      2.17866342e-05]
    [ 2.22666224e-05  1.61932038e-05  1.62984908e-05  1.85350036e-05
      2.10522124e-05]
    [ 2.21247844e-05  2.07505448e-05  1.91144308e-05  1.80748820e-05
      2.07286457e-05]]

   [[ 3.52735716e-05  3.68383625e-05  3.88465270e-05  3.44094873e-05
      2.43820273e-05]
    [ 3.57000650e-05  3.96399449e-05  4.11200848e-05  3.23056595e-05
      2.48175026e-05]
    [ 4.25353678e-05  4.73374835e-05  4.05331874e-05  3.07917268e-05
      2.35289511e-05]
    [ 4.92909327e-05  5.09922818e-05  3.52221520e-05  2.62916114e-05
      2.08224376e-05]
    [ 4.58311301e-05  4.56921205e-05  3.06689825e-05  2.36651213e-05
      1.75967794e-05]]

   [[ 1.39405758e-05  1.43066713e-05  1.38229616e-05  1.30952649e-05
      1.20224950e-05]
    [ 1.76481045e-05  1.44703337e-05  1.50013853e-05  1.65972514e-05
      1.81811671e-05]
    [ 1.89817035e-05  1.42528962e-05  1.61854137e-05  1.93743709e-05
      2.57525234e-05]
    [ 1.62680494e-05  1.59692324e-05  1.67332021e-05  2.02537138e-05
      2.72007597e-05]
    [ 2.02859307e-05  1.95165502e-05  1.65191805e-05  2.10512460e-05
      2.44408575e-05]]

   [[ 1.01254519e-05  1.14025237e-05  1.23354512e-05  1.05755445e-05
      8.75248239e-06]
    [ 1.32175298e-05  1.15101178e-05  1.18750706e-05  1.13350684e-05
      1.16015827e-05]
    [ 1.61146970e-05  1.17001097e-05  1.16051249e-05  1.36083258e-05
      1.82914803e-05]
    [ 1.60786299e-05  1.30699558e-05  1.13161343e-05  1.48414306e-05
      1.89020921e-05]
    [ 1.88113918e-05  1.56424847e-05  1.16314365e-05  1.28865906e-05
      1.59173401e-05]]]


  [[[ 2.72534715e-05  2.17088505e-05  1.72130755e-05  1.47133221e-05
      1.22483411e-05]
    [ 1.88112052e-05  1.70627837e-05  1.93017566e-05  1.67792526e-05
      1.27422024e-05]
    [ 1.52752120e-05  1.81970561e-05  1.89191189e-05  1.39133862e-05
      9.59637498e-06]
    [ 1.78069398e-05  2.28225886e-05  1.88766698e-05  1.26692366e-05
      8.59873564e-06]
    [ 1.65888003e-05  1.65203980e-05  1.14109608e-05  1.05701936e-05
      9.26296571e-06]]

   [[ 1.12608281e-05  1.21984564e-05  1.41473131e-05  9.58463121e-06
      6.62931799e-06]
    [ 1.59403858e-05  1.83024188e-05  1.69531867e-05  1.12699826e-05
      7.62682907e-06]
    [ 1.42898378e-05  1.31388053e-05  1.16749581e-05  1.02880158e-05
      7.97641518e-06]
    [ 8.92003035e-06  8.04586635e-06  8.18366942e-06  1.02812633e-05
      1.17101405e-05]
    [ 9.20967403e-06  1.10896742e-05  1.37063475e-05  1.58450166e-05
      1.79318018e-05]]

   [[ 1.77461526e-05  1.90778618e-05  1.84690127e-05  1.59863718e-05
      1.20559711e-05]
    [ 1.63453268e-05  2.10078935e-05  2.28630176e-05  1.97233596e-05
      1.24602477e-05]
    [ 1.59231958e-05  2.31509113e-05  2.05753481e-05  1.51941417e-05
      1.24365693e-05]
    [ 1.33826291e-05  1.84861719e-05  1.42724207e-05  1.35972194e-05
      1.52065946e-05]
    [ 1.25877919e-05  1.65377687e-05  1.47781490e-05  1.65722294e-05
      2.01987789e-05]]

   [[ 2.81838466e-05  2.86177434e-05  2.70408235e-05  2.26166566e-05
      1.58724495e-05]
    [ 2.62178837e-05  2.49421701e-05  2.69435323e-05  2.62698359e-05
      1.63099888e-05]
    [ 2.44518274e-05  2.77993832e-05  3.09281675e-05  2.74802121e-05
      1.71494940e-05]
    [ 2.58182216e-05  2.88669101e-05  2.87576161e-05  2.20695249e-05
      1.47941556e-05]
    [ 2.66748326e-05  2.78020340e-05  2.34643674e-05  1.77439072e-05
      1.20805715e-05]]

   [[ 1.23131741e-05  1.36074470e-05  1.46447684e-05  1.08517778e-05
      8.97975099e-06]
    [ 1.69748374e-05  1.94612742e-05  1.97219619e-05  1.43465823e-05
      1.08935968e-05]
    [ 1.69100637e-05  1.65420809e-05  1.54630901e-05  1.37575780e-05
      1.17586427e-05]
    [ 1.07023616e-05  9.31486695e-06  1.00881179e-05  1.28046089e-05
      1.66337622e-05]
    [ 1.06513207e-05  1.22068533e-05  1.48472173e-05  1.66353757e-05
      2.25171703e-05]]

   [[ 1.19685098e-05  1.29095431e-05  1.38600261e-05  9.10698103e-06
      6.27864593e-06]
    [ 1.58903781e-05  1.75905418e-05  1.63049066e-05  1.07559673e-05
      7.48404616e-06]
    [ 1.36380256e-05  1.19940403e-05  1.08893184e-05  9.77556431e-06
      8.05420225e-06]
    [ 8.90864986e-06  8.14272223e-06  8.71311401e-06  1.07812537e-05
      1.18390408e-05]
    [ 9.55915493e-06  1.11322396e-05  1.41034521e-05  1.59335115e-05
      1.69292409e-05]]]


  [[[ 3.20131500e-05  3.18321587e-05  3.33944177e-05  2.49866852e-05
      1.75497105e-05]
    [ 3.27453914e-05  3.12498206e-05  2.55302319e-05  1.75529238e-05
      1.51856208e-05]
    [ 2.62172994e-05  2.14604665e-05  1.35203182e-05  1.31711738e-05
      1.52690473e-05]
    [ 2.34529039e-05  1.47074010e-05  9.97913170e-06  1.19858232e-05
      1.66962445e-05]
    [ 1.94671819e-05  1.02851486e-05  9.90880269e-06  1.40099677e-05
      1.92554316e-05]]

   [[ 9.60693776e-06  8.90490172e-06  9.86988400e-06  1.01407822e-05
      1.07725848e-05]
    [ 1.00241384e-05  7.05605178e-06  8.76422866e-06  1.28321014e-05
      1.55236434e-05]
    [ 1.27378266e-05  9.35291853e-06  1.07414766e-05  1.30583049e-05
      1.73772898e-05]
    [ 1.16405486e-05  9.92974843e-06  1.20473025e-05  1.61400741e-05
      1.95541559e-05]
    [ 1.41867371e-05  1.26472668e-05  1.14381095e-05  1.57455363e-05
      1.78422899e-05]]

   [[ 1.92921446e-05  2.13806777e-05  2.31547246e-05  1.82496173e-05
      1.53356864e-05]
    [ 2.30004572e-05  2.32086075e-05  1.65969213e-05  1.78275011e-05
      2.18697809e-05]
    [ 2.90544343e-05  2.29662943e-05  1.54044738e-05  1.84407266e-05
      2.49441545e-05]
    [ 2.70882344e-05  1.84268029e-05  1.45124797e-05  1.98844352e-05
      2.52456684e-05]
    [ 2.53649364e-05  1.87567977e-05  1.43526740e-05  1.94568702e-05
      2.21517755e-05]]

   [[ 3.10300226e-05  3.09634570e-05  3.43455578e-05  3.31575423e-05
      2.60412526e-05]
    [ 3.21004819e-05  3.39229582e-05  3.68174388e-05  2.95778397e-05
      2.43674204e-05]
    [ 3.66449763e-05  4.03177642e-05  3.46497191e-05  2.56372686e-05
      2.26713926e-05]
    [ 4.14349983e-05  4.54504414e-05  3.19869315e-05  2.25984607e-05
      1.99407802e-05]
    [ 4.18873809e-05  4.43893190e-05  3.18340405e-05  2.06141474e-05
      1.69059834e-05]]

   [[ 1.27187970e-05  1.32649615e-05  1.36803983e-05  1.40710842e-05
      1.56866244e-05]
    [ 1.41799314e-05  1.12862202e-05  1.37644561e-05  1.99770978e-05
      2.50419648e-05]
    [ 1.72024159e-05  1.33395895e-05  1.68726557e-05  2.24740297e-05
      2.96092239e-05]
    [ 1.60006850e-05  1.56250905e-05  1.96991096e-05  2.55115559e-05
      2.85163194e-05]
    [ 1.73843333e-05  1.65898119e-05  1.71619713e-05  2.30054869e-05
      2.24721529e-05]]

   [[ 8.09687144e-06  7.35415927e-06  8.95609249e-06  1.01438574e-05
      1.12509150e-05]
    [ 8.76821411e-06  6.41250481e-06  8.88047177e-06  1.29622286e-05
      1.59795975e-05]
    [ 1.20364699e-05  9.56602891e-06  1.15101750e-05  1.34477702e-05
      1.84410454e-05]
    [ 1.13185435e-05  9.91674179e-06  1.22145137e-05  1.69865458e-05
      2.02835523e-05]
    [ 1.46503249e-05  1.31307501e-05  1.20749325e-05  1.64794888e-05
      1.81418495e-05]]]


  [[[ 3.30506156e-05  3.55586944e-05  3.16041987e-05  2.35270132e-05
      1.82317696e-05]
    [ 3.22433570e-05  3.14778849e-05  2.29496910e-05  1.60783319e-05
      1.44429810e-05]
    [ 2.91710006e-05  2.56587097e-05  1.80345001e-05  1.43878617e-05
      1.17795213e-05]
    [ 2.60243689e-05  2.11417301e-05  1.57777278e-05  1.27827467e-05
      1.08863321e-05]
    [ 2.09746550e-05  1.58614476e-05  1.41380329e-05  1.40698508e-05
      1.31477325e-05]]

   [[ 1.21346799e-05  1.33892742e-05  1.19852951e-05  7.37745800e-06
      6.39670663e-06]
    [ 1.60069544e-05  1.63143179e-05  1.44422828e-05  1.16591514e-05
      1.04101380e-05]
    [ 1.75461084e-05  1.38313660e-05  1.42611954e-05  1.52659967e-05
      1.45814122e-05]
    [ 1.22959792e-05  1.03713045e-05  1.11151358e-05  1.24954136e-05
      1.47197319e-05]
    [ 1.11405551e-05  1.11990267e-05  1.08375350e-05  1.02575891e-05
      1.53483728e-05]]

   [[ 2.15984585e-05  2.85780315e-05  2.12238690e-05  1.42095475e-05
      1.27696155e-05]
    [ 2.54099328e-05  2.81314886e-05  2.38199923e-05  2.43764437e-05
      1.87902292e-05]
    [ 3.00819445e-05  2.62094211e-05  2.33282724e-05  2.30978984e-05
      2.11426841e-05]
    [ 2.07351505e-05  1.75133943e-05  1.54644493e-05  1.64287315e-05
      2.12379019e-05]
    [ 1.57310253e-05  1.79512487e-05  1.45551592e-05  1.57106020e-05
      2.29721384e-05]]

   [[ 3.32950079e-05  4.14038217e-05  4.82716118e-05  3.94754414e-05
      2.21620056e-05]
    [ 3.13051592e-05  4.26993727e-05  4.93671413e-05  3.71139355e-05
      2.29168162e-05]
    [ 3.56361925e-05  4.58373012e-05  4.21903229e-05  3.13274955e-05
      2.33239045e-05]
    [ 4.37708041e-05  4.92546349e-05  3.62049004e-05  2.45419387e-05
      1.99471197e-05]
    [ 4.72023235e-05  4.70191548e-05  3.00348328e-05  2.12957403e-05
      1.62989861e-05]]

   [[ 1.46255020e-05  1.38573596e-05  1.19164731e-05  1.00122377e-05
      9.97816734e-06]
    [ 1.86362790e-05  1.74995236e-05  1.82671213e-05  1.85147658e-05
      1.63452210e-05]
    [ 1.93914280e-05  1.73679300e-05  1.90520765e-05  1.98659846e-05
      2.14057411e-05]
    [ 1.35574043e-05  1.32294627e-05  1.38103391e-05  1.61488133e-05
      2.36438817e-05]
    [ 1.50358718e-05  1.53086628e-05  1.26488658e-05  1.76198746e-05
      2.54398699e-05]]

   [[ 1.12526670e-05  1.19769549e-05  1.09535003e-05  7.12592300e-06
      6.55584769e-06]
    [ 1.57052925e-05  1.53396974e-05  1.35403978e-05  1.15362330e-05
      1.08481986e-05]
    [ 1.74692263e-05  1.34500551e-05  1.38347840e-05  1.50684134e-05
      1.50274196e-05]
    [ 1.22926319e-05  1.05558631e-05  1.08669915e-05  1.20925204e-05
      1.47019910e-05]
    [ 1.21549673e-05  1.23404333e-05  1.13701245e-05  1.04591188e-05
      1.52525332e-05]]]


  [[[ 3.59603924e-05  3.79956388e-05  4.01725258e-05  3.76158631e-05
      3.21290655e-05]
    [ 3.40199248e-05  3.15726828e-05  2.50818529e-05  2.08065222e-05
      2.12749886e-05]
    [ 2.26021583e-05  1.59980779e-05  1.39691417e-05  1.28886232e-05
      1.25912358e-05]
    [ 1.19534343e-05  1.18516609e-05  1.56936215e-05  1.47171941e-05
      1.52395561e-05]
    [ 1.14729979e-05  1.14610672e-05  1.43477180e-05  1.92659636e-05
      1.93798643e-05]]

   [[ 5.80521522e-06  6.60405684e-06  6.84971284e-06  5.47851221e-06
      6.25836457e-06]
    [ 5.19152201e-06  7.75271754e-06  1.00778086e-05  9.06757361e-06
      1.07162001e-05]
    [ 8.98264678e-06  8.67999557e-06  1.03775574e-05  1.23993360e-05
      1.43174248e-05]
    [ 1.16506299e-05  1.18799144e-05  1.63622647e-05  2.23908307e-05
      1.93226189e-05]
    [ 1.35021534e-05  1.70290174e-05  1.98568979e-05  2.03330590e-05
      1.74936072e-05]]

   [[ 1.05398806e-05  1.29452734e-05  1.42458184e-05  1.38223289e-05
      1.20436792e-05]
    [ 1.09288836e-05  1.04781577e-05  1.37003365e-05  1.68011480e-05
      1.59278499e-05]
    [ 1.31507473e-05  1.27380940e-05  1.46241569e-05  1.72302875e-05
      2.06653194e-05]
    [ 1.34213998e-05  1.41486238e-05  1.74195844e-05  2.44968208e-05
      2.45574968e-05]
    [ 1.39494817e-05  1.59709936e-05  1.91620983e-05  2.15395301e-05
      1.73020163e-05]]

   [[ 2.10036451e-05  2.16347787e-05  2.76527084e-05  3.27227579e-05
      3.02820613e-05]
    [ 2.42217947e-05  2.43957653e-05  2.80333790e-05  2.69696577e-05
      2.58213159e-05]
    [ 2.31074030e-05  2.07563994e-05  2.09440563e-05  2.26213204e-05
      2.50763624e-05]
    [ 2.18800729e-05  1.84116622e-05  2.06906870e-05  2.75243348e-05
      2.99964911e-05]
    [ 2.90484877e-05  2.65731320e-05  2.74874811e-05  3.19709287e-05
      2.89666925e-05]]

   [[ 7.43185593e-06  9.18782994e-06  9.12060329e-06  7.76991132e-06
      8.66364826e-06]
    [ 6.22749458e-06  8.67459614e-06  1.25320033e-05  1.24683364e-05
      1.53763684e-05]
    [ 9.88506697e-06  1.04086308e-05  1.34652213e-05  1.68479983e-05
      1.93551673e-05]
    [ 1.27015426e-05  1.39703939e-05  1.95720486e-05  2.62458741e-05
      2.13471038e-05]
    [ 1.42633528e-05  1.92379806e-05  2.20443044e-05  1.91475882e-05
      1.43297466e-05]]

   [[ 4.88015248e-06  6.00545734e-06  6.54504821e-06  5.09554348e-06
      6.15083705e-06]
    [ 5.11798652e-06  7.90678241e-06  1.01785928e-05  9.08638389e-06
      1.09554994e-05]
    [ 9.24033226e-06  8.93931870e-06  1.04728555e-05  1.25436684e-05
      1.50530771e-05]
    [ 1.21026612e-05  1.24535613e-05  1.66936974e-05  2.19485840e-05
      1.98042127e-05]
    [ 1.44949614e-05  1.85765347e-05  1.93793373e-05  1.93809936e-05
      1.75282042e-05]]]


  [[[ 1.97825112e-05  1.96020761e-05  1.93934925e-05  1.83889755e-05
      1.91115655e-05]
    [ 1.66916138e-05  1.72447930e-05  1.65939831e-05  1.36580837e-05
      1.28658272e-05]
    [ 1.29727209e-05  1.29657262e-05  1.26708881e-05  8.48764935e-06
      7.07286027e-06]
    [ 1.20322113e-05  1.39615924e-05  1.41966893e-05  9.16879993e-06
      8.18001310e-06]
    [ 9.66718448e-06  1.14219604e-05  1.34698271e-05  1.22938609e-05
      1.03307694e-05]]

   [[ 8.07704626e-06  8.69193474e-06  8.79294941e-06  6.13501103e-06
      6.65642561e-06]
    [ 1.24759719e-05  1.48183689e-05  1.34646315e-05  8.73434737e-06
      8.71406222e-06]
    [ 9.44960820e-06  9.57808554e-06  1.32674784e-05  1.38422707e-05
      1.24934982e-05]
    [ 8.86493368e-06  8.64760689e-06  1.04771748e-05  1.11095165e-05
      9.50065795e-06]
    [ 1.02597467e-05  1.44370993e-05  1.66785517e-05  1.48010638e-05
      1.27302653e-05]]

   [[ 1.34415486e-05  1.32932670e-05  1.29336765e-05  1.04989130e-05
      1.01366306e-05]
    [ 1.31273163e-05  1.45948398e-05  1.78391320e-05  1.76933010e-05
      1.23519008e-05]
    [ 1.15781458e-05  1.20004161e-05  1.77061397e-05  1.75082976e-05
      1.48419396e-05]
    [ 9.66827010e-06  1.11579501e-05  1.53350836e-05  1.41077764e-05
      1.29671367e-05]
    [ 9.12023388e-06  1.30246638e-05  1.67603674e-05  1.64148713e-05
      1.44786529e-05]]

   [[ 1.80194296e-05  1.94734408e-05  1.95136601e-05  1.54725859e-05
      1.17802065e-05]
    [ 1.59317399e-05  1.63872900e-05  2.07322679e-05  1.70465349e-05
      1.16551083e-05]
    [ 1.68454836e-05  1.78390315e-05  2.09561839e-05  1.84149976e-05
      1.24191551e-05]
    [ 1.78937628e-05  1.75429493e-05  1.76621063e-05  1.49030834e-05
      1.09520548e-05]
    [ 1.88479060e-05  1.61227411e-05  1.58053310e-05  1.63211494e-05
      1.31009635e-05]]

   [[ 8.48820089e-06  9.12322784e-06  8.85303427e-06  6.77428493e-06
      7.11109972e-06]
    [ 1.21931843e-05  1.47758480e-05  1.56977505e-05  1.34699546e-05
      1.08918244e-05]
    [ 9.90433618e-06  1.14930144e-05  1.61242135e-05  1.64672743e-05
      1.43884602e-05]
    [ 8.87303220e-06  9.87493912e-06  1.28022721e-05  1.39933416e-05
      1.30956961e-05]
    [ 1.01933114e-05  1.35565433e-05  1.75349557e-05  1.64022127e-05
      1.60235898e-05]]

   [[ 8.22439486e-06  8.89140233e-06  8.58644383e-06  5.52909039e-06
      6.36195152e-06]
    [ 1.31357510e-05  1.49616512e-05  1.36797206e-05  9.05693563e-06
      8.89793671e-06]
    [ 9.40504169e-06  8.88536366e-06  1.28013365e-05  1.40655345e-05
      1.31634614e-05]
    [ 9.28745717e-06  8.90768758e-06  1.10860148e-05  1.16437298e-05
      9.51298142e-06]
    [ 1.09500836e-05  1.47940655e-05  1.75284193e-05  1.48408886e-05
      1.19556647e-05]]]


  [[[ 2.99083860e-05  2.85618879e-05  2.59236619e-05  2.74812780e-05
      2.49351685e-05]
    [ 2.86361580e-05  2.55284442e-05  2.22248848e-05  2.00644265e-05
      1.58392058e-05]
    [ 2.52911333e-05  2.38500508e-05  2.04583566e-05  1.34525211e-05
      1.43915563e-05]
    [ 2.34866069e-05  2.28735626e-05  1.57486611e-05  9.56729132e-06
      1.72589480e-05]
    [ 1.86759197e-05  1.77091636e-05  1.64608221e-05  1.49971801e-05
      1.70100161e-05]]

   [[ 1.20455145e-05  1.22179587e-05  1.36696812e-05  1.14004853e-05
      9.08065093e-06]
    [ 2.05478406e-05  2.28667540e-05  1.91062858e-05  1.49480820e-05
      1.74817541e-05]
    [ 2.31094106e-05  1.97756225e-05  1.65589397e-05  1.94040457e-05
      2.38094421e-05]
    [ 1.72475503e-05  1.53088208e-05  1.99363048e-05  2.12703809e-05
      1.85918370e-05]
    [ 2.04891603e-05  2.08080192e-05  2.03013148e-05  1.54918502e-05
      1.74785150e-05]]

   [[ 2.33067154e-05  2.72447282e-05  2.34774990e-05  1.78770426e-05
      1.35870046e-05]
    [ 2.74063126e-05  3.09493577e-05  3.16117107e-05  2.63233855e-05
      2.14298861e-05]
    [ 2.84884318e-05  2.98229347e-05  3.14721897e-05  2.64629980e-05
      2.72932820e-05]
    [ 2.27153773e-05  2.45307954e-05  2.86775630e-05  2.16144721e-05
      2.13391416e-05]
    [ 2.27988036e-05  2.67987663e-05  3.05433055e-05  1.99284876e-05
      2.12532832e-05]]

   [[ 4.03431766e-05  3.86023410e-05  3.50651586e-05  3.76979420e-05
      2.78018130e-05]
    [ 3.56496936e-05  3.46535749e-05  3.56751330e-05  3.85326736e-05
      2.65808006e-05]
    [ 4.06418690e-05  3.84073365e-05  3.62869703e-05  3.28619644e-05
      1.94219879e-05]
    [ 4.62865884e-05  3.99841021e-05  3.20517216e-05  2.36879862e-05
      1.55087888e-05]
    [ 3.74019025e-05  3.48933028e-05  2.61476370e-05  2.13583232e-05
      1.56890888e-05]]

   [[ 1.49635426e-05  1.27916360e-05  1.43433794e-05  1.30564825e-05
      1.34629463e-05]
    [ 2.29681705e-05  2.33416213e-05  2.19319957e-05  2.04560382e-05
      2.46637494e-05]
    [ 2.45797577e-05  2.50076614e-05  2.47908588e-05  2.80401303e-05
      3.28251530e-05]
    [ 1.79057943e-05  2.11481314e-05  2.68284135e-05  2.55860817e-05
      2.75889290e-05]
    [ 2.12902215e-05  2.59974014e-05  2.65256319e-05  2.35727860e-05
      2.68843268e-05]]

   [[ 1.19050448e-05  1.18802038e-05  1.28138430e-05  1.08503245e-05
      9.52650589e-06]
    [ 2.16257576e-05  2.28826774e-05  1.82124283e-05  1.56370456e-05
      1.87309285e-05]
    [ 2.33293252e-05  1.95409562e-05  1.58524328e-05  1.98706069e-05
      2.48153456e-05]
    [ 1.75459371e-05  1.64576768e-05  1.97645963e-05  2.04299457e-05
      1.89350936e-05]
    [ 2.22260441e-05  2.32201110e-05  2.08489344e-05  1.67447844e-05
      1.89415284e-05]]]


  [[[ 2.39396602e-05  2.44078988e-05  2.44956617e-05  2.18168578e-05
      1.84291082e-05]
    [ 2.27879321e-05  2.28917839e-05  1.96618933e-05  1.62672188e-05
      1.51086009e-05]
    [ 1.79546822e-05  1.68777706e-05  1.43740281e-05  1.36342090e-05
      1.16970089e-05]
    [ 1.63102589e-05  1.77752241e-05  1.60650811e-05  1.37433200e-05
      1.09350895e-05]
    [ 1.60358799e-05  1.59278720e-05  1.56576357e-05  1.53410126e-05
      1.21416314e-05]]

   [[ 8.09962024e-06  8.72566778e-06  8.93964633e-06  7.37699295e-06
      7.85540812e-06]
    [ 1.11780448e-05  1.29101854e-05  1.16222553e-05  9.48636413e-06
      9.21978221e-06]
    [ 1.42470515e-05  1.19952702e-05  1.27601184e-05  1.43231740e-05
      1.30559639e-05]
    [ 1.00637003e-05  8.82798331e-06  1.00428978e-05  1.12862954e-05
      1.05299886e-05]
    [ 1.13389936e-05  1.38965634e-05  1.38186167e-05  1.03330173e-05
      1.06904000e-05]]

   [[ 1.42984468e-05  1.71905516e-05  1.45639636e-05  1.22877917e-05
      1.14668531e-05]
    [ 1.55116974e-05  1.83250834e-05  1.90176288e-05  2.14350866e-05
      1.53101700e-05]
    [ 1.95177956e-05  1.97611280e-05  2.13408004e-05  2.18713850e-05
      1.76603193e-05]
    [ 1.48173263e-05  1.47717109e-05  1.47641631e-05  1.49902293e-05
      1.50359198e-05]
    [ 1.26906553e-05  1.73827698e-05  1.70566704e-05  1.51718754e-05
      1.61320819e-05]]

   [[ 2.49207050e-05  2.73077612e-05  2.97352623e-05  2.48900628e-05
      1.49929694e-05]
    [ 2.30311854e-05  2.76964500e-05  3.25329105e-05  2.54267137e-05
      1.66518707e-05]
    [ 2.41972738e-05  2.93721279e-05  2.77666258e-05  2.28600115e-05
      1.81447554e-05]
    [ 2.71634446e-05  3.01206799e-05  2.37414345e-05  1.84550548e-05
      1.63422029e-05]
    [ 2.89814096e-05  3.06639005e-05  2.30332800e-05  1.93356709e-05
      1.54126164e-05]]

   [[ 9.41067593e-06  9.57031423e-06  1.00742236e-05  9.08289473e-06
      9.60175435e-06]
    [ 1.22702609e-05  1.35661320e-05  1.61316349e-05  1.59324197e-05
      1.34750177e-05]
    [ 1.52927455e-05  1.52455481e-05  1.75280882e-05  1.78356559e-05
      1.71399392e-05]
    [ 1.10667430e-05  1.15208498e-05  1.33523463e-05  1.34331033e-05
      1.58942275e-05]
    [ 1.37704285e-05  1.61459322e-05  1.57834020e-05  1.44265652e-05
      1.74516149e-05]]

   [[ 7.64475532e-06  7.94453687e-06  8.11126352e-06  6.79210343e-06
      7.79869874e-06]
    [ 1.17025298e-05  1.24353410e-05  1.09775634e-05  9.48193022e-06
      9.48980684e-06]
    [ 1.42452350e-05  1.14222143e-05  1.23253939e-05  1.41509756e-05
      1.35811791e-05]
    [ 1.02068763e-05  9.14049787e-06  1.02760663e-05  1.10894440e-05
      1.04662257e-05]
    [ 1.26473242e-05  1.53013621e-05  1.50547108e-05  1.07354402e-05
      1.05069739e-05]]]


  [[[ 4.18477228e-05  3.59827828e-05  2.93205059e-05  2.29392548e-05
      1.92359144e-05]
    [ 2.91822240e-05  2.49559627e-05  2.24027148e-05  1.84180528e-05
      1.77259402e-05]
    [ 2.20554085e-05  2.27760716e-05  2.29409739e-05  1.93733881e-05
      1.61071644e-05]
    [ 2.38170951e-05  2.85663275e-05  2.57277133e-05  1.83856608e-05
      1.42971140e-05]
    [ 2.00370109e-05  1.97544746e-05  1.38893401e-05  1.25102498e-05
      1.30644893e-05]]

   [[ 1.23140123e-05  1.29334088e-05  1.40430844e-05  1.00219577e-05
      9.13221231e-06]
    [ 1.63162379e-05  1.94479216e-05  2.02237473e-05  1.59942712e-05
      1.22552409e-05]
    [ 1.69665424e-05  1.60438936e-05  1.48486686e-05  1.45284817e-05
      1.25617322e-05]
    [ 1.23130773e-05  1.05043666e-05  1.06915318e-05  1.44173053e-05
      1.61404448e-05]
    [ 1.22903941e-05  1.35667102e-05  1.55090893e-05  1.76524990e-05
      1.87588039e-05]]

   [[ 2.31447007e-05  2.49786579e-05  2.38794891e-05  2.05655362e-05
      1.69786838e-05]
    [ 2.13263281e-05  2.55951875e-05  2.87826546e-05  2.97757322e-05
      2.19861810e-05]
    [ 2.27131268e-05  2.95981577e-05  2.86233744e-05  2.51689934e-05
      2.26473267e-05]
    [ 1.93498323e-05  2.42497078e-05  2.07995904e-05  2.03015136e-05
      2.23515052e-05]
    [ 1.85888309e-05  2.21701380e-05  2.05554614e-05  2.11282041e-05
      2.23018161e-05]]

   [[ 4.21521423e-05  4.22840291e-05  4.09844865e-05  3.49238499e-05
      2.48633198e-05]
    [ 4.09416758e-05  3.69586551e-05  3.52020043e-05  3.27180743e-05
      2.46597940e-05]
    [ 3.56907561e-05  3.49891743e-05  3.46253158e-05  3.26317473e-05
      2.63772391e-05]
    [ 3.64808060e-05  3.80967322e-05  3.77741018e-05  3.27297988e-05
      2.54518904e-05]
    [ 4.03498921e-05  4.00088291e-05  3.53021630e-05  2.87226023e-05
      2.17549332e-05]]

   [[ 1.45736983e-05  1.56292783e-05  1.52385777e-05  1.26328294e-05
      1.29538239e-05]
    [ 1.83649192e-05  2.16397111e-05  2.50269458e-05  2.23065709e-05
      1.84670876e-05]
    [ 2.08184571e-05  2.18958984e-05  2.24069513e-05  2.15109650e-05
      2.01204149e-05]
    [ 1.52393849e-05  1.42357621e-05  1.57167866e-05  1.92040274e-05
      2.21538110e-05]
    [ 1.54988260e-05  1.74336093e-05  1.86186355e-05  1.97503514e-05
      2.37399456e-05]]

   [[ 1.25361427e-05  1.32192140e-05  1.37148212e-05  9.88992239e-06
      8.89270149e-06]
    [ 1.66781747e-05  1.92736901e-05  2.02101942e-05  1.55512183e-05
      1.20988640e-05]
    [ 1.66087154e-05  1.47845866e-05  1.39330118e-05  1.38953411e-05
      1.28200642e-05]
    [ 1.23667099e-05  1.04961567e-05  1.10852072e-05  1.44153481e-05
      1.59804122e-05]
    [ 1.28435648e-05  1.41033343e-05  1.57412027e-05  1.73566846e-05
      1.79108329e-05]]]


  [[[ 4.51552759e-05  4.68246152e-05  4.32940847e-05  3.93716159e-05
      3.44950059e-05]
    [ 4.27287319e-05  3.82706513e-05  2.92340127e-05  2.38939643e-05
      2.28905125e-05]
    [ 3.10249832e-05  2.10095121e-05  1.75042423e-05  1.42228229e-05
      1.36931344e-05]
    [ 1.69900833e-05  1.51446012e-05  1.70916944e-05  1.50456956e-05
      1.65215861e-05]
    [ 1.30123877e-05  1.37180092e-05  1.40711401e-05  1.67593295e-05
      1.70760133e-05]]

   [[ 7.99752581e-06  8.80525652e-06  8.29335299e-06  6.47304661e-06
      6.38516028e-06]
    [ 7.40642916e-06  9.92042230e-06  1.18210922e-05  8.69658862e-06
      1.13174316e-05]
    [ 9.48368620e-06  8.34092187e-06  8.31098525e-06  8.23924962e-06
      1.23171254e-05]
    [ 1.03285170e-05  1.13080396e-05  1.45058158e-05  1.72006701e-05
      1.43806163e-05]
    [ 1.23786244e-05  1.55672802e-05  1.97762669e-05  2.11964515e-05
      1.79427751e-05]]

   [[ 1.60610545e-05  1.91942895e-05  1.79529524e-05  1.54188080e-05
      1.20536671e-05]
    [ 1.73229826e-05  1.54894453e-05  1.75791775e-05  1.71488446e-05
      1.82287147e-05]
    [ 1.73046216e-05  1.37920274e-05  1.31019339e-05  1.38214801e-05
      2.05257787e-05]
    [ 1.36223442e-05  1.42772425e-05  1.57358656e-05  2.00211339e-05
      1.91184180e-05]
    [ 1.75440668e-05  1.77708445e-05  1.99457655e-05  2.16336566e-05
      1.58854318e-05]]

   [[ 2.39127183e-05  3.16649652e-05  3.94885979e-05  3.59256619e-05
      3.17527124e-05]
    [ 2.98874868e-05  3.53231108e-05  3.76901854e-05  3.11729986e-05
      2.95600534e-05]
    [ 3.42640241e-05  3.25902923e-05  2.92495154e-05  2.84004344e-05
      2.78982081e-05]
    [ 3.59193247e-05  3.04383027e-05  2.82163323e-05  3.17136172e-05
      3.05609383e-05]
    [ 4.19325705e-05  3.67284226e-05  3.27692864e-05  3.47517182e-05
      2.92032723e-05]]

   [[ 9.77845302e-06  1.18698466e-05  1.12069867e-05  7.68653492e-06
      8.82845291e-06]
    [ 8.89422045e-06  1.13045986e-05  1.34845393e-05  1.18159552e-05
      1.85043871e-05]
    [ 1.01162155e-05  9.56805367e-06  9.46348556e-06  1.30697130e-05
      2.04821923e-05]
    [ 1.16026120e-05  1.19983065e-05  1.39338480e-05  1.91768495e-05
      1.66695014e-05]
    [ 1.52803464e-05  1.87415732e-05  2.23388730e-05  1.94560046e-05
      1.43407324e-05]]

   [[ 7.08913042e-06  8.40012668e-06  7.86160061e-06  5.76492483e-06
      6.10771330e-06]
    [ 7.24199239e-06  1.03590889e-05  1.21260723e-05  8.72198476e-06
      1.18774064e-05]
    [ 9.72415546e-06  8.38465018e-06  7.93618351e-06  8.22706858e-06
      1.28925406e-05]
    [ 1.06302130e-05  1.17743459e-05  1.42609785e-05  1.64628586e-05
      1.47403346e-05]
    [ 1.36854164e-05  1.71455378e-05  1.94553269e-05  2.01740612e-05
      1.82712510e-05]]]


  [[[ 3.08034726e-05  3.54483049e-05  3.43952326e-05  3.30077223e-05
      3.07043624e-05]
    [ 3.26653218e-05  3.19565607e-05  2.29392109e-05  1.90102545e-05
      2.09779555e-05]
    [ 2.39514548e-05  1.55471813e-05  9.98696676e-06  1.01751148e-05
      1.21626561e-05]
    [ 1.30595869e-05  1.05145687e-05  1.21609318e-05  1.43278497e-05
      1.52001022e-05]
    [ 1.22174036e-05  1.16838324e-05  1.44242632e-05  1.91819369e-05
      1.85710228e-05]]

   [[ 5.89957772e-06  5.47978494e-06  5.25076926e-06  5.75895627e-06
      8.98357862e-06]
    [ 6.21766965e-06  6.18588008e-06  7.38362427e-06  8.91341227e-06
      1.16844903e-05]
    [ 1.21797094e-05  1.09791515e-05  1.35227596e-05  1.57900559e-05
      1.50638465e-05]
    [ 1.23058113e-05  1.05738070e-05  1.18346085e-05  1.63432475e-05
      1.45924344e-05]
    [ 1.28077621e-05  1.66751240e-05  1.98865814e-05  1.88094126e-05
      1.46575340e-05]]

   [[ 1.16048635e-05  1.29791676e-05  1.06373291e-05  1.08641250e-05
      1.46269737e-05]
    [ 1.58257669e-05  1.33616961e-05  1.36685837e-05  1.63696819e-05
      1.70989032e-05]
    [ 1.85294946e-05  1.63157800e-05  1.72716132e-05  2.00589712e-05
      2.04348281e-05]
    [ 1.39983409e-05  1.39343417e-05  1.45458258e-05  1.90438913e-05
      1.95270213e-05]
    [ 1.28369030e-05  1.63069025e-05  2.01284379e-05  2.12798416e-05
      1.61155148e-05]]

   [[ 1.92699384e-05  2.27419423e-05  2.45570861e-05  1.89557846e-05
      2.16375681e-05]
    [ 2.12903972e-05  2.60348019e-05  2.79306492e-05  2.02142614e-05
      2.26394664e-05]
    [ 2.42411342e-05  2.57460346e-05  2.24241216e-05  1.87188139e-05
      2.11855818e-05]
    [ 2.31838981e-05  1.96795462e-05  1.51205602e-05  1.76113184e-05
      2.00135935e-05]
    [ 2.50733867e-05  2.04986668e-05  1.78676226e-05  2.21400249e-05
      2.20024305e-05]]

   [[ 7.49911009e-06  7.66792956e-06  6.61732414e-06  7.52189381e-06
      1.09053397e-05]
    [ 8.02481359e-06  8.70949286e-06  1.16086768e-05  1.47475626e-05
      1.66286842e-05]
    [ 1.29700222e-05  1.23442979e-05  1.64029951e-05  1.92915652e-05
      1.89481729e-05]
    [ 1.26665017e-05  1.17851392e-05  1.47831378e-05  1.92494429e-05
      1.65978306e-05]
    [ 1.40386210e-05  1.90697060e-05  2.37361619e-05  1.99636277e-05
      1.31101441e-05]]

   [[ 4.63905106e-06  4.75592840e-06  4.65650259e-06  5.19103606e-06
      9.06755860e-06]
    [ 6.04920143e-06  6.19468841e-06  7.54247705e-06  9.39733495e-06
      1.22316080e-05]
    [ 1.22864199e-05  1.07476645e-05  1.33365034e-05  1.60360572e-05
      1.55565056e-05]
    [ 1.23526318e-05  1.06211254e-05  1.18275807e-05  1.57210708e-05
      1.46317086e-05]
    [ 1.40256824e-05  1.81094588e-05  2.04001319e-05  1.85295522e-05
      1.48146983e-05]]]


  [[[ 3.73390311e-05  3.65464523e-05  3.68015151e-05  3.87665889e-05
      3.26298545e-05]
    [ 3.69703779e-05  3.51124071e-05  3.21309854e-05  2.76869555e-05
      2.07279919e-05]
    [ 2.89514897e-05  2.70397401e-05  2.10299324e-05  1.40430002e-05
      1.38669582e-05]
    [ 2.43833386e-05  2.03433993e-05  1.30880778e-05  9.40857763e-06
      1.55312582e-05]
    [ 1.93142283e-05  1.61658793e-05  1.65245652e-05  1.61177669e-05
      1.67794665e-05]]

   [[ 1.06250123e-05  1.11991229e-05  1.33096128e-05  1.21631804e-05
      9.35530617e-06]
    [ 1.74559929e-05  1.86454288e-05  1.59784233e-05  1.39719419e-05
      1.55936700e-05]
    [ 2.23339963e-05  1.86767375e-05  1.68748955e-05  1.93011077e-05
      2.21486282e-05]
    [ 1.72777594e-05  1.67389729e-05  2.17449787e-05  2.28896846e-05
      2.01561366e-05]
    [ 1.70979891e-05  1.90574328e-05  2.09796348e-05  1.86017816e-05
      2.09016096e-05]]

   [[ 1.99608077e-05  2.39440542e-05  2.20434510e-05  1.80445586e-05
      1.33599816e-05]
    [ 2.47411709e-05  2.74946325e-05  2.68031360e-05  2.36317487e-05
      1.90746880e-05]
    [ 2.78307266e-05  2.82766830e-05  2.88017617e-05  2.66356249e-05
      2.68962196e-05]
    [ 2.23989037e-05  2.36840699e-05  2.78490901e-05  2.31001760e-05
      2.36665117e-05]
    [ 2.01420301e-05  2.31105138e-05  2.82399076e-05  2.13036362e-05
      2.42695547e-05]]

   [[ 3.42093805e-05  3.58242542e-05  3.54068662e-05  3.96407351e-05
      2.98074530e-05]
    [ 3.24692683e-05  3.59599827e-05  3.96474976e-05  4.04790484e-05
      2.93553420e-05]
    [ 3.96917980e-05  4.22598567e-05  4.06742993e-05  3.42469752e-05
      2.18199022e-05]
    [ 4.85584617e-05  4.34056513e-05  3.17929666e-05  2.46247159e-05
      1.77356450e-05]
    [ 4.25832876e-05  3.80233471e-05  2.54567774e-05  2.37361471e-05
      1.76582316e-05]]

   [[ 1.33429465e-05  1.19619845e-05  1.40468936e-05  1.32382610e-05
      1.30674878e-05]
    [ 1.97547959e-05  2.04640981e-05  1.99300254e-05  1.96837842e-05
      2.29375801e-05]
    [ 2.31588675e-05  2.45769460e-05  2.59343152e-05  2.76006008e-05
      3.28277229e-05]
    [ 1.82640973e-05  2.27809595e-05  2.82606253e-05  2.72335369e-05
      3.10628568e-05]
    [ 1.87574491e-05  2.44429427e-05  2.66651435e-05  2.69138944e-05
      2.98190800e-05]]

   [[ 1.00660023e-05  1.02080125e-05  1.19272805e-05  1.10469427e-05
      9.48778877e-06]
    [ 1.85334986e-05  1.87909371e-05  1.50347160e-05  1.43870603e-05
      1.65162331e-05]
    [ 2.30586187e-05  1.91731173e-05  1.64052153e-05  1.95596227e-05
      2.34047044e-05]
    [ 1.77316700e-05  1.79064141e-05  2.14599573e-05  2.17404943e-05
      2.06989369e-05]
    [ 1.86621799e-05  2.11676012e-05  2.19366561e-05  1.99421623e-05
      2.24534989e-05]]]


  [[[ 3.83128361e-05  3.50336775e-05  2.62799525e-05  2.48849577e-05
      2.71483112e-05]
    [ 3.58518343e-05  2.79175127e-05  2.28349142e-05  2.28879931e-05
      2.05479578e-05]
    [ 3.52332857e-05  2.81074862e-05  3.01030730e-05  2.45488286e-05
      2.02356489e-05]
    [ 2.99175786e-05  2.66289481e-05  2.73130623e-05  1.52178805e-05
      1.87214107e-05]
    [ 2.26575663e-05  1.99271040e-05  2.03332142e-05  1.20994751e-05
      1.40594087e-05]]

   [[ 2.01087711e-05  1.77508657e-05  1.66688808e-05  1.25023121e-05
      1.09350940e-05]
    [ 2.64052792e-05  3.03327482e-05  2.95193924e-05  1.99548597e-05
      1.91293109e-05]
    [ 1.68074909e-05  1.72258559e-05  1.82356649e-05  1.55826062e-05
      2.15648918e-05]
    [ 1.62065930e-05  1.20185775e-05  1.55561529e-05  1.37311977e-05
      1.24316374e-05]
    [ 2.72087269e-05  2.26272211e-05  1.59679732e-05  9.21407473e-06
      9.31534716e-06]]

   [[ 3.48326614e-05  3.64409022e-05  3.14157543e-05  2.91570896e-05
      2.27492922e-05]
    [ 3.55916450e-05  3.94261300e-05  4.53031324e-05  4.11227178e-05
      3.05645459e-05]
    [ 3.13938514e-05  2.68034482e-05  3.49413293e-05  2.80341815e-05
      2.67014807e-05]
    [ 3.06932229e-05  2.34443916e-05  3.00974768e-05  1.96944165e-05
      1.67245041e-05]
    [ 3.81665710e-05  3.69874210e-05  3.59098860e-05  1.93195121e-05
      1.67624532e-05]]

   [[ 5.06102272e-05  4.97881263e-05  5.10012646e-05  5.35758942e-05
      4.23550340e-05]
    [ 5.06866354e-05  4.63349418e-05  4.59447881e-05  5.38494773e-05
      3.76203185e-05]
    [ 5.85846860e-05  5.03036721e-05  4.59185059e-05  5.13237433e-05
      3.04781281e-05]
    [ 6.24471224e-05  5.17331221e-05  5.02101396e-05  4.61674538e-05
      2.45381434e-05]
    [ 5.00828929e-05  4.75342311e-05  4.69636174e-05  3.71106789e-05
      2.10072421e-05]]

   [[ 2.20115546e-05  1.78824310e-05  1.85307477e-05  1.58656877e-05
      1.51546753e-05]
    [ 2.77594479e-05  2.91619659e-05  2.98208207e-05  2.30240991e-05
      2.55101940e-05]
    [ 1.91805926e-05  2.05494193e-05  2.02140866e-05  2.04156380e-05
      2.65988016e-05]
    [ 1.70060887e-05  1.63075788e-05  1.85674506e-05  1.73242531e-05
      1.60562430e-05]
    [ 2.74591371e-05  2.65506505e-05  2.03056635e-05  1.47792851e-05
      1.54019674e-05]]

   [[ 1.95103908e-05  1.77492318e-05  1.63521303e-05  1.22818010e-05
      1.17102650e-05]
    [ 2.61545174e-05  2.95998117e-05  2.85688084e-05  2.04378676e-05
      2.07027502e-05]
    [ 1.59338285e-05  1.61441281e-05  1.64192224e-05  1.54529654e-05
      2.18781427e-05]
    [ 1.61730103e-05  1.27203989e-05  1.40087294e-05  1.33319289e-05
      1.24882113e-05]
    [ 2.82941528e-05  2.43452264e-05  1.52532385e-05  9.39213184e-06
      9.59281381e-06]]]


  [[[ 3.75245688e-05  3.40059711e-05  2.51834253e-05  2.39188325e-05
      2.56394999e-05]
    [ 3.46668484e-05  2.70997863e-05  2.20577191e-05  2.19531122e-05
      1.88903290e-05]
    [ 3.42987346e-05  2.81016704e-05  2.96620726e-05  2.33899900e-05
      1.85588813e-05]
    [ 3.01333854e-05  2.76168414e-05  2.72106421e-05  1.48881714e-05
      1.73016627e-05]
    [ 2.30731583e-05  2.06784617e-05  2.10013148e-05  1.25263061e-05
      1.31235616e-05]]

   [[ 1.98928540e-05  1.79189515e-05  1.69991832e-05  1.25858290e-05
      1.01556969e-05]
    [ 2.70379208e-05  3.14723741e-05  3.01269836e-05  1.97714273e-05
      1.81678289e-05]
    [ 1.77297920e-05  1.84378221e-05  1.89199386e-05  1.56396127e-05
      2.05898605e-05]
    [ 1.60671665e-05  1.24467233e-05  1.60846604e-05  1.39398287e-05
      1.20099535e-05]
    [ 2.60381374e-05  2.22733474e-05  1.67101450e-05  9.52050983e-06
      9.17398186e-06]]

   [[ 3.44299387e-05  3.69183316e-05  3.18451995e-05  2.88438652e-05
      2.15856819e-05]
    [ 3.49863273e-05  4.03244069e-05  4.66427921e-05  4.11548347e-05
      2.91192802e-05]
    [ 3.08031974e-05  2.82976768e-05  3.67672377e-05  2.85614087e-05
      2.55047637e-05]
    [ 2.91862513e-05  2.41077713e-05  3.16205275e-05  2.02365694e-05
      1.61641622e-05]
    [ 3.54749101e-05  3.63132044e-05  3.71202720e-05  1.98735453e-05
      1.65896326e-05]]

   [[ 4.93798473e-05  4.88963254e-05  5.09597215e-05  5.30865772e-05
      4.06494057e-05]
    [ 4.85992112e-05  4.49821742e-05  4.60806304e-05  5.37564630e-05
      3.67265547e-05]
    [ 5.54221101e-05  4.82394340e-05  4.61905828e-05  5.10539966e-05
      2.96948856e-05]
    [ 5.86401152e-05  4.97505667e-05  5.02287647e-05  4.54631166e-05
      2.38140530e-05]
    [ 4.74133447e-05  4.61901498e-05  4.64194242e-05  3.66070414e-05
      2.07823000e-05]]

   [[ 2.16490185e-05  1.79109457e-05  1.88571417e-05  1.55749546e-05
      1.38448956e-05]
    [ 2.82892321e-05  3.04051772e-05  3.08616773e-05  2.28220363e-05
      2.37995522e-05]
    [ 1.99205379e-05  2.19965555e-05  2.13763655e-05  2.01701058e-05
      2.51241660e-05]
    [ 1.68073233e-05  1.70196364e-05  1.93685638e-05  1.67095047e-05
      1.57275992e-05]
    [ 2.64982781e-05  2.66353450e-05  2.07220145e-05  1.43480591e-05
      1.52524543e-05]]

   [[ 1.93914085e-05  1.78780763e-05  1.66845036e-05  1.22796011e-05
      1.08554360e-05]
    [ 2.69273595e-05  3.07056185e-05  2.90942661e-05  2.01419074e-05
      1.96106899e-05]
    [ 1.68443376e-05  1.73023631e-05  1.71186700e-05  1.54409042e-05
      2.08961008e-05]
    [ 1.60333880e-05  1.32763418e-05  1.45486132e-05  1.32733132e-05
      1.20710563e-05]
    [ 2.71162602e-05  2.40537854e-05  1.58807518e-05  9.47936663e-06
      9.50211111e-06]]]


  [[[ 5.00196716e-05  4.65440272e-05  4.04571408e-05  3.22956624e-05
      2.63535147e-05]
    [ 3.82259384e-05  3.35206294e-05  2.74901725e-05  2.13900690e-05
      2.05512882e-05]
    [ 2.79717272e-05  2.82250811e-05  2.71099229e-05  2.08659913e-05
      1.55865405e-05]
    [ 3.00786935e-05  3.46445446e-05  3.00737288e-05  2.00860467e-05
      1.54019713e-05]
    [ 2.68570638e-05  2.37828870e-05  1.60942421e-05  1.49342146e-05
      1.52178938e-05]]

   [[ 1.32703007e-05  1.37094854e-05  1.39720307e-05  9.85075959e-06
      8.83155469e-06]
    [ 1.78515602e-05  2.09370003e-05  2.15436677e-05  1.77031673e-05
      1.38402002e-05]
    [ 1.86390869e-05  1.46773494e-05  1.42662708e-05  1.68605362e-05
      1.58459559e-05]
    [ 1.67935775e-05  1.28891717e-05  1.35905158e-05  1.88620817e-05
      1.96674762e-05]
    [ 1.44633233e-05  1.56030054e-05  1.80660013e-05  2.08002316e-05
      1.82309086e-05]]

   [[ 2.54688952e-05  2.85293361e-05  2.70457627e-05  2.31136734e-05
      1.77613214e-05]
    [ 2.36412570e-05  2.85351433e-05  3.24536458e-05  3.55577576e-05
      2.58869057e-05]
    [ 2.71982392e-05  3.22950406e-05  3.16193162e-05  3.09035644e-05
      2.90120956e-05]
    [ 2.57642593e-05  2.87009554e-05  2.53318619e-05  2.73982480e-05
      2.89657640e-05]
    [ 2.16109622e-05  2.53771415e-05  2.54507693e-05  2.54888905e-05
      2.31293528e-05]]

   [[ 4.45283439e-05  4.58463570e-05  4.88968905e-05  4.57143228e-05
      3.30083477e-05]
    [ 4.46134338e-05  4.18420469e-05  4.13258094e-05  3.94795930e-05
      3.16755501e-05]
    [ 3.85191658e-05  3.72581960e-05  3.64915610e-05  3.56103905e-05
      3.15667587e-05]
    [ 3.95166132e-05  4.22314857e-05  4.10154852e-05  3.69584516e-05
      3.29233628e-05]
    [ 4.68480501e-05  4.76655603e-05  4.12883133e-05  3.53504754e-05
      3.01893211e-05]]

   [[ 1.63192239e-05  1.64915857e-05  1.56010648e-05  1.26912586e-05
      1.20492827e-05]
    [ 1.94168070e-05  2.27023285e-05  2.61664645e-05  2.40248192e-05
      1.96979669e-05]
    [ 2.20758658e-05  2.15024120e-05  2.28139747e-05  2.42848796e-05
      2.42217750e-05]
    [ 1.94923227e-05  1.70981036e-05  1.99903764e-05  2.55961482e-05
      2.58545663e-05]
    [ 1.73239425e-05  1.93845765e-05  2.12868877e-05  2.19268325e-05
      2.20271514e-05]]

   [[ 1.31544692e-05  1.36646620e-05  1.34783311e-05  9.70428305e-06
      8.53842708e-06]
    [ 1.84368562e-05  2.05004118e-05  2.09706812e-05  1.72257867e-05
      1.41475511e-05]
    [ 1.82066143e-05  1.30244942e-05  1.32352169e-05  1.63592785e-05
      1.63480417e-05]
    [ 1.69261777e-05  1.33187541e-05  1.41412176e-05  1.86436919e-05
      1.92909460e-05]
    [ 1.51115988e-05  1.64908063e-05  1.80835727e-05  2.00826882e-05
      1.70385050e-05]]]]]