[[[[[ 6.90638444e-01  3.25758170e-01  8.36853714e-03 -6.76887519e-02
     -3.52960485e-02]
    [ 5.82754515e-01  1.74250592e-01 -1.07612333e-01 -1.84531856e-01
     -1.44988244e-01]
    [ 3.03074484e-01 -1.66150945e-02 -2.13235991e-01 -3.29417828e-01
     -2.75635964e-01]
    [ 6.16538112e-02 -1.76521783e-01 -3.09454975e-01 -4.12423582e-01
     -3.34634177e-01]
    [-4.82151354e-02 -2.35734059e-01 -3.51251528e-01 -4.48290487e-01
     -3.41559344e-01]]]


  [[[ 1.77043845e-01  3.97784820e-01  4.64345652e-01  4.79655483e-01
      4.26414820e-01]
    [ 4.74755217e-01  5.60902472e-01  4.77800254e-01  4.18447398e-01
      3.66514871e-01]
    [ 5.98965113e-01  4.94689987e-01  3.46506638e-01  3.47153477e-01
      3.62666051e-01]
    [ 4.89454655e-01  2.70155878e-01  1.97354098e-01  2.57852607e-01
      2.77167925e-01]
    [ 3.21444406e-01  1.89117705e-01  2.46531420e-01  2.99082661e-01
      1.92976521e-01]]]


  [[[-1.21605969e-01 -8.96626106e-02  1.18730401e-01  5.00693917e-01
      6.06971721e-01]
    [ 9.57985323e-02  9.04544139e-02  1.57798850e-01  4.25323418e-01
      4.70684911e-01]
    [ 2.44264765e-01  1.61339047e-01  1.46450818e-01  3.55007367e-01
      3.55960597e-01]
    [ 1.95943634e-01  1.08250381e-01  1.35939862e-01  2.09435280e-01
      1.59217630e-01]
    [-2.38131687e-02  2.32681429e-02  1.82459899e-01  7.25543516e-02
     -7.79096671e-02]]]


  [[[ 5.43151352e-01  3.03418399e-01 -2.45495174e-02 -8.84358718e-02
      1.14737531e-01]
    [ 5.45473881e-01  2.18593218e-01 -1.53198869e-01 -1.04285463e-01
      1.99624748e-01]
    [ 3.75269405e-01  8.95720985e-02 -1.76254064e-01  4.78779028e-03
      3.56241814e-01]
    [ 8.87639395e-02 -1.48741151e-01 -2.71489898e-01  1.01050325e-02
      4.17860561e-01]
    [-1.11893864e-01 -2.88622024e-01 -2.82601912e-01 -5.67590140e-03
      3.71097373e-01]]]


  [[[-2.69812868e-01 -3.52697729e-02  2.55015316e-01  4.21833870e-01
      3.77227151e-01]
    [-6.82303419e-02  2.71305816e-01  4.25462177e-01  3.90811441e-01
      2.98707236e-01]
    [ 1.64510339e-01  4.59568350e-01  4.21910099e-01  2.98250950e-01
      2.60051501e-01]
    [ 2.77111772e-01  3.91267093e-01  2.76029561e-01  1.22831503e-01
      9.62300365e-02]
    [ 2.36490489e-01  2.01797949e-01  1.07190571e-01  6.31802149e-03
     -7.46443129e-02]]]


  [[[ 1.27462057e-01  4.10610421e-01  5.34263920e-01  5.27301039e-01
      4.09139591e-01]
    [ 4.77684220e-01  5.69585178e-01  5.04410238e-01  4.33797776e-01
      3.31338186e-01]
    [ 6.22417164e-01  4.98762322e-01  3.50685200e-01  3.34813521e-01
      3.00386473e-01]
    [ 4.80300648e-01  2.88064025e-01  2.17617500e-01  2.06225070e-01
      1.70106643e-01]
    [ 2.87524619e-01  2.33517350e-01  2.93800647e-01  2.40604392e-01
      5.74059272e-02]]]]



 [[[[ 1.84794352e+02  1.29483677e+02  1.76578717e+02  3.55013354e+02
      3.86495366e+02]
    [ 9.65343241e+01  3.60552081e+01  8.18946072e+01  2.99564038e+02
      3.97751622e+02]
    [ 8.68406063e+01  8.92801926e+01  1.88249785e+02  4.18169372e+02
      4.69410266e+02]
    [ 2.74789918e+02  3.76118384e+02  4.81323780e+02  5.80580335e+02
      5.27129340e+02]
    [ 5.83490055e+02  6.45564932e+02  6.23854257e+02  5.75995011e+02
      5.13236141e+02]]]


  [[[ 2.13007659e+02  1.91293490e+02  1.85479467e+02  2.00501912e+02
      2.06734024e+02]
    [ 3.00078572e+02  2.46735520e+02  2.28531881e+02  2.39187543e+02
      2.28912308e+02]
    [ 2.62028193e+02  2.03220724e+02  1.81219442e+02  2.08701713e+02
      2.23792239e+02]
    [ 1.28546551e+02  7.28326304e+01  7.54562962e+01  1.27428540e+02
      1.75083837e+02]
    [ 1.13232374e+02  4.60516185e+01  6.67814535e+01  1.28628229e+02
      1.95690008e+02]]]


  [[[ 2.74472002e+02  2.95369816e+02  2.68044846e+02  2.12348709e+02
      1.68559122e+02]
    [ 2.92607435e+02  3.08993600e+02  2.94076744e+02  2.67324029e+02
      2.14286961e+02]
    [ 2.86146444e+02  2.95671890e+02  2.74301476e+02  2.88154039e+02
      2.58435159e+02]
    [ 2.05100324e+02  1.90396371e+02  1.93878850e+02  2.58863132e+02
      2.54695096e+02]
    [ 9.52309416e+01  8.29074470e+01  1.33326610e+02  2.19963579e+02
      2.21595597e+02]]]


  [[[ 6.43156005e+01  7.91821858e+01  1.03605386e+02  9.01709832e+01
      5.96657862e+01]
    [ 6.76839167e+01  9.90379416e+01  1.31046702e+02  9.84901584e+01
      6.48499492e+01]
    [ 6.76765155e+01  1.17514211e+02  1.47261100e+02  9.29751553e+01
      4.91421048e+01]
    [ 6.28647369e+01  1.29640243e+02  1.50432164e+02  7.49681047e+01
      3.10176580e+01]
    [ 6.43289614e+01  1.28179808e+02  1.31742628e+02  6.61953189e+01
      3.73865308e+01]]]


  [[[ 2.98688664e+02  2.89319789e+02  2.99310768e+02  3.06988182e+02
      3.02134563e+02]
    [ 3.28954181e+02  3.33562980e+02  3.47132570e+02  3.64316083e+02
      3.28506329e+02]
    [ 3.24280216e+02  3.13448329e+02  2.98504811e+02  3.32123884e+02
      3.14480053e+02]
    [ 2.31124251e+02  2.09410111e+02  1.81583252e+02  2.11169124e+02
      2.04745277e+02]
    [ 1.27404795e+02  9.53049289e+01  8.47766372e+01  1.22179690e+02
      1.44550201e+02]]]


  [[[ 2.67148185e+02  2.34617156e+02  2.05307037e+02  2.20037148e+02
      2.50544929e+02]
    [ 3.90386676e+02  3.11932761e+02  2.66604951e+02  2.80991940e+02
      2.90757750e+02]
    [ 3.68143357e+02  2.93869132e+02  2.57026526e+02  2.84291040e+02
      3.13507803e+02]
    [ 1.82563911e+02  1.16727090e+02  1.11719289e+02  1.69202639e+02
      2.54126710e+02]
    [ 1.29255374e+02  5.29561397e+01  7.53835900e+01  1.62176471e+02
      2.68451253e+02]]]]]