[[[-1.82951054e-05  1.80243053e-06  4.66031659e-05  1.69611772e-06
    1.68709693e-08 -1.61297139e-06  4.73277351e-07  2.47736478e-05
    3.95715672e-07  5.70114423e-07]
  [-6.73426226e-07  1.56422464e-06  1.66925741e-06 -3.20811711e-06
    6.11351198e-07 -8.64295521e-08  2.38449051e-08  8.30656027e-05
    9.35592069e-09  8.77856907e-07]
  [-4.06296468e-06  2.28421078e-06  1.14329614e-05  2.69142747e-05
    7.04725357e-08 -1.50376038e-06  1.14376988e-07  1.70944521e-05
   -3.65865261e-06  5.20021388e-07]
  [-3.89862598e-05  3.42535415e-06  8.75993881e-05  3.15785157e-05
    6.18218003e-07 -6.87554483e-07  5.10823574e-07  7.80650981e-05
   -3.70428792e-06  5.48867725e-06]
  [-3.88250833e-05  2.00748651e-07  8.70251563e-05  3.24597668e-05
    2.83074128e-08  7.77753229e-07  4.13017096e-07  1.63770327e-05
   -3.63350342e-06  3.55040860e-06]
  [-3.72998261e-05  3.50395188e-07  8.38848515e-05  2.99407958e-05
    5.47737480e-09  6.73785622e-07  4.19530580e-07  1.01705275e-05
   -3.30215644e-06  4.03155084e-06]
  [-1.41856026e-05  1.83219643e-06  2.68789931e-05  2.93624005e-05
    5.52501759e-07  1.03460492e-08  2.59479026e-08  7.80206685e-05
   -3.45826279e-06  1.44714279e-06]
  [-3.92194697e-05  5.04500110e-08  8.76116641e-05  7.62108541e-07
    1.46259170e-08  2.09044757e-11  4.11536546e-07  2.26578192e-06
    1.56089376e-06  1.33398386e-07]
  [-2.88219554e-05  6.60038371e-08  6.35424611e-05  6.75597972e-08
    1.86038213e-08  1.80661791e-08  3.43525784e-07  4.68102504e-05
    9.59838672e-07  7.85709396e-07]
  [-1.22551803e-06  6.14277782e-08  3.39068696e-06 -3.95729536e-07
    3.63167931e-08 -1.06635741e-08  2.29490128e-08  2.76971192e-05
   -2.22395064e-08  1.31771344e-07]
  [-4.77377322e-06  2.54032714e-06  1.30628468e-05  2.70649322e-05
    1.42733159e-07 -1.35102654e-06  1.21325877e-07  2.17286188e-05
   -3.79959562e-06  9.42454917e-07]
  [-4.98356143e-06  1.47389820e-06  1.01637848e-05 -2.48101676e-06
    6.19080680e-07  5.38815457e-08  2.79968576e-08  7.43085692e-05
    1.43302236e-07  1.01994464e-06]
  [-4.87933716e-06  1.54086029e-06  1.24624491e-05  4.43756413e-07
    6.62160317e-08 -1.51346865e-06  4.03148298e-07  6.83715632e-06
    3.60937018e-07  1.31895998e-07]
  [-9.94189967e-06  3.53170720e-07  1.95170218e-05  8.87628533e-06
    3.45888750e-08  7.44966146e-08  4.17687779e-08  8.35441000e-05
   -1.01948361e-06  1.48169945e-06]
  [-7.24074010e-08  1.85812351e-06  3.05700878e-07 -1.06227269e-06
    6.67311761e-08 -1.65066411e-06  1.02815980e-07  5.00651708e-05
    3.38315387e-07  7.32852052e-07]
  [-2.43084201e-05  1.51558888e-06  4.85418559e-05  4.29047678e-06
    6.10335635e-07  7.43217987e-07  3.46598007e-07  7.19580908e-05
   -2.41688610e-07  4.40438944e-06]
  [-3.91751350e-05  3.01578102e-06  8.75134005e-05  1.40958954e-06
    6.21463253e-07 -6.88502965e-07  5.07334962e-07  3.61237541e-06
    7.73519843e-07  4.30171076e-06]
  [-3.66409236e-07  3.37138194e-06  1.22531769e-06  3.00292060e-05
    6.22280911e-07 -6.38210189e-07  8.66911740e-08  7.14778812e-05
   -5.19559358e-06  5.55694122e-06]
  [-3.21963781e-06  7.12513310e-07  8.98309054e-06  3.08617771e-06
    8.72570271e-08 -6.52370718e-08  2.35934266e-08  8.28264236e-05
   -8.33441429e-07  1.25752743e-06]
  [-2.60377791e-05  3.15455881e-06  5.84352545e-05  1.26703851e-05
    6.20115625e-07 -7.15332651e-07  4.88708760e-07  1.23310338e-05
   -1.38649982e-06  4.45862737e-06]
  [-3.66684727e-05  1.75232361e-07  8.25159970e-05  2.62881070e-05
    6.38197621e-09  8.80502432e-07  4.04305998e-07  1.28629507e-05
   -3.03495466e-06  4.11562780e-06]
  [-2.60754108e-05  3.12775601e-06  5.91983748e-05  6.80642389e-06
    6.22902586e-07 -7.18741576e-07  4.89873110e-07  8.84136191e-06
   -6.20863890e-07  4.38586630e-06]
  [-3.25297563e-07  3.43602642e-06  1.34545478e-06  3.19493646e-05
    6.24140835e-07 -6.95715324e-07  1.02994866e-07  8.61917985e-05
   -5.41606001e-06  5.55877963e-06]
  [-2.67653486e-05  1.72457376e-06  6.32559476e-05  1.06955864e-05
    4.28160503e-09 -1.37023020e-06  4.79877338e-07  1.01403036e-06
   -5.22766500e-07  1.40678191e-06]
  [-1.06927973e-06  3.35050972e-06  2.75077412e-06  3.16090829e-05
    6.22147123e-07 -6.11461353e-07  9.64814808e-08  8.52987702e-05
   -5.32453478e-06  5.55930352e-06]
  [-3.17894130e-05  1.43949230e-06  6.78730601e-05  7.37479923e-06
    6.10401807e-07  9.51972118e-07  3.16065382e-07  1.17001225e-05
   -5.21638593e-07  4.22469965e-06]
  [-3.85975337e-05  1.94527410e-07  8.64967571e-05  3.05703402e-05
    3.00501225e-08  6.24873015e-07  4.13201081e-07  1.62726934e-05
   -3.21798123e-06  2.82480670e-06]
  [-1.80853858e-06  1.53112690e-06  3.42228383e-06 -1.57758700e-06
    5.77410494e-07  2.31556381e-08  1.96817163e-09  7.06949450e-05
   -1.15266052e-07  9.73730479e-07]
  [-1.19900580e-07  3.37084047e-06  7.60264207e-07  3.03595562e-05
    6.22399389e-07 -6.36311652e-07  8.26453844e-08  7.13556144e-05
   -5.25827002e-06  5.55638818e-06]
  [-1.92044815e-05  7.22981388e-08  5.03097476e-05 -3.32270233e-07
    6.32252762e-08 -7.43823865e-09  3.52657773e-07  3.46771742e-05
    1.41411559e-07  2.08988330e-07]
  [-2.00049590e-05  1.52824731e-06  3.83884334e-05  1.25566970e-05
    6.02457347e-07  8.45892777e-07  2.81836015e-07  7.41508891e-05
   -1.64980100e-06  4.80973043e-06]
  [-5.95651260e-06  2.44490466e-06  1.61633907e-05  2.08360806e-05
    1.81491345e-07 -1.12829147e-06  1.02674234e-07  1.91364769e-05
   -2.97587402e-06  7.35034241e-07]
  [-2.05162160e-05  1.60702817e-06  4.69818016e-05  6.98847897e-08
    6.09240250e-07 -5.29508963e-08  2.96662849e-07  8.19664049e-05
    3.62705900e-07  1.05808426e-06]
  [-2.11178378e-05  2.17262132e-08  5.21442747e-05  5.88147254e-07
    4.25165332e-08  4.14175458e-09  3.77924394e-07  1.64381362e-06
    4.42909068e-07  4.35182343e-08]
  [-5.57639332e-06  1.45472807e-06  1.22393484e-05 -2.49291823e-06
    6.16195011e-07  4.24835293e-08  2.58978358e-08  7.22286212e-05
    1.21118430e-07  9.63639871e-07]
  [-2.11728314e-05  2.83505522e-07  5.54005803e-05  2.05469668e-06
    2.28541165e-09 -2.69077751e-07  3.14540111e-07  1.45378709e-05
    5.41163014e-09  3.08371490e-09]
  [-1.92735785e-05  4.55592293e-07  4.36555319e-05  3.31775969e-05
    6.77524588e-09  8.17676343e-07  7.30034493e-08  3.32375919e-05
   -4.77080881e-06  4.65756652e-06]
  [-5.04101827e-06  1.49528663e-06  1.31348315e-05  6.93817216e-07
    9.83760769e-09 -1.52684276e-06  3.88705064e-07  2.45726603e-07
    3.10164022e-07  1.42952633e-08]
  [-1.78727422e-05  1.88113696e-06  3.77057138e-05  2.32672013e-05
    4.76095481e-08 -7.34179849e-07  3.18180029e-07  6.48612438e-05
   -2.98485469e-06  4.76549698e-06]
  [-1.04528113e-05  1.64603509e-06  1.78114095e-05  1.69372770e-05
    5.62927522e-07  1.82124903e-08  1.25332169e-08  7.18392516e-05
   -1.86658607e-06  1.06190589e-06]
  [-2.88582130e-05  2.00163179e-06  7.02664344e-05  3.34523096e-05
    4.48424741e-09 -8.31667974e-07  4.85981225e-07  6.19295023e-06
   -4.26887165e-06  4.09772598e-06]
  [-3.96262355e-06  1.44438524e-06  1.02010495e-05  6.82808643e-07
    9.81058162e-09 -1.47476439e-06  3.76496921e-07  1.12700514e-07
    3.03722429e-07  2.64645568e-08]
  [-3.91285910e-05  1.60890660e-07  8.74958691e-05  5.72612260e-07
    2.28839035e-09 -1.49155444e-07  4.35208492e-07  1.51729088e-05
    1.59426431e-06  1.66672430e-08]
  [-3.51317672e-05  6.41749028e-07  8.06977441e-05  4.12384398e-06
    2.63213851e-07  4.53419862e-07  3.99230414e-07  1.60442747e-05
    2.85570006e-07  1.83854683e-06]
  [-1.25558403e-06  1.73828022e-06  3.52469281e-06  8.29421790e-07
    2.11593591e-08 -1.64353656e-06  1.05176201e-07  2.19309691e-05
    9.26571922e-08  1.18094841e-07]
  [-1.53915467e-07  3.38129887e-06  7.99016495e-07  2.95633010e-05
    6.21995650e-07 -6.52020519e-07  9.29837500e-08  7.20369284e-05
   -5.12234313e-06  5.55825755e-06]
  [-6.18828415e-06  2.39355404e-07  1.23697401e-05  1.33633094e-05
    4.31686836e-08  2.86642284e-08  4.13882175e-08  7.79292287e-05
   -1.91064688e-06  1.24960345e-06]
  [-3.73242346e-05  8.88334675e-07  8.32070434e-05  3.06933418e-05
    4.84899333e-07  6.75406512e-07  4.25824493e-07  5.57816513e-05
   -3.59198898e-06  5.28981254e-06]
  [-3.87768914e-05  3.39807348e-06  8.68322553e-05  3.19358190e-05
    5.48146570e-07 -6.86113384e-07  4.88335821e-07  6.32902961e-05
   -3.72938943e-06  5.58484657e-06]
  [-6.66700688e-06  1.36092134e-06  1.75479315e-05  2.36206138e-05
    4.16723500e-08 -7.72205507e-07  6.27878835e-08  8.43093353e-05
   -3.52558564e-06  1.60872699e-06]
  [-2.07668217e-05  2.06910695e-06  4.27117582e-05  2.61735052e-05
    5.46752261e-07  8.32929921e-08  1.22028739e-07  2.99445394e-05
   -3.16174566e-06  2.90253881e-06]
  [-2.91023863e-05  2.53952999e-06  6.38473769e-05  1.34682514e-06
    6.05159901e-07 -3.33607635e-07  4.67198591e-07  1.32485278e-06
    4.56253167e-07  3.86971293e-06]
  [-3.85259365e-05  3.33836778e-06  8.62483141e-05  3.24137890e-05
    5.28125987e-07 -6.88394500e-07  4.91106230e-07  5.92339486e-05
   -3.76082223e-06  5.51820863e-06]
  [-3.87941672e-05  2.95156730e-06  8.68537369e-05  3.14728854e-05
    5.26320699e-07 -2.12744435e-07  4.61692220e-07  7.71470147e-05
   -3.87700341e-06  5.63391400e-06]
  [-1.70159773e-05  1.89769273e-06  4.04615960e-05  1.17594572e-05
    4.22041427e-08 -1.23593806e-06  3.75082972e-07  5.32107818e-05
   -1.36659140e-06  2.87576740e-06]
  [-1.25785571e-06  3.43481526e-06  3.75780161e-06  3.19479521e-05
    6.15992901e-07 -6.97184187e-07  1.05980388e-07  8.61530866e-05
   -5.39878094e-06  5.55941780e-06]
  [-6.01782317e-06  1.86411611e-06  1.63885377e-05 -3.18704013e-06
    5.74965789e-07 -4.29695975e-07  5.97700767e-08  8.47800961e-05
    3.00970781e-08  8.66379364e-07]
  [-3.12804653e-05  2.33073679e-07  7.04114536e-05  3.50065920e-06
    2.29850827e-08  5.57342343e-08  3.68128507e-07  8.40901724e-05
    3.50205984e-07  1.36667845e-06]
  [-6.34365754e-06  3.14465937e-06  1.68894452e-05  1.01536103e-05
    5.87328754e-07 -7.31664331e-07  1.60716218e-07  1.21415218e-05
   -1.90781150e-06  4.24909648e-06]
  [-1.86978152e-06  2.85099365e-06  4.69628864e-06  3.12967800e-07
    6.00757524e-07 -1.55351406e-06  1.80472039e-07  8.82152817e-06
    2.56995073e-07  8.94722137e-08]
  [-3.84742313e-05  1.81160942e-07  8.62076012e-05  2.85273473e-05
    2.97038491e-08  5.13597919e-07  4.13371370e-07  1.61357432e-05
   -2.82089287e-06  2.30402043e-06]
  [-3.28195429e-05  2.03332999e-06  7.63456840e-05  3.51073078e-05
    5.02515906e-09 -7.19946546e-07  4.95595050e-07  1.83153681e-05
   -4.21524760e-06  4.63208891e-06]
  [-1.01161894e-06  3.01851665e-06  2.16536202e-06 -2.57556814e-06
    6.07959465e-07 -1.55920422e-06  1.77461577e-07  6.82425885e-05
    3.21693100e-07  1.23095579e-06]
  [-3.69620512e-05  1.31569389e-08  8.31352452e-05  5.36317034e-07
    7.38687198e-09  2.91690559e-08  4.01380774e-07  9.26796895e-06
    1.39962098e-06  1.74364012e-07]
  [-3.91653171e-05  2.14713426e-07  8.76287518e-05  7.11595770e-06
    7.07135404e-08  1.06558538e-07  4.13075266e-07  2.39080518e-05
    5.31192319e-07  7.94714215e-07]
  [-3.83420746e-06  3.80899579e-07  1.04963180e-05 -2.20477154e-07
    3.63486864e-08  5.45510749e-09  1.62658193e-08  8.34696183e-05
   -4.00527377e-07  1.28731671e-06]
  [-8.13589504e-06  1.62347607e-06  1.38376444e-05  1.29544627e-05
    5.69187703e-07  1.96531617e-08  7.92015051e-09  7.14324255e-05
   -1.52015607e-06  1.06181942e-06]
  [-2.33959737e-06  1.91445456e-06  6.61924411e-06  9.24863265e-08
    5.42621162e-08 -1.67147002e-06  1.22555712e-07  4.67741309e-05
    2.36359547e-07  6.57077948e-07]
  [-6.68073083e-06  1.55692029e-06  1.43565261e-05  2.68064558e-05
    4.76875863e-07  7.65272210e-07  2.00964710e-08  5.01581458e-05
   -4.50699223e-06  4.31245335e-06]
  [-2.66225792e-06  8.51667567e-07  7.02481106e-06  1.96479270e-07
    8.42868354e-08 -2.22302084e-07  2.81032485e-08  5.78043268e-05
   -2.78154310e-07  7.44860778e-07]
  [-3.84655993e-05  1.59577462e-07  8.61507636e-05  2.46725782e-05
    3.60411249e-08  4.64540781e-07  4.16190575e-07  1.60610770e-05
   -2.23484518e-06  2.05932602e-06]
  [-2.69159331e-05  1.50677834e-06  5.49555614e-05  1.17203494e-05
    6.18054161e-07  9.76590613e-07  2.53950594e-07  2.80311350e-05
   -1.31661764e-06  4.65678550e-06]
  [-1.90768379e-07  3.39568886e-06  8.98185374e-07  3.04789441e-05
    6.22377407e-07 -6.60709249e-07  8.47058132e-08  7.13731109e-05
   -5.26863720e-06  5.55633889e-06]
  [-1.38569204e-05  2.15966451e-06  3.22388331e-05  3.15658174e-05
    2.22341979e-08 -1.02838991e-06  1.17799502e-07  8.19155309e-05
   -4.47692318e-06  4.06426828e-06]
  [-1.76844335e-05  5.52844157e-09  4.49652174e-05  1.01876941e-08
    3.75351146e-08  7.70913829e-09  3.89331768e-07  4.98411609e-07
    2.66158607e-07 -1.09729387e-07]
  [-5.48165338e-07  2.08053787e-06  1.64863368e-06 -9.11922544e-07
    8.47714562e-08 -1.66155772e-06  1.06106540e-07  6.10340070e-05
    2.62875562e-07  9.94231388e-07]
  [-1.71080856e-05  7.41833556e-09  4.35046851e-05  8.47451718e-09
    3.79301037e-08  7.91039083e-09  3.87656996e-07  6.56233175e-07
    2.56577589e-07 -1.06185595e-07]
  [-3.88177926e-05  1.94804342e-06  8.69563823e-05  3.13571880e-05
    4.85190666e-07  7.83453787e-07  3.92601952e-07  8.14603244e-05
   -4.09240695e-06  5.58015901e-06]
  [-1.00084354e-05  1.55026645e-06  1.76798388e-05 -2.23467719e-06
    6.20163608e-07  3.31215023e-07  5.93837586e-08  7.12485128e-05
    3.40852060e-07  2.51286359e-06]
  [-3.87080935e-05  3.38091735e-06  8.67530854e-05  3.22032591e-05
    5.41938599e-07 -6.86793969e-07  4.86039562e-07  5.63213651e-05
   -3.71763924e-06  5.46919618e-06]
  [-2.69154579e-05  1.68086369e-06  6.80570360e-05  1.25739732e-06
    8.91319064e-09 -1.61628914e-06  5.03613883e-07  1.55635795e-05
    7.20953513e-07  1.46162840e-07]
  [-5.87615148e-06  1.98163772e-08  1.60161146e-05  8.53619199e-09
    5.04084713e-08  7.30373539e-10  4.99645849e-08  1.86509567e-05
    4.10438581e-10 -8.57748339e-08]
  [-2.08706599e-05  3.14878835e-06  5.00661995e-05  1.83659585e-05
    6.14200022e-07 -7.54802598e-07  4.64894694e-07  1.96035168e-06
   -2.52026082e-06  4.08328980e-06]
  [-9.17866637e-07  3.37281972e-06  2.41529547e-06  3.17459799e-05
    6.22159218e-07 -6.33207675e-07  9.74637974e-08  8.55142572e-05
   -5.34813667e-06  5.55938181e-06]]

 [[ 1.28200300e-07  6.25530320e-08  3.38266127e-07  4.93114098e-07
    2.07215265e-08  8.61717913e-07  5.42050199e-07  1.43307326e-07
    4.38623369e-08  6.43519207e-08]
  [ 8.87466417e-10  1.12254542e-07  2.89334461e-07  4.53697810e-08
    4.30047366e-07  6.38414950e-09  5.01746043e-08  6.24727424e-07
    5.41997951e-08  8.68986019e-07]
  [ 3.21358901e-09  6.88024688e-07  4.29615803e-07  8.32481289e-08
    2.95270613e-07  4.41654943e-07  3.87430821e-07  3.09242609e-07
    3.03005155e-07  1.94656422e-07]
  [ 1.93886117e-07  7.06877010e-07  7.69094555e-07  7.76976818e-07
    5.86618899e-07  1.09173818e-06  7.17133259e-07  4.39602341e-07
    4.96935780e-07  7.71994702e-07]
  [ 1.50389587e-07  3.40742299e-07  2.41168035e-07  1.42967573e-07
    4.88687924e-08  4.00002378e-07  3.89023921e-07  5.43796249e-07
    1.90162403e-07  1.01749935e-07]
  [ 2.23847765e-07  8.61307450e-08  2.05341025e-07  2.73206729e-07
    2.76701425e-08  7.17394373e-07  6.11897884e-07  4.84609744e-07
    2.27420454e-07  2.17468086e-08]
  [ 1.77042831e-08  4.65464713e-07  2.33650722e-07  1.72232503e-07
    2.18518952e-07  5.56441747e-08  1.75800845e-10  7.68158584e-07
    3.33169143e-07  3.71243914e-07]
  [ 5.44984723e-08  3.78653790e-09  4.54046090e-07  1.07007886e-07
    3.04940163e-08  2.95327029e-08  9.79428978e-08  3.03535738e-07
    4.94985263e-08  6.87043226e-09]
  [ 9.83817776e-08  1.45088278e-10  5.45572248e-08  8.24349482e-08
    1.47229860e-09  4.89736086e-08  1.34622359e-08  5.26683982e-07
    2.06876425e-08  7.39695942e-08]
  [ 1.04462717e-09  1.82748321e-07  2.53673234e-07  2.18491987e-08
    1.57509793e-07  1.31749762e-07  1.00016579e-07  1.71779020e-07
    1.52081568e-08  1.44158035e-07]
  [ 9.14992735e-09  6.93899373e-07  4.55198954e-07  1.17157365e-07
    4.02336140e-07  4.37941474e-07  3.81457872e-07  7.86350386e-07
    3.47874966e-07  5.45385047e-07]
  [ 2.62835203e-08  2.60155412e-08  2.70717072e-07  6.44598933e-08
    4.72126697e-07  2.13732414e-07  4.27228852e-08  7.30263463e-07
    1.00360594e-08  9.98805042e-07]
  [ 1.29843612e-07  7.56252675e-10  7.17735398e-08  1.25472227e-07
    3.70313838e-08  7.01257507e-07  6.69751674e-07  3.12249970e-08
    2.22008994e-08  2.21439233e-07]
  [ 3.74360389e-08  1.78155244e-08  4.90029650e-07  2.35427416e-07
    2.94007142e-08  6.05444545e-08  4.22319132e-09  9.33551711e-07
    1.15879954e-07  4.25205952e-08]
  [ 2.49580640e-08  2.40713606e-09  2.90594877e-07  4.23362762e-07
    9.32993084e-08  6.44500340e-07  5.14586372e-07  6.19979727e-08
    2.34517901e-08  2.70764671e-07]
  [ 1.23643276e-07  2.04288932e-08  1.72432641e-07  2.88740095e-07
    2.50015297e-07  2.39214093e-07  2.26806276e-07  7.37652541e-07
    1.22118911e-07  8.93807417e-07]
  [ 2.08328188e-07  1.90611060e-07  6.25552609e-07  1.34233075e-07
    5.60439358e-07  8.50550922e-07  7.16814286e-07  3.12286387e-07
    1.66101542e-07  8.34328988e-07]
  [ 3.10426354e-08  3.56172192e-07  2.67504120e-07  5.55655539e-07
    5.71164164e-07  5.96387838e-07  3.13029266e-07  7.46867470e-07
    4.50181410e-07  1.01522670e-06]
  [ 3.08411826e-10  3.15353915e-07  3.11464398e-07  1.11522829e-07
    4.71325969e-08  6.18204340e-08  7.25379738e-09  3.27838323e-07
    9.51410420e-08  7.80902247e-09]
  [ 1.36192539e-07  5.35693554e-07  9.31299341e-08  3.91475786e-07
    5.14042040e-07  8.46557045e-07  6.85506154e-07  4.22801252e-07
    3.30853878e-07  9.94324716e-07]
  [ 1.57344002e-07  7.63334963e-08  1.68884677e-07  9.91005855e-08
    7.53904875e-09  4.05832901e-07  3.73028674e-07  4.53259810e-07
    1.51917739e-07  2.76835379e-08]
  [ 1.37336432e-07  4.76402474e-07  1.36447295e-07  3.14899635e-07
    5.53179507e-07  8.19807247e-07  7.10279903e-07  4.34112006e-07
    3.25791673e-07  1.00288467e-06]
  [ 9.56263761e-08  7.07823221e-07  7.74917346e-07  7.32877362e-07
    5.94444742e-07  1.14380391e-06  6.59637346e-07  1.08488501e-06
    5.21641738e-07  1.01324404e-06]
  [ 1.68749444e-07  3.67923865e-07  9.60609078e-08  1.11458601e-07
    5.90679809e-08  7.27871865e-07  6.22011193e-07  1.04345146e-07
    1.21423396e-07  3.58278622e-09]
  [ 3.43076828e-08  4.48602424e-07  6.92154972e-07  6.92353693e-07
    5.83288887e-07  6.41083704e-07  7.22058728e-08  8.84184331e-07
    4.74472338e-07  1.01661503e-06]
  [ 3.72066550e-08  1.31134059e-07  1.67922047e-07  2.29742204e-08
    4.77428862e-07  4.39045712e-08  1.55624332e-07  6.31054550e-07
    1.27935989e-07  9.57480924e-07]
  [ 1.33966136e-07  3.76534410e-07  2.00270753e-07  1.16269869e-07
    4.96966557e-08  3.70168269e-07  3.85648731e-07  5.19232316e-07
    1.77532810e-07  1.28447680e-07]
  [ 1.06485186e-08  1.04750761e-07  6.47609468e-08  5.51739377e-08
    2.36963845e-07  3.57826274e-09  2.59385924e-13  6.70367959e-07
    1.48009964e-07  4.36560522e-07]
  [ 2.80245291e-08  3.78998341e-07  1.75019907e-07  5.57075247e-07
    5.55169630e-07  6.47666721e-07  3.19907917e-07  7.51700260e-07
    4.48512903e-07  1.01052182e-06]
  [ 5.63853776e-08  3.28438506e-08  3.51460468e-07  8.90291418e-08
    9.94799639e-08  2.29617158e-07  1.35800232e-07  5.75574542e-07
    9.13154419e-09  5.07650636e-07]
  [ 1.19806359e-07  1.76878607e-08  1.95307453e-07  3.19491601e-07
    1.72413516e-07  3.75863845e-07  1.75699224e-07  8.16422281e-07
    1.53400068e-07  7.95082671e-07]
  [ 6.91671166e-10  6.80298068e-07  3.18824395e-07  1.63597741e-08
    3.31361293e-07  7.50607029e-08  3.43403705e-07  5.97592815e-07
    2.66487686e-07  4.20468901e-07]
  [ 8.10014868e-08  9.12208049e-08  3.51142154e-07  1.91317411e-07
    5.27772661e-07  4.26776652e-07  3.65142245e-07  5.83132435e-07
    2.75559667e-08  9.72780382e-07]
  [ 1.41818796e-07  2.27091655e-11  1.81394875e-08  4.22260908e-08
    7.48632261e-09  4.64666610e-07  5.59633072e-07  4.78576746e-08
    1.61781155e-08  4.80977791e-08]
  [ 2.61245659e-08  2.58318005e-08  2.41395609e-07  5.62033169e-08
    4.49513569e-07  1.33543153e-07  2.45177305e-08  6.82646822e-07
    9.72437805e-09  9.74695922e-07]
  [ 1.35984236e-08  5.11170646e-07  7.46893472e-08  4.14794750e-08
    4.68043493e-09  1.53394749e-07  7.52880150e-08  2.59116492e-07
    4.38071172e-08  3.18674282e-13]
  [ 3.67137603e-08  4.60975737e-07  2.03243854e-07  2.58093010e-07
    1.68323547e-09  4.10035225e-07  2.26240591e-08  1.22678412e-07
    3.77088737e-07  4.20699869e-09]
  [ 1.12090319e-07  2.49641447e-10  1.22499547e-08  2.49918149e-08
    2.35873710e-08  5.91652030e-07  6.74150081e-07  2.83718133e-08
    1.70891105e-08  5.07294499e-08]
  [ 7.72050929e-08  5.08530728e-08  5.84901179e-07  6.89525810e-07
    2.02844904e-08  6.85010341e-07  9.36214851e-08  5.23109238e-07
    1.83702572e-07  4.02741810e-08]
  [ 2.17432057e-08  3.05706098e-07  8.40193999e-08  9.57289706e-08
    2.35378691e-07  1.22860608e-08  4.78952746e-12  7.37519452e-07
    2.90746674e-07  4.10162151e-07]
  [ 1.49868281e-07  6.61703664e-07  1.73416443e-07  4.64182093e-07
    4.79943127e-08  7.68671038e-07  6.23731951e-07  6.52156365e-08
    3.09296817e-07  4.50638964e-09]
  [ 1.06052639e-07  3.78893511e-11  8.95972360e-09  1.53937083e-08
    2.71958631e-08  5.74334786e-07  6.68318343e-07  1.95422628e-08
    2.42879220e-08  3.44853521e-08]
  [ 7.35318219e-08  1.59340823e-07  3.24691348e-07  6.53960955e-08
    1.71824079e-08  2.15419148e-07  2.10780295e-07  3.68241855e-07
    1.49045911e-08  1.36395947e-09]
  [ 7.35607324e-08  4.52272189e-08  3.88809257e-07  3.21975642e-08
    3.95709326e-07  3.13130476e-07  3.90972210e-07  4.63145272e-07
    8.52704722e-08  5.57611946e-07]
  [ 4.58175101e-09  5.29619698e-07  3.38209309e-07  8.31633874e-08
    1.80392594e-07  4.86595642e-07  5.05676345e-07  1.09155337e-07
    1.19522869e-07  8.81645362e-08]
  [ 1.51525441e-08  2.41912163e-07  3.59795321e-07  5.89891253e-07
    5.79659364e-07  5.95372624e-07  3.09044298e-07  7.81609820e-07
    4.49742620e-07  1.01594501e-06]
  [ 3.99668807e-08  3.78294695e-09  8.07324099e-08  1.16025034e-07
    3.06760071e-09  9.67780827e-08  1.19379483e-09  6.47561753e-07
    6.47681085e-08  1.76296532e-07]
  [ 2.24037698e-07  1.21022531e-07  2.32452788e-07  6.90138475e-07
    4.83019222e-07  1.11796769e-06  6.69689465e-07  2.32588827e-07
    2.76546564e-07  8.73980891e-07]
  [ 1.10011371e-07  4.95648989e-07  4.68905238e-07  5.84600494e-07
    1.02346156e-07  6.21873473e-07  1.43663593e-07  6.57337573e-07
    4.35798730e-07  2.63955120e-07]
  [ 1.46834677e-09  4.32715979e-07  3.54318998e-07  2.32532304e-07
    2.45796693e-08  2.41016375e-07  2.93586256e-09  3.53229903e-07
    2.04043674e-07  5.46356417e-09]
  [ 1.26187856e-08  5.29319799e-07  1.80525159e-07  1.22863627e-08
    2.00581930e-07  5.22101558e-09  4.85485744e-09  4.21868252e-07
    2.20507051e-07  3.84264358e-07]
  [ 1.67235534e-07  8.27190488e-08  9.92654991e-08  2.70960920e-08
    4.88317761e-07  7.19260339e-07  7.01540967e-07  1.08875446e-07
    1.34032859e-07  8.83941949e-07]
  [ 1.91750790e-07  6.78130702e-07  4.94977379e-07  7.27071197e-07
    2.52431391e-07  8.33631629e-07  6.14602051e-07  3.09591449e-07
    4.95886627e-07  2.15013052e-07]
  [ 9.49606196e-08  5.26944714e-07  5.13041863e-07  3.65786964e-07
    1.20246379e-07  3.26090978e-07  9.74752592e-09  1.05377674e-06
    3.80760594e-07  3.57161161e-07]
  [ 9.24488558e-08  4.99084630e-08  4.84013196e-07  6.57825406e-07
    1.52026881e-08  7.93555143e-07  2.74905501e-07  3.07557868e-07
    1.07328043e-07  2.50936865e-08]
  [ 6.82811313e-08  7.07821687e-07  7.69621477e-07  7.24633090e-07
    5.88865209e-07  1.13677366e-06  6.62186951e-07  9.04010055e-07
    5.18963648e-07  8.82926179e-07]
  [ 1.55300681e-09  4.93962852e-07  4.27226144e-07  5.94915172e-08
    4.48962564e-07  3.56214207e-08  1.02971088e-07  6.52159432e-07
    7.01439994e-08  9.14115409e-07]
  [ 7.75392203e-08  4.00869976e-08  3.64007672e-07  2.20952233e-07
    2.30630802e-08  6.08590541e-08  1.49244268e-08  9.57896578e-07
    1.08171830e-07  9.79354384e-08]
  [ 4.61418926e-08  6.88619393e-07  5.28750901e-07  3.56828124e-07
    5.54106852e-07  7.59336527e-07  6.71163070e-07  1.21438427e-07
    2.90599163e-07  6.98609553e-07]
  [ 1.02228198e-07  1.38811736e-08  2.59892373e-07  3.67553012e-08
    4.82362996e-07  5.25473065e-07  6.69552248e-07  9.31534016e-08
    3.19207390e-08  8.96794540e-07]
  [ 1.24312608e-07  3.51236540e-07  1.74343385e-07  1.00339832e-07
    4.81360749e-08  3.44663718e-07  3.80851389e-07  4.99122354e-07
    1.64620703e-07  1.24564575e-07]
  [ 1.84226227e-07  6.74692250e-07  3.56588356e-07  7.52869871e-07
    7.03349135e-08  8.30245515e-07  6.30730379e-07  1.80452722e-07
    4.54992865e-07  8.31095170e-09]
  [ 1.14195059e-07  2.31122632e-08  2.48762235e-07  3.42444038e-07
    4.25427628e-07  5.01517726e-07  4.92580567e-07  2.88091408e-07
    2.24130406e-08  9.73018648e-07]
  [ 5.43517026e-08  1.41760717e-09  5.20902460e-08  4.21127758e-08
    1.05164170e-09  1.07716157e-08  1.03655751e-08  4.10459368e-07
    4.41735510e-08  1.27700780e-08]
  [ 9.66052340e-08  1.04682265e-07  6.29810220e-07  2.21296529e-07
    6.02299222e-08  1.84895614e-07  8.14175648e-08  3.60358800e-07
    1.12322142e-07  9.74105645e-09]
  [ 5.69541697e-09  2.80585058e-07  3.03810543e-07  8.61105901e-08
    2.34555050e-08  4.36734470e-09  4.35987539e-10  6.36401479e-07
    6.14329150e-08  1.12472544e-07]
  [ 1.92047875e-08  2.51398215e-07  8.43790770e-08  8.73840914e-08
    2.60094002e-07  1.04382873e-08  2.43451772e-12  7.28828046e-07
    2.73617899e-07  3.76077876e-07]
  [ 6.40209021e-08  5.61353857e-07  3.47893720e-07  3.74649867e-07
    2.30345721e-07  8.31444137e-07  6.92354909e-07  8.72712981e-08
    1.71813965e-07  1.13369217e-07]
  [ 1.69189964e-08  4.16707637e-07  3.88540990e-08  4.24714285e-08
    2.33005626e-07  3.55976880e-08  2.99969707e-08  6.46202532e-07
    2.96037739e-07  6.79229256e-07]
  [ 7.05346865e-09  2.76362022e-07  2.38851655e-07  3.29643314e-08
    4.23098346e-08  4.30401492e-10  3.63812422e-09  6.45844883e-07
    5.04283929e-08  1.53760298e-07]
  [ 1.14047025e-07  2.93864932e-07  1.74150781e-07  9.37336263e-08
    5.43971109e-08  3.35022890e-07  3.94072250e-07  4.86496804e-07
    1.55155461e-07  1.55240554e-07]
  [ 5.41236536e-08  1.34962522e-07  2.24402492e-07  1.78641625e-08
    4.96380240e-07  1.41289369e-07  1.98230444e-07  7.04702469e-07
    1.45420860e-07  9.90815922e-07]
  [ 3.31802859e-08  3.93766721e-07  2.11319338e-07  5.61100457e-07
    5.58804638e-07  6.66878262e-07  3.34012811e-07  7.47474165e-07
    4.52680527e-07  1.01086001e-06]
  [ 5.65678307e-09  6.77399328e-07  3.62225414e-07  5.73764926e-07
    3.47349628e-08  3.46106672e-07  1.72719592e-08  3.56107259e-07
    3.85609698e-07  9.35343239e-09]
  [ 1.02376121e-07  4.85231692e-10  1.00610530e-08  3.35845507e-09
    1.68549933e-07  4.10460041e-07  6.17197023e-07  5.05859390e-08
    1.21957505e-08  2.74553323e-07]
  [ 5.08451281e-09  4.79956377e-07  3.35909096e-07  4.25078508e-07
    1.62149929e-07  7.20459391e-07  5.50540870e-07  5.61809166e-08
    1.08961195e-07  1.09787088e-07]
  [ 9.17757562e-08  1.92566773e-10  1.00957033e-08  3.19460569e-09
    1.35118496e-07  3.32723471e-07  5.37137452e-07  4.78454026e-08
    9.77118078e-09  2.48356434e-07]
  [ 7.90624539e-08  6.08842254e-07  5.19584083e-07  3.00274698e-07
    1.49482008e-07  2.98543439e-07  1.30282088e-08  1.03658007e-06
    4.10499098e-07  2.68839157e-07]
  [ 4.17104526e-08  2.62740989e-08  4.30821874e-07  2.05561966e-07
    5.16271049e-07  3.26803521e-07  6.56440471e-08  6.20452735e-07
    4.68460447e-08  1.00844647e-06]
  [ 1.08128485e-07  5.51193623e-07  4.71532326e-07  6.32217227e-07
    1.30290099e-07  6.80869161e-07  4.30210703e-07  3.89807443e-07
    4.30995927e-07  1.37273615e-07]
  [ 1.39283740e-07  7.94111295e-08  4.40438294e-07  2.07677585e-07
    3.07785952e-08  7.74456843e-07  6.55529765e-07  1.99350845e-07
    1.61690003e-08  3.29716996e-08]
  [ 1.02695624e-08  7.01703374e-09  2.66207547e-07  1.80857638e-08
    8.92898652e-08  7.80667380e-08  9.69473641e-08  4.43330154e-07
    2.02381110e-09  3.59554915e-07]
  [ 1.12124889e-07  5.38265405e-07  1.46231937e-07  1.53369874e-07
    5.45502495e-07  8.21526183e-07  6.81653735e-07  4.61449070e-08
    3.24337399e-07  8.36333523e-07]
  [ 3.57409989e-08  4.70621674e-07  7.03933801e-07  7.00238089e-07
    5.83902639e-07  6.66832672e-07  8.14360063e-08  8.96143386e-07
    4.77792702e-07  1.01671772e-06]]]