[[[[ 0.16498807 -0.11084724 -0.43315563 -0.3305266   0.01039546]
   [-0.11626837 -0.63192626 -0.61893999 -0.27264044  0.06303643]
   [-0.22646689 -0.65290942 -0.30513672 -0.1673125   0.02768296]
   [-0.3596233  -0.52637257 -0.12307369 -0.00849165  0.21823645]
   [ 0.12297368  0.1680146   0.2957243   0.30803516  0.63053631]]]


 [[[ 0.40544022  0.33916889  0.37964588  0.49565312  0.91353164]
   [ 0.27664903  0.14371309  0.20883865  0.24225256  0.53618942]
   [-0.23204228 -0.03932835  0.11507929 -0.24791115 -0.13294767]
   [-1.26159942 -0.74951849 -0.71243529 -0.83145121 -0.63683849]
   [-1.34045578 -0.8408085  -0.62360831 -0.3282952   0.03556209]]]


 [[[ 0.70837523  0.47057364  0.37756548  0.36450579  0.73797833]
   [ 0.35912304 -0.01443897 -0.09729273 -0.00203792  0.48455117]
   [ 0.0675487  -0.20081657 -0.35039006 -0.26005515  0.31693924]
   [-0.30305576 -0.4277028  -0.56970315 -0.37531428  0.38544866]
   [-0.98551579 -1.2786308  -0.72647098 -0.02517595  0.78556882]]]


 [[[-0.06652741 -0.20301937 -0.45934404 -0.10699791  0.34030406]
   [-0.3956495  -0.69176832 -0.40795622  0.21254697  0.74169696]
   [-0.52943996 -0.52896082 -0.05007131  0.46698834  0.93413256]
   [-0.34429542 -0.07043513  0.33755558  0.48273364  0.71266267]
   [-0.28272829  0.02249954  0.25410822  0.14481526  0.17777497]]]


 [[[ 0.756123    0.45078956  0.37496969  0.34666322  0.75519435]
   [ 0.55141286  0.03116475 -0.02374026 -0.07134574  0.32282337]
   [ 0.30177171 -0.01442139 -0.08432061 -0.38363373 -0.14278674]
   [-0.1334291  -0.26601643 -0.46783713 -0.62864148 -0.3397433 ]
   [-0.80958897 -1.2182366  -0.78186686 -0.32963026  0.21418188]]]


 [[[ 0.49463213  0.42883115  0.42001203  0.45040471  0.78015759]
   [ 0.34000443  0.1857409   0.19394922  0.2025762   0.4512024 ]
   [-0.11765268  0.01065727  0.09238795 -0.21601873 -0.10493634]
   [-1.14896222 -0.63721955 -0.57783906 -0.7698387  -0.55317729]
   [-1.55054088 -0.98487148 -0.56959462 -0.35821613 -0.06258564]]]]