[[[[-7.92920111e-02 -7.50919974e-03  9.52341420e-03 -5.38641988e-02
    -6.46788659e-01]
   [-3.32736293e-02 -1.55813536e-01 -3.70973023e-01 -4.74673627e-01
    -8.75526237e-01]
   [ 2.78457795e-02 -1.41804072e-01 -3.64062171e-01 -6.59999496e-01
    -1.22824400e+00]
   [-1.07901019e-01 -1.80352715e-01 -8.02147429e-02 -5.33924244e-01
    -1.38624530e+00]
   [-1.55666060e-01 -4.48657901e-02  4.99942291e-01  4.63873272e-02
    -8.47437402e-01]]

  [[ 2.69977538e-01  3.96385158e-01 -2.58481120e-01 -4.73523544e-01
    -6.32197658e-01]
   [ 5.50918239e-01  5.28150599e-01  1.22453373e-01 -8.36512474e-03
    -5.71839817e-01]
   [ 2.60654428e-01  2.39267871e-01  2.75023099e-01  2.09942155e-01
    -4.76169201e-01]
   [ 3.03415647e-01  6.02694869e-01  7.67399263e-01  6.51863330e-01
     1.42551341e-01]
   [ 2.95130996e-01  4.68180331e-01  5.53441176e-01  3.07514340e-01
     2.87683462e-01]]

  [[ 8.10615869e-02  5.52944120e-02 -5.24563943e-01 -7.09929557e-01
    -1.01811464e+00]
   [ 1.57087776e-02 -1.32449495e-01 -5.67341022e-01 -4.86814527e-01
    -9.47930294e-01]
   [-1.97383339e-01 -4.43072582e-01 -3.44502522e-01 -1.30095484e-01
    -7.57432324e-01]
   [-7.29117698e-02  8.24215843e-03  5.44731285e-01  5.24552403e-01
    -1.20140074e-01]
   [ 1.17907768e-01  2.66197422e-01  6.64476450e-01  4.83697663e-01
     2.97276559e-01]]

  [[-4.87565371e-01  7.28876218e-02  4.38034511e-01  3.55463939e-01
    -3.14677675e-01]
   [-3.08139045e-01  2.03160154e-01  3.74499801e-01  7.86917710e-02
    -6.48021593e-01]
   [-3.25360028e-02  3.02814285e-01  2.76986666e-01  1.53892904e-01
    -1.27613601e-01]
   [ 5.37982912e-02  1.48558649e-01  1.08963711e-01  3.71776001e-01
     5.87969756e-02]
   [ 1.99897217e-02  5.59664842e-02  2.35135124e-01  5.30796364e-01
    -1.04720553e-01]]

  [[ 2.19013923e-01  1.35994840e-01 -4.38540875e-01 -6.84750644e-01
    -8.40357424e-01]
   [ 1.93890704e-01 -3.83016289e-02 -3.57829518e-01 -4.90783617e-01
    -9.43783705e-01]
   [-4.50223654e-02 -2.82370469e-01 -1.66120882e-01 -1.69977629e-01
    -7.27148110e-01]
   [ 7.09376251e-02  2.67713836e-01  7.00955001e-01  4.97779318e-01
     1.19000607e-02]
   [ 1.18775264e-01  4.79214869e-01  7.90460617e-01  5.07676473e-01
     4.91469960e-01]]

  [[ 4.16254776e-01  5.63147914e-01 -1.88697205e-01 -4.82743588e-01
    -6.09541158e-01]
   [ 5.42207437e-01  5.86013812e-01  8.86639815e-02 -1.34296206e-01
    -5.68007012e-01]
   [ 3.20256169e-01  2.91818471e-01  1.90984154e-01  1.17285444e-01
    -4.54819877e-01]
   [ 3.94277640e-01  7.09947553e-01  7.78873591e-01  7.10804867e-01
     2.70682298e-01]
   [ 2.57216103e-01  4.66588026e-01  5.42158974e-01  3.84473688e-01
     3.98694181e-01]]]


 [[[-2.33944898e-02 -9.94426919e-02 -2.09575336e-01 -3.05227789e-01
    -8.65489440e-01]
   [-1.04038248e-01  7.87575508e-04 -7.49844495e-02 -2.42485801e-01
    -8.99637884e-01]
   [-9.27668663e-03  3.27516457e-01  2.40426074e-01 -2.73875696e-01
    -1.15545274e+00]
   [-3.94145017e-02  1.60073157e-01 -1.29932845e-01 -7.54337185e-01
    -1.54612441e+00]
   [ 2.76932370e-01  3.19620569e-01  2.14056724e-01 -2.52038871e-01
    -8.99642712e-01]]

  [[ 4.51059296e-02  4.74690173e-01  2.82505313e-01 -5.93209655e-02
    -5.97271415e-01]
   [ 3.62439130e-01  6.12216715e-01  2.47447379e-01 -4.57947101e-02
    -8.20689464e-01]
   [ 2.39241810e-01  8.47619904e-02 -2.66337775e-01 -4.19270065e-01
    -9.32026880e-01]
   [ 5.50149463e-01  7.55827465e-01  5.29328767e-01  3.03225838e-01
     3.03832312e-02]
   [ 2.87927735e-01  6.83113776e-01  8.09350899e-01  5.76815981e-01
     4.20203138e-01]]

  [[-1.97164460e-01  9.64198086e-02 -9.54047366e-03 -9.23508717e-02
    -7.64491711e-01]
   [-8.61996638e-02  1.84466865e-01 -1.23113548e-01 -2.30751055e-01
    -9.29940304e-01]
   [-2.76408682e-02 -1.59258306e-01 -5.99904194e-01 -5.89629569e-01
    -9.87034747e-01]
   [ 2.67531005e-01  3.83145475e-01  3.02090018e-01  2.73568685e-01
    -7.88312466e-02]
   [ 1.75963420e-01  4.43186094e-01  7.92494240e-01  7.67762227e-01
     4.03625851e-01]]

  [[-5.14788755e-01 -1.62521652e-02  5.23580271e-01  5.03147612e-01
    -3.16543969e-01]
   [-5.49008970e-01  1.33708134e-02  5.43964365e-01  4.30697793e-01
    -4.69778956e-01]
   [-1.93874880e-01  4.00479909e-01  7.03103392e-01  5.25036232e-01
    -5.12718942e-02]
   [-1.71129049e-02  3.12643621e-01  2.08886198e-01  1.25507817e-01
    -3.33416957e-01]
   [-7.96129222e-03  1.75219259e-01  4.69473542e-02  8.94213374e-02
    -4.73739075e-01]]

  [[-4.44466981e-03  3.03127043e-01  1.00289116e-01 -3.06354033e-01
    -9.42121614e-01]
   [ 7.45091944e-02  3.01759841e-01 -2.46173401e-02 -3.97745314e-01
    -1.17016071e+00]
   [ 8.79730356e-02 -2.30622366e-01 -5.92852240e-01 -6.63869488e-01
    -1.04957212e+00]
   [ 5.71578111e-01  4.57119455e-01  4.01174601e-01  2.86810725e-01
    -2.84317951e-02]
   [ 4.07795619e-01  7.01293795e-01  1.00596826e+00  7.81588721e-01
     4.78263581e-01]]

  [[ 1.70883950e-01  6.48801397e-01  3.27779077e-01 -1.60683756e-01
    -6.50430476e-01]
   [ 3.90828243e-01  6.77187093e-01  1.99672218e-01 -2.04379496e-01
    -8.53715636e-01]
   [ 3.42044184e-01  1.13324567e-01 -3.76534406e-01 -5.44776393e-01
    -9.34339778e-01]
   [ 7.00761251e-01  8.07746417e-01  4.60347194e-01  3.20023786e-01
     1.45293402e-01]
   [ 3.22134878e-01  6.71381158e-01  7.44699191e-01  6.15993242e-01
     4.94322578e-01]]]


 [[[ 2.65689399e-02 -5.74696273e-02 -6.07969050e-02 -8.67051326e-02
    -8.27506061e-01]
   [-1.56578375e-01 -3.11961964e-01 -3.26582909e-01 -3.57442101e-01
    -1.09677430e+00]
   [-1.65272268e-01 -1.27756343e-01 -8.45294015e-02 -2.42100846e-01
    -9.60630706e-01]
   [ 6.18559515e-02  5.03310573e-02  1.12259795e-01 -3.99867711e-01
    -1.16072053e+00]
   [ 5.22530238e-01  4.97125499e-01  7.07085620e-01  1.18309511e-01
    -7.02139863e-01]]

  [[-1.63519386e-01 -7.55755246e-03 -3.12546976e-01 -4.83709814e-01
    -8.87017937e-01]
   [ 3.79356019e-01  5.10475471e-01  3.10870319e-01  2.29769298e-01
    -3.73430822e-01]
   [ 6.22089483e-01  6.67646127e-01  5.13189967e-01  2.40301220e-01
    -5.66770576e-01]
   [ 8.14084596e-01  1.13564353e+00  9.14776111e-01  3.91246873e-01
    -2.95823722e-01]
   [ 2.74229183e-02  2.20745702e-01  2.21608808e-01 -1.19678596e-01
    -3.20793396e-01]]

  [[-2.93647673e-01 -2.88274375e-01 -4.63662213e-01 -3.78319448e-01
    -1.00254225e+00]
   [-8.63737882e-02 -3.66377422e-02 -1.92589467e-01 -2.67015443e-02
    -6.25685709e-01]
   [ 2.36020417e-01  8.85731511e-02 -6.51187744e-02 -1.61705601e-01
    -8.76726135e-01]
   [ 4.01812891e-01  3.55398476e-01  4.64587738e-01  1.20446484e-01
    -5.27339373e-01]
   [-2.44659450e-01 -1.69518175e-01  1.46732542e-01 -7.54894624e-02
    -2.93248336e-01]]

  [[-6.67640496e-01 -1.78195559e-01  3.32193632e-01  4.93934198e-01
    -2.03222648e-01]
   [-6.83790994e-01 -2.61712200e-01  5.76143241e-02  5.95734871e-02
    -7.14928996e-01]
   [-5.29930019e-01 -9.26520703e-02  1.44454053e-01  2.84917130e-01
    -1.39034916e-01]
   [-3.47947962e-01 -6.80293099e-02  7.02815888e-02  4.08815510e-01
     3.70652088e-02]
   [ 1.40761478e-01  3.04277186e-01  4.55824047e-01  5.66790901e-01
    -2.53027900e-01]]

  [[-1.39672035e-01 -1.17701638e-01 -3.14185038e-01 -5.17301749e-01
    -1.06926416e+00]
   [-2.61067203e-02 -2.07706980e-02 -2.84672537e-02 -1.63470660e-01
    -8.86814481e-01]
   [ 2.74112408e-01  8.55189266e-02  5.97473237e-03 -2.90883469e-01
    -1.01899494e+00]
   [ 5.57821147e-01  5.96225995e-01  6.03340012e-01  7.00495510e-02
    -4.89036307e-01]
   [-1.68569972e-01  1.34887294e-01  3.82887464e-01 -7.51234783e-02
    -1.74603842e-01]]

  [[-3.42090856e-02  1.16381029e-01 -2.71349677e-01 -5.19707344e-01
    -8.81905280e-01]
   [ 3.66304978e-01  5.73492915e-01  3.28503415e-01  1.56773409e-01
    -3.68056308e-01]
   [ 6.51339552e-01  7.11199412e-01  4.28513884e-01  1.18240816e-01
    -6.38352308e-01]
   [ 8.86848902e-01  1.18493976e+00  8.58529535e-01  3.86721230e-01
    -2.60953992e-01]
   [ 1.20613758e-03  2.03700453e-01  2.02199901e-01 -5.14187164e-02
    -2.40726248e-01]]]


 [[[ 6.97492132e-02  6.82206227e-02 -4.55062791e-02 -2.33076820e-01
    -8.33670483e-01]
   [-4.11577842e-02  4.83101067e-02 -1.49457366e-02 -1.46944116e-01
    -7.67452080e-01]
   [-2.17285377e-02  2.74728241e-01  3.04270453e-01 -7.82335126e-02
    -8.24201433e-01]
   [ 5.43749088e-02  2.72947899e-01  6.22545136e-02 -7.02812775e-01
    -1.39923125e+00]
   [ 4.55747832e-01  5.53399745e-01  3.16275729e-01 -4.34220745e-01
    -9.97423772e-01]]

  [[ 1.31915142e-01  5.06545475e-01  3.38060288e-01  5.59946514e-02
    -3.57465287e-01]
   [ 4.38581156e-01  7.05095657e-01  3.58075726e-01  8.07084591e-02
    -5.20597890e-01]
   [ 5.77499255e-01  5.19623593e-01  2.67760058e-03 -4.46755955e-01
    -1.01590087e+00]
   [ 9.00074991e-01  1.09341857e+00  5.82298787e-01  1.51746234e-02
    -2.82401423e-01]
   [ 2.97529457e-01  6.46489198e-01  6.18860410e-01  2.68746660e-01
     2.13813320e-01]]

  [[-9.49579182e-02  1.22277333e-01 -1.22046109e-02 -5.08952718e-02
    -6.03083090e-01]
   [-2.29942410e-02  2.30177463e-01 -3.30380285e-02 -1.57581836e-01
    -7.87357085e-01]
   [ 1.74179311e-01  1.55882502e-01 -3.09912864e-01 -6.32898824e-01
    -1.17940378e+00]
   [ 4.47086029e-01  6.44989370e-01  4.04130125e-01 -4.49537445e-02
    -4.42726344e-01]
   [ 1.01025847e-01  4.32403455e-01  6.39041488e-01  4.18947938e-01
     2.53416378e-01]]

  [[-5.81024973e-01 -5.32580002e-02  4.79562563e-01  4.60707521e-01
    -2.56547258e-01]
   [-5.61357593e-01 -3.55500807e-02  3.71213762e-01  2.48643336e-01
    -4.76303405e-01]
   [-2.45151844e-01  3.15124194e-01  6.01964406e-01  4.83516699e-01
    -1.43896985e-02]
   [-7.52087197e-02  3.24410765e-01  3.94194729e-01  3.01512681e-01
    -2.25180428e-01]
   [ 6.46319249e-02  3.93684635e-01  3.84379369e-01  2.10110113e-01
    -4.67471257e-01]]

  [[ 1.15953585e-01  3.49457117e-01  1.18452180e-01 -1.90954046e-01
    -7.11108763e-01]
   [ 1.23531440e-01  2.77956485e-01 -9.46385693e-03 -2.97479132e-01
    -9.37761495e-01]
   [ 3.05529341e-01  3.64827918e-02 -4.08884214e-01 -7.17165005e-01
    -1.15999232e+00]
   [ 7.33344495e-01  6.17783834e-01  3.51388485e-01 -3.83044045e-02
    -3.18731630e-01]
   [ 2.62315327e-01  5.36872159e-01  7.08555097e-01  4.26107913e-01
     3.53454545e-01]]

  [[ 2.69905745e-01  6.85667932e-01  3.87073452e-01 -2.20390129e-02
    -3.74719087e-01]
   [ 4.90085251e-01  7.75843634e-01  2.88210071e-01 -6.97648210e-02
    -5.26496732e-01]
   [ 6.80256077e-01  5.43434055e-01 -1.22326313e-01 -5.57781523e-01
    -9.89890271e-01]
   [ 1.03420185e+00  1.11366848e+00  4.89683706e-01  4.26409861e-02
    -1.54945890e-01]
   [ 2.86923371e-01  5.91629936e-01  5.45388218e-01  3.24921795e-01
     3.04585530e-01]]]


 [[[-4.55167043e-02 -9.64846661e-02 -1.04731983e-01 -1.70627216e-01
    -7.58027439e-01]
   [-1.62803483e-01 -2.90229804e-01 -4.20729537e-01 -4.44168987e-01
    -8.44902526e-01]
   [-5.97296906e-02 -1.71113784e-01 -2.87847728e-01 -4.60539324e-01
    -9.54930855e-01]
   [-6.79770972e-02 -1.16591025e-01 -9.37428282e-02 -4.96023222e-01
    -1.23574002e+00]
   [-2.29597047e-02  9.80219223e-02  4.50677552e-01 -3.15555524e-02
    -8.24532461e-01]]

  [[ 1.42519323e-01  1.87521406e-01 -3.17919743e-01 -3.63978201e-01
    -4.58618469e-01]
   [ 5.47351620e-01  4.91287534e-01  7.31564199e-02 -3.02539614e-02
    -5.19764764e-01]
   [ 4.54402763e-01  3.70492092e-01  1.96641754e-01 -3.58764832e-03
    -6.93809713e-01]
   [ 4.55413142e-01  7.94441360e-01  7.70052148e-01  5.16156653e-01
     2.74191837e-02]
   [ 2.27696609e-01  5.83774871e-01  7.45752632e-01  5.40710490e-01
     5.11292657e-01]]

  [[-2.34570396e-02 -1.03299381e-01 -5.68824683e-01 -6.07019928e-01
    -8.54487744e-01]
   [-3.98983645e-03 -1.06982644e-01 -5.38238333e-01 -4.55833293e-01
    -8.51694144e-01]
   [-6.06641755e-02 -2.77625654e-01 -3.78421759e-01 -2.76168836e-01
    -8.58056972e-01]
   [ 7.81135225e-03  1.70580184e-01  5.23089366e-01  4.51184029e-01
    -1.88676823e-01]
   [ 3.76231862e-02  3.29201351e-01  7.60515990e-01  6.74487370e-01
     4.67970618e-01]]

  [[-3.82257189e-01  4.68803910e-02  3.03994295e-01  2.05960436e-01
    -4.31343433e-01]
   [-3.29837838e-01  8.51407250e-02  2.12561964e-01 -8.44598220e-02
    -7.29048438e-01]
   [-6.35771677e-02  3.01661223e-01  2.95531219e-01  1.35660661e-01
    -1.14893818e-01]
   [ 1.27869791e-01  2.73598688e-01  2.19565582e-01  3.55258213e-01
    -1.28854915e-02]
   [ 8.63529898e-02  1.54978356e-01  2.60393225e-01  4.20858818e-01
    -2.71707134e-01]]

  [[ 7.76995446e-02 -5.02585834e-02 -4.61742901e-01 -6.01463028e-01
    -7.62182346e-01]
   [ 1.28830772e-01 -6.37393713e-02 -3.66580528e-01 -4.89427594e-01
    -9.06530887e-01]
   [ 8.11713374e-02 -1.93690963e-01 -2.60839960e-01 -3.17376431e-01
    -8.70668614e-01]
   [ 2.47931644e-01  4.08669499e-01  6.35339268e-01  4.21702912e-01
    -6.21040711e-02]
   [ 1.75362134e-01  6.13826931e-01  9.44908659e-01  7.32264764e-01
     6.70287708e-01]]

  [[ 2.84999655e-01  3.57401250e-01 -2.19795413e-01 -3.62952214e-01
    -4.39092065e-01]
   [ 5.51645272e-01  5.80094923e-01  8.07510397e-02 -1.43930388e-01
    -5.29640261e-01]
   [ 5.22825811e-01  4.43297483e-01  1.15990214e-01 -1.02771489e-01
    -6.86759246e-01]
   [ 5.65674205e-01  9.03672506e-01  7.70527518e-01  5.81675693e-01
     1.64161637e-01]
   [ 2.18911437e-01  5.84377788e-01  7.27823455e-01  6.29384653e-01
     6.23999682e-01]]]


 [[[ 1.24591222e-01  3.39394061e-01  3.83629977e-01  2.14319628e-01
    -5.56195844e-01]
   [ 9.59626112e-02 -1.29339409e-01 -4.99184041e-01 -6.52798909e-01
    -1.10670249e+00]
   [ 3.00070871e-02 -3.47603278e-01 -6.96734353e-01 -8.67460063e-01
    -1.25819060e+00]
   [ 1.99991342e-02 -2.73493827e-01  1.43043061e-01 -1.89316164e-02
    -7.21252074e-01]
   [ 7.09707928e-02  4.35460751e-02  9.65639603e-01  6.52145877e-01
    -2.55129633e-01]]

  [[ 7.24445517e-02  1.07859692e-01 -5.31241730e-01 -7.01517182e-01
    -7.32186756e-01]
   [ 2.16780088e-01  1.99377597e-01  1.38206353e-02  2.62160760e-01
     1.45550934e-01]
   [ 1.37638660e-01  1.92178351e-01  6.08162459e-01  1.00146913e+00
     5.64830956e-01]
   [ 4.13141079e-01  6.05082218e-01  9.25136407e-01  8.56329046e-01
     2.47513470e-01]
   [ 2.86962954e-01  8.15004163e-02 -5.29194069e-02 -5.55769914e-01
    -8.35913124e-01]]

  [[-1.30088470e-01 -2.33491728e-01 -8.62649829e-01 -9.58421610e-01
    -1.27469950e+00]
   [-6.65450550e-02 -3.57777688e-01 -7.47686975e-01 -4.29891516e-01
    -5.89491089e-01]
   [ 3.14206299e-02 -3.44158185e-01 -2.49689382e-02  3.86321877e-01
    -1.00308507e-01]
   [ 1.89980396e-01  7.89120202e-02  6.88573752e-01  5.53054061e-01
    -1.42723729e-01]
   [ 7.28932642e-02 -6.15132917e-02  1.37853936e-01 -4.26348228e-01
    -8.46576220e-01]]

  [[-4.96387701e-01  1.08132338e-01  5.55192059e-01  5.93946426e-01
    -1.38790100e-01]
   [-3.57356055e-01  1.16141574e-01  1.90442609e-01 -6.69431950e-02
    -8.23008978e-01]
   [-2.73891702e-01 -9.70706565e-02 -3.37400464e-01 -3.30031001e-01
    -3.60466887e-01]
   [-5.64087219e-02 -1.91475134e-01 -4.04156732e-01  1.27800520e-01
     3.38409740e-01]
   [ 2.92125458e-01  1.96624110e-01  3.78006083e-01  8.90807970e-01
     5.28791760e-01]]

  [[ 9.31332092e-02 -1.00107977e-01 -6.84181871e-01 -8.78223922e-01
    -1.05172749e+00]
   [-5.33192242e-03 -3.45118692e-01 -4.53430088e-01 -2.64839277e-01
    -4.42625199e-01]
   [-1.43282070e-01 -3.74088654e-01  1.53872258e-01  5.11258984e-01
     1.09767300e-02]
   [ 1.15599825e-02  1.37406635e-01  8.28390435e-01  6.32712910e-01
    -7.12791937e-02]
   [-1.49613792e-01 -4.98159735e-02  1.50184755e-01 -5.19697035e-01
    -7.95227279e-01]]

  [[ 1.94571706e-01  2.08663196e-01 -5.58770171e-01 -7.83087061e-01
    -6.75666822e-01]
   [ 1.71613172e-01  2.14430732e-01 -3.91873038e-02  1.77301293e-01
     2.07992811e-01]
   [ 1.38098967e-01  2.09592676e-01  5.53317853e-01  1.00253520e+00
     6.08928627e-01]
   [ 4.13749618e-01  6.21950259e-01  9.19319144e-01  9.02462658e-01
     3.03374236e-01]
   [ 2.14205255e-01  4.38700718e-02 -5.41933684e-02 -5.02348505e-01
    -7.71012826e-01]]]


 [[[-7.40595253e-02 -9.56551333e-02 -1.46655328e-02  7.03080829e-02
    -5.37650090e-01]
   [-3.21021252e-01 -5.59200853e-01 -6.36017150e-01 -4.16973851e-01
    -6.92854379e-01]
   [-9.19892570e-02 -2.80775867e-01 -4.05343006e-01 -3.53701005e-01
    -7.00346687e-01]
   [ 2.89290789e-01  2.05259976e-01  1.81999883e-01 -8.20794844e-02
    -7.48296512e-01]
   [ 3.19504290e-01  2.90545658e-01  6.80022238e-01  4.48490182e-01
    -3.15408500e-01]]

  [[-4.09949513e-02 -6.13569026e-02 -6.38271706e-01 -6.69375648e-01
    -5.51450862e-01]
   [ 7.12233917e-01  6.36676049e-01  6.11567367e-02 -7.63862489e-02
    -4.44056359e-01]
   [ 7.21694638e-01  5.41069805e-01  2.08100954e-01  9.24028072e-02
    -4.91852030e-01]
   [ 3.49235565e-01  4.89686015e-01  4.71037585e-01  4.66742085e-01
     6.05939843e-02]
   [-1.77504259e-01  2.62722112e-02  2.44927257e-01  1.90785335e-01
     8.03418095e-02]]

  [[-1.56889495e-01 -4.49272004e-01 -9.34278060e-01 -7.58086493e-01
    -9.08994475e-01]
   [ 1.38440076e-01 -9.31794891e-02 -6.10163243e-01 -4.13404840e-01
    -7.10463578e-01]
   [ 2.51134388e-01 -3.34152176e-02 -3.13418367e-01 -1.65565936e-01
    -6.64360582e-01]
   [ 6.86703834e-02  4.00659576e-02  2.81159776e-01  3.91635025e-01
    -9.10055516e-02]
   [-2.41475288e-01 -1.34649422e-01  3.70585366e-01  4.30066363e-01
     1.70293007e-01]]

  [[-4.33393712e-01 -1.13934953e-01  8.11697071e-03 -4.23716734e-02
    -6.07406814e-01]
   [-4.13879204e-01 -4.01026828e-02 -1.03429450e-01 -3.44731828e-01
    -8.19819003e-01]
   [-1.13392701e-01  2.71641725e-01  4.10040954e-02 -1.64399028e-02
     5.36177372e-02]
   [ 2.74653081e-01  4.80842620e-01  1.23368521e-01  3.37956181e-01
     3.16009374e-01]
   [ 4.06625800e-01  4.25422914e-01  1.65894962e-01  4.06829695e-01
     5.33931874e-02]]

  [[-9.96850385e-02 -3.29648537e-01 -7.86303264e-01 -8.44838477e-01
    -8.18902541e-01]
   [ 2.67981792e-01 -1.17884948e-02 -4.42735851e-01 -5.14187280e-01
    -8.75965343e-01]
   [ 3.79877511e-01 -1.86377201e-02 -2.23362149e-01 -1.99098977e-01
    -7.19278977e-01]
   [ 1.90734648e-01  1.42196102e-01  4.57186345e-01  4.83814124e-01
    -1.36157795e-02]
   [-2.21374914e-01  9.90931642e-02  6.20711200e-01  5.12826354e-01
     2.38404803e-01]]

  [[ 1.13313579e-01  1.26941910e-01 -5.74422929e-01 -7.45986334e-01
    -5.77645798e-01]
   [ 7.15830932e-01  7.11762625e-01  3.99914368e-02 -2.22691981e-01
    -4.92826791e-01]
   [ 7.48542826e-01  5.63954485e-01  1.21357882e-01 -1.70122815e-02
    -5.33498129e-01]
   [ 4.12675010e-01  5.66727932e-01  5.09105162e-01  5.30740695e-01
     1.39215979e-01]
   [-1.93473456e-01  2.80301302e-02  2.75296118e-01  2.94754106e-01
     1.61120220e-01]]]


 [[[ 7.22332098e-02  6.26848887e-02  9.11501990e-02 -3.70559344e-02
    -7.01869601e-01]
   [ 1.97529984e-01  3.90560892e-01  4.01609781e-01  1.63160307e-01
    -5.15454854e-01]
   [ 4.46684312e-01  4.03373951e-01  7.45117351e-02 -5.07669151e-01
    -1.10778383e+00]
   [ 1.03025662e-01 -4.70279653e-01 -8.62640420e-01 -1.12940169e+00
    -1.31362729e+00]
   [-1.59203390e-01 -6.64746850e-01 -2.78655232e-01 -1.02701573e-01
    -3.51486025e-01]]

  [[ 4.63648416e-02  5.35761380e-01  4.06775139e-01  1.73476094e-01
    -3.44665072e-01]
   [ 2.64843562e-01  5.00912159e-02 -4.79109138e-01 -5.42247355e-01
    -7.87363962e-01]
   [-9.01954175e-02 -8.64026645e-01 -1.16041248e+00 -6.68006281e-01
    -5.08821428e-01]
   [-9.23228662e-03 -1.70987837e-01  1.63881676e-01  7.53175039e-01
     8.68138110e-01]
   [ 4.45169335e-01  6.13040486e-01  9.56545543e-01  1.07355954e+00
     9.17205891e-01]]

  [[-5.00741005e-02  1.24195429e-01  5.93530650e-02  3.57602852e-02
    -6.28375721e-01]
   [ 2.33975661e-01 -1.12691045e-01 -6.70082114e-01 -5.32818848e-01
    -9.12166939e-01]
   [ 7.09136915e-02 -8.68331275e-01 -1.32169630e+00 -7.61442369e-01
    -5.72230074e-01]
   [ 7.30688819e-02 -2.95912469e-01  1.86187966e-02  6.08725996e-01
     7.11397614e-01]
   [ 5.22706156e-01  5.00172189e-01  9.19131555e-01  1.06463374e+00
     7.77458051e-01]]

  [[-3.14429752e-01  1.23841997e-01  6.00516616e-01  5.31607723e-01
    -3.37954773e-01]
   [-1.70042815e-01  3.92976503e-01  8.25459784e-01  5.16452172e-01
    -5.67282066e-01]
   [ 4.73964916e-01  8.07284635e-01  6.17366130e-01  2.14552135e-01
    -3.82984817e-01]
   [ 5.94534680e-01  2.47938403e-01 -5.31431820e-01 -5.86952565e-01
    -5.68491358e-01]
   [ 1.07927886e-01 -3.47621200e-01 -8.20331075e-01 -3.40713704e-01
    -1.00360480e-01]]

  [[ 7.39532110e-02  3.63350567e-01  2.36023365e-01 -5.20452717e-02
    -6.33007644e-01]
   [ 1.36381387e-01 -1.32071160e-01 -5.04808326e-01 -6.06928009e-01
    -8.57319728e-01]
   [-1.34717219e-01 -1.04276781e+00 -1.14675597e+00 -6.46004994e-01
    -4.55681381e-01]
   [-9.57297981e-02 -3.46810203e-01  3.28323249e-01  8.04113957e-01
     7.91182576e-01]
   [ 3.39593272e-01  5.70615490e-01  1.18220389e+00  1.14928523e+00
     7.53530039e-01]]

  [[ 1.65019301e-01  6.97034867e-01  3.84567494e-01  2.83277242e-02
    -3.75988837e-01]
   [ 2.56406828e-01  7.87020283e-02 -5.70763405e-01 -7.03215473e-01
    -8.15210905e-01]
   [-6.67910159e-02 -8.38044283e-01 -1.18245399e+00 -6.93125400e-01
    -4.66177293e-01]
   [ 2.61791755e-02 -1.09659028e-01  2.10719130e-01  8.56861702e-01
     1.01031112e+00]
   [ 3.58647279e-01  5.63657770e-01  9.55742314e-01  1.13690286e+00
     9.50269970e-01]]]


 [[[-1.12614067e-01 -1.00144364e-01 -5.68660749e-02 -7.80780935e-02
    -6.74713216e-01]
   [-1.89272765e-01 -3.29250504e-01 -4.83882940e-01 -4.72713014e-01
    -8.32299095e-01]
   [-4.58087138e-02 -1.37897204e-01 -2.88704300e-01 -4.64799607e-01
    -9.56694813e-01]
   [ 2.23272071e-02  2.68036659e-02  6.09651552e-02 -4.07942272e-01
    -1.16796315e+00]
   [ 5.72623165e-02  1.76232550e-01  5.98863200e-01  1.18255494e-01
    -7.10154245e-01]]

  [[ 1.17884457e-01  1.90374183e-01 -4.03309529e-01 -5.50620734e-01
    -6.30265720e-01]
   [ 6.07623565e-01  6.08175312e-01  1.58522853e-01 -1.36111177e-02
    -5.30556844e-01]
   [ 4.72859432e-01  4.60165618e-01  3.37493295e-01  1.11166897e-01
    -6.07014384e-01]
   [ 3.61876123e-01  6.98835067e-01  7.70001983e-01  5.40371145e-01
     2.42293809e-02]
   [ 9.43804354e-02  3.66198353e-01  5.33496400e-01  3.37819918e-01
     2.60071106e-01]]

  [[-4.59000729e-02 -1.13121875e-01 -6.25741495e-01 -6.96945136e-01
    -9.63393242e-01]
   [ 1.12384631e-02 -4.95381414e-02 -4.57713685e-01 -3.86983103e-01
    -8.29667132e-01]
   [-4.46634477e-02 -1.92393597e-01 -2.22061754e-01 -1.61370998e-01
    -8.08425001e-01]
   [-1.96758605e-02  1.17048697e-01  5.24325236e-01  4.47309259e-01
    -1.85190060e-01]
   [-8.79190114e-02  1.34423725e-01  5.92113731e-01  4.89127468e-01
     2.76251818e-01]]

  [[-5.00048482e-01 -3.44856669e-02  2.70666707e-01  1.90995989e-01
    -4.12817304e-01]
   [-4.39418077e-01  3.70354025e-02  1.75983975e-01 -1.23153328e-01
    -7.49916115e-01]
   [-1.61531798e-01  2.59060724e-01  2.57594020e-01  1.45470278e-01
    -5.72183370e-02]
   [ 5.22940710e-02  2.62221666e-01  2.22098842e-01  4.41589296e-01
     1.55845434e-01]
   [ 1.03245204e-01  1.96823287e-01  3.09265025e-01  5.25724548e-01
    -1.00698036e-01]]

  [[ 4.50506211e-02 -5.88991637e-02 -5.27433220e-01 -7.02059143e-01
    -8.33802123e-01]
   [ 1.68797852e-01  2.45939397e-03 -3.17818244e-01 -4.68418258e-01
    -9.08366870e-01]
   [ 1.25473543e-01 -9.82943838e-02 -1.42724497e-01 -2.53868524e-01
    -8.19450832e-01]
   [ 1.55348039e-01  3.36848879e-01  6.52547398e-01  4.19914952e-01
    -6.74721096e-02]
   [-2.81834183e-02  3.77146452e-01  7.70589970e-01  5.25234986e-01
     4.36715209e-01]]

  [[ 2.56602602e-01  3.51778399e-01 -3.35551629e-01 -5.78700149e-01
    -6.18599382e-01]
   [ 6.01768597e-01  6.70794473e-01  1.29187192e-01 -1.42515011e-01
    -5.40580045e-01]
   [ 5.20700293e-01  5.03129544e-01  2.31641955e-01 -1.09038130e-03
    -6.12165505e-01]
   [ 4.52517315e-01  8.01548651e-01  7.72874402e-01  5.97421996e-01
     1.37892302e-01]
   [ 7.47173211e-02  3.66985568e-01  5.28964753e-01  4.27133369e-01
     3.62033093e-01]]]


 [[[ 2.93591586e-01  1.73535655e-01  1.15591712e-01  1.77478681e-02
    -7.36923726e-01]
   [-7.59004590e-02 -3.46104705e-01 -3.69303196e-01 -4.20138941e-01
    -1.14110710e+00]
   [-2.77059714e-01 -3.20005182e-01 -3.06562361e-01 -4.52528570e-01
    -1.03011974e+00]
   [-1.93046010e-02 -4.33900896e-02  3.60589478e-02 -3.86194180e-01
    -9.66765238e-01]
   [ 5.57072553e-01  4.76016898e-01  6.64912015e-01  1.14300461e-01
    -5.86004073e-01]]

  [[-2.73427953e-01 -1.90758419e-01 -4.06384086e-01 -4.63298806e-01
    -8.09739014e-01]
   [ 2.12194454e-01  3.58392777e-01  2.59066750e-01  3.26301320e-01
    -1.08133979e-01]
   [ 6.85317667e-01  8.12827513e-01  6.60547738e-01  4.57043366e-01
    -2.24785374e-01]
   [ 1.02841703e+00  1.34692787e+00  9.34589056e-01  3.62781246e-01
    -2.82165241e-01]
   [ 1.94076101e-01  2.17775742e-01  2.59125044e-02 -3.61611719e-01
    -5.42629214e-01]]

  [[-3.30447422e-01 -4.68761249e-01 -6.84195033e-01 -5.30101515e-01
    -1.08211110e+00]
   [-2.23913720e-01 -2.24870582e-01 -3.51698449e-01 -1.24879422e-01
    -6.00646250e-01]
   [ 2.97676468e-01  1.75382063e-01 -2.23066559e-02 -1.11363838e-01
    -7.11192093e-01]
   [ 6.16295820e-01  5.27516542e-01  4.56353385e-01  4.35000043e-02
    -5.59730469e-01]
   [-5.68401242e-02 -1.44371656e-01 -1.26095391e-02 -3.18468614e-01
    -5.28695520e-01]]

  [[-4.15374171e-01  2.49777137e-02  4.31868521e-01  6.03384031e-01
    -6.64918608e-02]
   [-4.74926362e-01 -1.55422371e-01  2.61563736e-02  7.52765129e-03
    -7.63426015e-01]
   [-5.18082909e-01 -1.71164505e-01 -2.63586082e-02  9.92205098e-02
    -2.76113660e-01]
   [-3.13283743e-01 -6.65630517e-02  2.76408705e-02  3.81431911e-01
     1.49424937e-01]
   [ 3.37061219e-01  5.47617516e-01  6.39623405e-01  7.54898927e-01
     4.08370689e-02]]

  [[-2.26096034e-01 -3.07526746e-01 -4.42569865e-01 -5.32949060e-01
    -1.07523148e+00]
   [-1.91697391e-01 -1.76006786e-01 -9.81935565e-02 -1.28382744e-01
    -7.31481944e-01]
   [ 3.05202740e-01  1.61428151e-01  8.92509850e-02 -1.29179239e-01
    -7.74543184e-01]
   [ 7.36418782e-01  6.94033662e-01  5.59702166e-01  4.21254283e-02
    -4.85846800e-01]
   [-5.28817234e-02  6.73559364e-02  1.45959648e-01 -3.33759934e-01
    -3.86880888e-01]]

  [[-1.73263925e-01 -7.75235741e-02 -3.65089325e-01 -4.78551404e-01
    -7.59240074e-01]
   [ 2.06366031e-01  4.35686239e-01  2.97748067e-01  3.01508459e-01
    -5.44927779e-02]
   [ 7.46697962e-01  8.78501136e-01  6.04082730e-01  3.88786911e-01
    -2.67584349e-01]
   [ 1.12688427e+00  1.40022157e+00  8.79226911e-01  3.60965229e-01
    -2.49050769e-01]
   [ 1.68265042e-01  1.97720928e-01  7.63517496e-03 -3.06021228e-01
    -4.65409145e-01]]]


 [[[ 1.42383875e-01  3.40351388e-01  3.10316016e-01  1.47377200e-01
    -5.60798482e-01]
   [ 8.76119165e-02 -1.93883338e-01 -6.23247722e-01 -6.78232471e-01
    -1.04162625e+00]
   [ 1.16113113e-01 -3.67232716e-01 -7.66723358e-01 -7.37802688e-01
    -1.03199031e+00]
   [ 7.78310886e-02 -3.01217778e-01  1.21315440e-01  1.52818931e-01
    -5.12683995e-01]
   [-2.74049217e-03 -6.68321990e-02  9.48912161e-01  8.03105404e-01
    -1.07245790e-01]]

  [[ 1.17406164e-01  3.65559041e-02 -6.93991419e-01 -7.76847471e-01
    -5.76990190e-01]
   [ 3.32342198e-01  1.92143480e-01 -1.02065702e-01  2.72501054e-01
     3.62737059e-01]
   [ 1.51293707e-01  1.15266318e-01  4.92632124e-01  1.08511155e+00
     7.44442844e-01]
   [ 3.22812388e-01  5.21978813e-01  8.76504791e-01  9.73964787e-01
     3.69404126e-01]
   [ 3.01775330e-01  1.70765000e-01  3.70860672e-02 -4.10648416e-01
    -6.82884239e-01]]

  [[-5.85325744e-02 -2.49805161e-01 -9.74705493e-01 -9.83672995e-01
    -1.10400198e+00]
   [ 5.90274858e-02 -3.26428801e-01 -8.13028577e-01 -3.45159979e-01
    -3.60723202e-01]
   [ 6.74086639e-02 -4.11368251e-01 -1.36761358e-01  4.84433923e-01
     6.64478537e-02]
   [ 9.18610476e-02 -2.77373455e-02  6.42307954e-01  6.57389582e-01
    -5.18936665e-02]
   [ 8.24524567e-02  6.01457044e-03  2.28479503e-01 -2.96445928e-01
    -7.21411625e-01]]

  [[-4.06556298e-01  1.69818661e-01  4.75600469e-01  4.02466869e-01
    -2.34959492e-01]
   [-2.96779796e-01  1.27358351e-01  3.78745133e-02 -2.93839100e-01
    -8.88744051e-01]
   [-1.42288070e-01 -3.05125031e-02 -4.59242882e-01 -4.73548867e-01
    -2.93191192e-01]
   [ 1.17021124e-01 -1.02131860e-01 -4.76844020e-01  1.11127864e-01
     4.65454495e-01]
   [ 3.59945025e-01  1.82635124e-01  2.73274005e-01  8.65186794e-01
     6.14746208e-01]]

  [[ 1.48258683e-01 -1.79514522e-01 -8.40956206e-01 -8.83823648e-01
    -8.95492941e-01]
   [ 1.02533444e-01 -3.92067795e-01 -5.33843328e-01 -1.39765072e-01
    -2.21343535e-01]
   [-1.57575091e-01 -5.07346279e-01  8.05031729e-02  6.63007857e-01
     1.49329087e-01]
   [-1.28902291e-01  1.41509960e-02  8.31925956e-01  7.74737708e-01
    -1.52906602e-02]
   [-1.38276569e-01  5.83049608e-02  2.92996468e-01 -3.56745214e-01
    -6.79535964e-01]]

  [[ 2.41781549e-01  1.33612482e-01 -7.10569798e-01 -8.43014124e-01
    -5.16932758e-01]
   [ 2.89670491e-01  2.17410661e-01 -1.23413802e-01  2.18361027e-01
     4.33148541e-01]
   [ 1.49021738e-01  1.34869416e-01  4.63515071e-01  1.11046943e+00
     7.82940726e-01]
   [ 3.17948133e-01  5.44700781e-01  9.05610097e-01  1.02978498e+00
     4.15081064e-01]
   [ 2.37584528e-01  1.48613116e-01  6.18268649e-02 -3.48718395e-01
    -6.14152318e-01]]]


 [[[ 1.25334832e-01  4.01376873e-01  4.82227137e-01  3.12302377e-01
    -4.09775461e-01]
   [ 1.50210771e-02 -1.15812998e-01 -4.72446836e-01 -5.77130249e-01
    -9.04772555e-01]
   [-1.29816156e-02 -4.01711722e-01 -9.13121123e-01 -1.01021886e+00
    -1.25139467e+00]
   [ 1.33056372e-02 -3.33869957e-01  1.09531345e-02 -4.39678357e-02
    -6.82806416e-01]
   [-3.36971743e-02 -4.23845968e-02  9.98724521e-01  8.54658480e-01
    -2.80172706e-03]]

  [[-5.02499042e-02 -3.67320766e-02 -7.57678531e-01 -9.15572633e-01
    -7.18850340e-01]
   [ 2.75096987e-01  1.78492508e-01 -2.24749615e-01 -6.03140883e-02
    -9.84177703e-02]
   [ 2.95671250e-01  2.54717315e-01  4.26032800e-01  7.59505513e-01
     4.49611779e-01]
   [ 3.36111851e-01  5.19009253e-01  8.89378828e-01  1.02112918e+00
     5.21016325e-01]
   [ 8.33454562e-02  6.94980419e-02  1.37922233e-01 -2.36256173e-01
    -5.13301697e-01]]

  [[-2.06373453e-01 -3.47370297e-01 -1.05143106e+00 -1.13702890e+00
    -1.25782750e+00]
   [-4.79754756e-02 -3.89459342e-01 -9.76692904e-01 -6.67495607e-01
    -7.26901992e-01]
   [ 9.71827406e-02 -3.30804831e-01 -1.57275385e-01  3.11670186e-01
    -1.16820406e-01]
   [ 7.01812728e-02 -2.42387194e-02  7.14926027e-01  8.12028298e-01
     1.25429668e-01]
   [-1.34681956e-01 -9.79243005e-02  3.75927564e-01 -5.87603450e-02
    -5.66787259e-01]]

  [[-4.73166109e-01  6.84458005e-02  4.20015811e-01  3.82408947e-01
    -2.99192812e-01]
   [-3.29701236e-01  1.43985446e-01  1.34518408e-01 -1.93036781e-01
    -8.57791455e-01]
   [-1.55897308e-01  3.52186918e-02 -3.79359983e-01 -5.17035219e-01
    -4.25662736e-01]
   [ 1.01866259e-01 -5.65474769e-02 -5.62151235e-01 -1.21868730e-01
     1.96240925e-01]
   [ 2.83763406e-01  7.07262571e-02  5.42977229e-02  6.58829983e-01
     4.26955358e-01]]

  [[-1.19126454e-02 -2.30843965e-01 -9.49622229e-01 -1.08254370e+00
    -9.72716294e-01]
   [ 3.64316937e-02 -4.18269788e-01 -7.70919844e-01 -5.05239403e-01
    -5.45996557e-01]
   [ 4.71533737e-02 -3.13772044e-01 -1.01641596e-02  4.55297419e-01
     6.05576354e-02]
   [-1.33243046e-02  1.09529090e-01  9.02947527e-01  9.30959080e-01
     2.68692757e-01]
   [-2.74329236e-01  2.60511415e-02  4.23084367e-01 -1.09878709e-01
    -4.61804500e-01]]

  [[ 9.09505276e-02  9.95728397e-02 -7.55335369e-01 -9.96535957e-01
    -6.67853514e-01]
   [ 2.44110774e-01  1.97730523e-01 -2.89247295e-01 -1.77854673e-01
    -6.19063924e-02]
   [ 3.06424612e-01  2.75280447e-01  3.72771800e-01  7.46729865e-01
     4.87419856e-01]
   [ 3.55268442e-01  5.59437197e-01  9.22846026e-01  1.10815276e+00
     5.95016274e-01]
   [ 4.38182051e-02  5.87397693e-02  1.69209762e-01 -1.49333975e-01
    -4.54812227e-01]]]


 [[[ 2.69371191e-02  4.24698118e-02  7.39842296e-02 -4.54119541e-02
    -6.82953645e-01]
   [ 2.69690189e-01  4.01712677e-01  3.66963492e-01  1.73716152e-01
    -4.38582675e-01]
   [ 4.77324461e-01  3.33860522e-01 -1.76074720e-02 -5.07854976e-01
    -1.02413187e+00]
   [ 3.19301681e-02 -5.99534518e-01 -8.87300260e-01 -1.01653889e+00
    -1.29797362e+00]
   [-2.93109302e-01 -7.85664585e-01 -1.98957988e-01 -4.13059824e-03
    -4.22276271e-01]]

  [[ 9.17232409e-02  5.79972020e-01  4.17888228e-01  2.28012876e-01
    -1.96622096e-01]
   [ 1.91611574e-01 -7.14122887e-02 -5.46240360e-01 -4.60819677e-01
    -6.53767381e-01]
   [-1.84707795e-01 -9.50069953e-01 -1.11649418e+00 -5.07641351e-01
    -4.17130452e-01]
   [-5.23092251e-02 -1.67256341e-01  2.62948356e-01  8.73070717e-01
     8.85891122e-01]
   [ 5.28486497e-01  6.86585003e-01  1.02000721e+00  1.08465657e+00
     8.73936280e-01]]

  [[-2.75960168e-02  1.03856169e-01  2.08149966e-02  4.17661289e-02
    -5.48707683e-01]
   [ 1.66307003e-01 -2.69578053e-01 -8.00427975e-01 -5.32836965e-01
    -8.61926501e-01]
   [-3.94413745e-02 -1.02923025e+00 -1.35943463e+00 -6.63821646e-01
    -5.54165164e-01]
   [ 2.33672533e-02 -3.59555853e-01  8.39441170e-02  6.91129252e-01
     6.59314874e-01]
   [ 5.51623120e-01  5.32796181e-01  9.80004795e-01  1.06560256e+00
     7.13322107e-01]]

  [[-4.11992452e-01  7.16187370e-02  5.16302842e-01  4.57167585e-01
    -3.79137022e-01]
   [-1.53288638e-01  3.79073185e-01  7.28614751e-01  4.39696602e-01
    -6.02369189e-01]
   [ 4.86427022e-01  7.26444707e-01  4.80857208e-01  1.34882154e-01
    -3.52399860e-01]
   [ 5.14705225e-01  1.17327465e-01 -6.26965082e-01 -5.48298042e-01
    -4.06215899e-01]
   [ 1.41530282e-02 -4.40607500e-01 -8.18177287e-01 -2.04487441e-01
     1.12142347e-02]]

  [[ 1.43272154e-01  3.87438854e-01  2.14860535e-01 -2.88403631e-02
    -5.18889247e-01]
   [ 6.85299876e-02 -2.80676347e-01 -6.01050125e-01 -5.84068549e-01
    -7.96202974e-01]
   [-2.54101840e-01 -1.17941749e+00 -1.12523182e+00 -5.43277349e-01
    -4.54934507e-01]
   [-1.77263863e-01 -3.72279740e-01  4.32343509e-01  8.84917347e-01
     7.08198899e-01]
   [ 3.49409507e-01  6.24421233e-01  1.25499429e+00  1.15489010e+00
     7.10382632e-01]]

  [[ 2.27849618e-01  7.55412026e-01  4.08664549e-01  1.01248906e-01
    -2.23263850e-01]
   [ 1.78386279e-01 -4.47465589e-02 -6.30317047e-01 -6.24599939e-01
    -6.94784356e-01]
   [-1.71967574e-01 -9.24517191e-01 -1.11908519e+00 -5.33372590e-01
    -3.88283763e-01]
   [-2.48770316e-02 -9.56068767e-02  3.33320920e-01  9.86079939e-01
     1.01084437e+00]
   [ 4.32193586e-01  6.39084585e-01  1.03066336e+00  1.15078567e+00
     9.01230420e-01]]]


 [[[ 2.42668108e-01  2.83631099e-01  2.26162326e-01 -1.15146752e-02
    -7.06320085e-01]
   [-1.39370584e-02  3.41386162e-01  3.80229727e-01  1.04927829e-01
    -6.42591385e-01]
   [ 3.33821064e-01  5.65447778e-01  2.78379690e-01 -3.11177387e-01
    -1.09848978e+00]
   [ 4.33414135e-01  6.70565413e-02 -6.07455246e-01 -1.09646141e+00
    -1.33201660e+00]
   [ 5.26871719e-01 -6.63250602e-02 -3.47478973e-01 -3.34773211e-01
    -3.74505112e-01]]

  [[-1.56841948e-01  3.12554347e-01  2.93411963e-01 -2.40194991e-02
    -6.44658446e-01]
   [ 4.47476437e-01  3.56085048e-01 -2.93884944e-01 -6.19829785e-01
    -1.04501012e+00]
   [ 3.90506625e-01 -3.48230987e-01 -1.12599249e+00 -1.10198291e+00
    -9.28528059e-01]
   [ 4.10807990e-01  9.48133067e-02 -1.73732747e-01  1.80745990e-01
     4.65392915e-01]
   [ 3.42054200e-01  3.71227589e-01  4.16574507e-01  6.13234682e-01
     7.17974274e-01]]

  [[-1.96644027e-01  1.11586406e-01  1.49022984e-02 -9.14989089e-02
    -8.09953537e-01]
   [ 3.82240364e-01  2.70228861e-01 -4.38194567e-01 -5.37864766e-01
    -1.02741054e+00]
   [ 5.50174691e-01 -2.44588557e-01 -1.20010030e+00 -1.03279480e+00
    -8.37513234e-01]
   [ 4.53695081e-01  1.13567002e-02 -2.56008790e-01  2.00238269e-01
     4.93085682e-01]
   [ 4.66689083e-01  3.06719999e-01  4.97050157e-01  7.56805956e-01
     6.68768478e-01]]

  [[-1.70068835e-01  1.96150635e-01  7.68410789e-01  5.90700627e-01
    -3.14058822e-01]
   [-3.54421576e-01  3.15642788e-01  9.26170779e-01  5.59211034e-01
    -4.46521266e-01]
   [ 2.57504895e-01  9.42517628e-01  8.77552051e-01  3.46100550e-01
    -3.16855499e-01]
   [ 7.69312696e-01  8.23615279e-01 -7.54512602e-02 -5.04506778e-01
    -8.53451322e-01]
   [ 6.57360563e-01  3.68269248e-01 -4.87397166e-01 -5.43274483e-01
    -5.43074888e-01]]

  [[-1.39596374e-01  1.83123999e-01  7.28748376e-02 -2.37991056e-01
    -9.16256653e-01]
   [ 2.75460189e-01  1.46685927e-01 -3.98118472e-01 -6.85752481e-01
    -1.10113047e+00]
   [ 3.75954616e-01 -5.43353107e-01 -1.20455042e+00 -1.01555580e+00
    -7.89874477e-01]
   [ 3.94395816e-01 -2.12953052e-01 -1.09367787e-01  3.31072716e-01
     5.74767930e-01]
   [ 4.38133910e-01  2.79237718e-01  6.54452954e-01  8.36011186e-01
     6.50704318e-01]]

  [[-5.64969772e-02  4.56676232e-01  2.65637564e-01 -1.93364224e-01
    -7.14453706e-01]
   [ 4.50371539e-01  4.03497226e-01 -3.63019976e-01 -7.99170315e-01
    -1.07850333e+00]
   [ 4.43248554e-01 -3.38882536e-01 -1.22162951e+00 -1.17582180e+00
    -8.75088032e-01]
   [ 4.48104462e-01  7.39739526e-02 -2.26617776e-01  2.40306566e-01
     6.29698632e-01]
   [ 2.95696241e-01  3.01383600e-01  3.74740824e-01  6.59270120e-01
     7.52821739e-01]]]


 [[[ 2.45206640e-01  2.62830922e-01  2.01692644e-01 -1.29881029e-02
    -6.92765785e-01]
   [-1.75567752e-03  3.22571928e-01  3.53884091e-01  1.09067146e-01
    -6.09001549e-01]
   [ 3.50897159e-01  5.41723104e-01  2.49083639e-01 -3.10889826e-01
    -1.06946241e+00]
   [ 4.26685273e-01  3.43416299e-02 -6.13911914e-01 -1.06265159e+00
    -1.30339397e+00]
   [ 4.72272021e-01 -1.09761086e-01 -3.16791175e-01 -2.73578676e-01
    -3.50397696e-01]]

  [[-1.47350971e-01  3.11750431e-01  2.63025402e-01 -2.00689274e-02
    -5.72655627e-01]
   [ 4.55145185e-01  3.47498803e-01 -3.23165987e-01 -6.16848167e-01
    -9.98812977e-01]
   [ 3.67139716e-01 -3.86058370e-01 -1.13677011e+00 -1.05558005e+00
    -8.96302155e-01]
   [ 3.70452395e-01  5.93741211e-02 -1.42933590e-01  2.49761435e-01
     5.03141213e-01]
   [ 3.45661427e-01  3.91950674e-01  4.85616021e-01  6.85248482e-01
     7.46085974e-01]]

  [[-1.96813868e-01  8.70397991e-02 -2.40090799e-02 -1.01329552e-01
    -7.65494421e-01]
   [ 3.74199635e-01  2.36357728e-01 -4.86003667e-01 -5.51585852e-01
    -1.00207535e+00]
   [ 5.11781335e-01 -3.07880307e-01 -1.23027599e+00 -1.01132466e+00
    -8.16923566e-01]
   [ 4.01225529e-01 -3.29277779e-02 -2.36670775e-01  2.49395489e-01
     5.12269520e-01]
   [ 4.60913030e-01  3.25402226e-01  5.52577713e-01  8.10367135e-01
     6.90890055e-01]]

  [[-1.61227330e-01  1.88118295e-01  7.06312839e-01  5.33209991e-01
    -3.34630660e-01]
   [-3.40542513e-01  3.11473239e-01  8.72820647e-01  5.16121316e-01
    -4.56750065e-01]
   [ 2.85508450e-01  9.44493732e-01  8.44869566e-01  3.34400712e-01
    -2.86592350e-01]
   [ 7.88866351e-01  7.98727260e-01 -1.04478804e-01 -4.93206690e-01
    -7.85490548e-01]
   [ 6.31172159e-01  3.16379042e-01 -5.16644070e-01 -5.16734315e-01
    -4.79684458e-01]]

  [[-1.33674440e-01  1.71658151e-01  4.47205420e-02 -2.36340162e-01
    -8.60924667e-01]
   [ 2.75138481e-01  1.21719633e-01 -4.34707067e-01 -6.94520892e-01
    -1.08119744e+00]
   [ 3.33029030e-01 -6.01892531e-01 -1.22456061e+00 -9.86593533e-01
    -7.76805497e-01]
   [ 3.32887484e-01 -2.41954531e-01 -7.39676017e-02  3.86241253e-01
     5.92696468e-01]
   [ 4.32456666e-01  3.14174079e-01  7.25056998e-01  8.96487152e-01
     6.69407486e-01]]

  [[-4.42316359e-02  4.60207156e-01  2.39351817e-01 -1.88350051e-01
    -6.40073151e-01]
   [ 4.59677075e-01  3.91943153e-01 -3.92078875e-01 -7.95282718e-01
    -1.03645170e+00]
   [ 4.15653458e-01 -3.78491503e-01 -1.22660190e+00 -1.12426333e+00
    -8.44893442e-01]
   [ 4.04919996e-01  4.64506109e-02 -1.88961812e-01  3.13952012e-01
     6.70057109e-01]
   [ 2.97684163e-01  3.27249146e-01  4.49465567e-01  7.31594275e-01
     7.84081372e-01]]]


 [[[ 3.32192393e-01  2.26169680e-01  1.73739097e-01  8.18244753e-02
    -6.60357814e-01]
   [-6.58827107e-02 -3.66597931e-01 -4.52715824e-01 -4.78970902e-01
    -1.12198911e+00]
   [-2.02001556e-01 -3.13652262e-01 -4.11363234e-01 -5.91697431e-01
    -1.07842517e+00]
   [ 1.25204721e-01  4.12136339e-02  4.11840081e-02 -3.47512774e-01
    -8.80950149e-01]
   [ 6.07980798e-01  4.61033655e-01  6.79412524e-01  2.24911367e-01
    -4.63245276e-01]]

  [[-1.78188524e-01 -1.41247548e-01 -4.49332844e-01 -5.32275821e-01
    -8.00805365e-01]
   [ 3.42550271e-01  4.59287729e-01  2.29151613e-01  2.50371246e-01
    -1.14295752e-01]
   [ 7.69942023e-01  8.61758259e-01  6.36898383e-01  4.84124911e-01
    -1.15772258e-01]
   [ 9.23668718e-01  1.16577526e+00  8.28350985e-01  3.88836977e-01
    -2.04705733e-01]
   [ 4.76636507e-02  4.32543106e-02 -4.91286780e-02 -3.66719058e-01
    -5.53693549e-01]]

  [[-2.64439907e-01 -4.49568196e-01 -7.59971208e-01 -6.41377804e-01
    -1.14041551e+00]
   [-1.18310991e-01 -1.80455777e-01 -4.32143546e-01 -2.50472742e-01
    -6.54512173e-01]
   [ 3.65196645e-01  2.10388549e-01 -3.80865289e-02 -8.45548685e-02
    -6.05445135e-01]
   [ 5.56496730e-01  4.44473510e-01  4.34474957e-01  1.16787771e-01
    -4.61234958e-01]
   [-1.37535545e-01 -2.31858881e-01  2.00343768e-03 -2.58913222e-01
    -5.01582573e-01]]

  [[-3.01770562e-01  1.49375029e-01  4.91580843e-01  5.47176600e-01
    -1.45614119e-01]
   [-3.67094167e-01 -1.47347506e-02  8.66390066e-02 -4.72839115e-02
    -7.92717074e-01]
   [-3.85853841e-01 -1.43147407e-02  2.21137130e-02  3.87261726e-02
    -2.55221220e-01]
   [-9.21046812e-02  1.41129729e-01  1.25063436e-01  4.02485407e-01
     2.63531347e-01]
   [ 5.23703275e-01  6.84689221e-01  6.94855068e-01  8.31240409e-01
     2.13647202e-01]]

  [[-1.70318580e-01 -3.33421258e-01 -5.47409652e-01 -6.44355146e-01
    -1.08911958e+00]
   [-9.15847986e-02 -1.66047038e-01 -2.05965064e-01 -2.43642511e-01
    -7.32338456e-01]
   [ 3.78487080e-01  1.53504616e-01  2.49609873e-02 -7.67027640e-02
    -6.40891023e-01]
   [ 6.44942914e-01  5.54977555e-01  5.12502512e-01  1.42856243e-01
    -3.77347438e-01]
   [-1.98987811e-01 -5.42196364e-02  1.32609184e-01 -2.73947017e-01
    -3.64833748e-01]]

  [[-9.03698011e-02 -3.56432704e-02 -4.19635992e-01 -5.63770332e-01
    -7.54873803e-01]
   [ 3.33637339e-01  5.26444746e-01  2.46020311e-01  2.10416247e-01
    -6.50594283e-02]
   [ 8.27602659e-01  9.08175275e-01  5.68830886e-01  4.25363870e-01
    -1.44948008e-01]
   [ 1.00623144e+00  1.21589245e+00  7.89580227e-01  4.04094897e-01
    -1.66224784e-01]
   [ 1.52469996e-02  3.01430931e-02 -5.53832174e-02 -3.03227525e-01
    -4.77231612e-01]]]]