[[ 1.92396387e-03 -1.30916878e+00  5.07055863e-02  2.21762749e-01
  -1.24591683e+00  1.37755641e+00  4.81802105e-01 -1.27078726e+00
  -1.66024850e+00 -1.66232307e+00]
 [-1.18084280e+00  1.26932829e+00 -9.11457596e-02 -8.26541986e-01
   5.90774917e-01 -1.78787642e+00 -2.20215158e+00  3.28064332e-01
  -2.25271099e+00  5.81282920e-01]
 [-1.64765356e+00  4.56955221e-01  5.80742666e-01 -1.40477593e+00
   2.39095184e-01 -5.78979621e-01  6.98128795e-01  1.76133338e-01
   6.08204161e-01 -1.51921808e+00]
 [ 3.16651331e-03  1.69886791e-01 -4.11380577e-01  1.16607389e-01
   2.65886494e-01 -7.07434982e-02 -1.04608822e-01 -2.24344685e+00
   2.69644888e-03  6.07858037e-01]
 [ 2.84859916e-01 -1.79870572e+00  4.14307683e-01 -1.10231399e+00
  -8.60835051e-01 -1.63730991e+00  4.89523540e-01  1.18130488e+00
   1.30917206e+00 -1.15117105e+00]
 [ 1.86357936e-01 -1.81242665e+00 -2.75083687e-01 -4.69216331e-01
  -2.05347212e+00  1.86672770e-01  9.02680572e-01  8.06481958e-01
   9.64275898e-01 -1.64558898e+00]
 [-6.42522833e-01  7.09293592e-01 -8.37659519e-01  6.59244571e-01
  -1.59869575e+00 -1.90026158e+00 -1.30107525e+00  2.40278412e-01
  -6.22129359e-01  5.09836120e-01]
 [ 1.20757793e+00 -2.01859987e+00  1.14040848e+00 -2.36646927e-01
  -1.10594178e-01 -1.66508126e+00 -1.26097405e+00 -1.78711670e+00
  -2.20526722e+00  5.06294393e-01]
 [ 9.78795959e-01 -1.67654584e+00 -5.92199617e-01 -8.37158922e-02
  -2.27026480e+00 -5.52997733e-01 -1.96175975e+00  1.46410690e+00
  -1.70921090e+00 -1.20461618e+00]
 [-1.38417451e+00 -1.75289510e-01  2.57056288e-01 -1.54712220e+00
   1.38317285e+00 -1.88583747e+00  4.04983095e-01 -1.98303736e-02
  -1.18319074e+00 -1.63537943e+00]
 [-1.51421855e+00  3.83407827e-01  5.10312236e-01 -1.67395766e+00
   4.87246925e-01 -7.15182373e-01  6.58687887e-01  3.66843518e-01
   5.11218701e-01 -1.18298279e+00]
 [-2.92501443e-01 -1.12907090e+00 -7.44930569e-01  3.80747863e-01
   7.63803984e-01 -8.49269907e-01 -2.01814431e+00  3.36463433e-01
  -1.57681146e+00  6.17094054e-01]
 [ 1.27257419e-01 -1.02918071e+00 -1.11321956e+00 -1.45472112e-01
   2.82582614e-01  1.35901020e+00  3.15974206e-01 -3.22825297e-01
  -1.93673690e+00 -6.54289356e-01]
 [-2.98161315e-01 -2.36691954e+00  1.18153417e+00  1.43433653e+00
  -4.52121664e-01 -6.23165103e-01 -2.17974187e+00  4.52756550e-01
  -4.70569075e-01 -2.05453331e+00]
 [-1.31319740e+00 -5.97099747e-01  2.77132435e-01  2.51653599e-01
   1.70956280e-01  1.52432750e+00  2.89304595e-01 -4.02178228e-01
  -1.34778613e+00 -2.07376844e+00]
 [ 1.08973509e-01 -2.00110942e+00 -1.21994456e+00  8.87951557e-01
  -1.88071084e+00  5.40221524e-01 -1.44420158e+00  6.60308339e-01
  -1.13150836e+00  4.96242897e-01]
 [ 1.87993018e-01 -1.54845387e+00  3.37759621e-01 -1.88868528e+00
   2.44140467e-01  3.26537820e-01  1.24026633e-01 -9.69589740e-01
   8.67819669e-02  3.68040656e-01]
 [-1.24051225e+00 -1.17146245e-01 -1.78954774e+00  1.75882645e-01
   4.78745189e-01  2.02949424e-02 -1.96393238e+00  2.05152353e-01
   6.76117322e-01  2.80454005e-01]
 [-1.76503843e+00  1.18942357e+00  5.60321454e-01  6.31576355e-01
  -2.67972736e-01 -2.15321887e+00 -1.25445081e+00 -4.82990329e-01
  -1.07568722e+00 -1.97797031e+00]
 [ 2.36233074e-01  3.38239391e-01 -1.88147618e+00 -2.54529434e+00
  -2.28633408e-01  3.83370304e-01  4.00871225e-01 -1.87638724e-01
  -3.14484814e-02  5.44105309e-02]
 [ 2.25679216e-01 -2.05230681e+00  3.88964775e-01 -8.42241807e-01
  -8.80100861e-01 -4.26503834e-01  6.22934290e-01  5.07328818e-01
   1.02338524e+00 -1.92157115e+00]
 [ 2.31883523e-01  3.95781882e-01 -1.80341433e+00 -2.64819163e+00
   1.48588372e-02  3.38363879e-01  2.98861014e-01 -1.97799324e-01
  -1.45218162e-01  1.17073648e-01]
 [-2.32067077e+00 -8.92775767e-02  4.27825148e-01 -3.02757422e-01
   1.83271359e-01  3.75886769e-01  1.82068017e-01 -5.51231833e-01
   3.36286032e-01  1.99191007e-01]
 [ 2.36261142e-01 -1.02465181e+00 -5.93141356e-01 -9.13401002e-01
  -2.36100376e+00  7.85608826e-01  1.04357270e+00 -2.04204364e+00
   1.22472865e-01 -2.18337893e+00]
 [-2.00251641e+00 -4.62637882e-02  3.60735334e-01  1.16049449e-02
   5.23525350e-01  3.04033840e-01 -1.96830285e+00 -4.94134196e-03
   3.10332750e-01  3.05203399e-01]
 [ 9.89733889e-01 -1.79745330e+00 -3.28819166e-01 -1.37315001e+00
   6.06202405e-01 -2.00023141e+00 -1.85035168e+00  2.28999183e-01
   5.43168700e-01  7.64840561e-01]
 [ 3.49440344e-01 -1.58425873e+00  4.87052388e-01 -1.19637799e+00
  -8.22441437e-01 -1.62616084e+00  6.36436993e-01  1.13322463e+00
   9.96977629e-01 -1.33143813e+00]
 [-7.66310737e-01  6.48740466e-01 -1.87175255e+00  1.54894943e-01
  -7.51205692e-01 -2.05427307e+00 -2.15417303e+00  2.64136286e-01
  -1.76431591e+00  1.03819740e+00]
 [-1.52093346e+00 -8.52877660e-02 -2.10223677e+00  2.35299449e-01
   4.22246855e-01  2.18162649e-01 -1.76628496e+00  2.10120542e-01
   7.24861351e-01  2.25644332e-01]
 [-1.80033148e-02 -9.15894570e-01  6.26728644e-01 -7.67447306e-02
  -2.32606402e-01 -4.84662632e-01  2.30636481e-01  1.38924925e+00
  -1.81547761e+00 -2.09993594e+00]
 [-1.68421885e-01 -2.37776930e+00 -7.95599619e-01  1.13708641e+00
  -1.71122593e+00  3.54369187e-01 -2.37220565e+00  7.19512991e-01
  -1.04966713e+00  5.37825806e-01]
 [-1.57283247e+00  3.06261951e-01  3.57664618e-01 -1.83841802e+00
   6.63660685e-01 -9.92143468e-01  4.59678527e-01 -1.27363777e-01
   4.31051115e-01 -4.81840964e-01]
 [-3.72469696e-01 -4.73928843e-01 -7.59044164e-01  1.10555007e-01
   5.97371359e-01 -1.21544799e+00 -3.33671154e-01 -9.15204712e-02
  -1.74114321e+00  4.65916157e-01]
 [ 6.45244325e-01 -1.92896926e+00 -1.63497556e+00 -7.60754847e-01
  -2.32750987e-01  4.08330946e-01 -6.34155151e-01  8.76592034e-01
  -1.93472267e+00 -1.28263862e-01]
 [-4.62388438e-01 -1.06885254e+00 -8.94675101e-01  3.18556875e-01
   6.54202332e-01 -1.18340099e+00 -1.04129511e+00  5.72989571e-02
  -1.66947721e+00  5.28119077e-01]
 [-1.20247867e+00 -5.84773425e-02  6.31903368e-01 -1.03283679e+00
  -2.01888828e+00 -1.20456869e+00  1.54528975e+00 -1.92289629e+00
  -1.59305262e+00 -1.13393900e+00]
 [ 9.57902705e-02 -1.02686655e-02 -3.21389151e-01  6.24936050e-01
  -2.47332779e+00 -5.32787161e-01 -1.23435878e+00 -6.64869565e-01
   5.32069079e-01 -2.02783432e+00]
 [ 4.25271165e-01 -1.11057378e+00 -1.77878489e+00 -8.89270023e-01
  -3.51345071e-01  1.54965352e+00  5.90811454e-01  4.47297959e-02
  -1.62991130e+00 -1.63101915e+00]
 [ 1.60732605e-02 -2.28365264e+00  8.84907286e-01  1.12907634e+00
  -7.14869190e-01  2.86258570e-01 -1.64813313e+00 -7.45536823e-01
  -5.23434402e-01 -1.09888428e+00]
 [-5.91419144e-01  5.50813179e-01 -1.51434605e+00  5.28949129e-01
  -1.59789797e+00 -1.61805845e+00 -1.07077699e+00  4.28288007e-01
  -9.20147780e-01  9.28047130e-01]
 [-5.88352775e-02  5.15151651e-01 -2.71471173e-01 -2.76907901e-01
  -2.68475824e+00 -3.10092976e-02  2.28370966e-01 -1.79490123e+00
   6.01815205e-01 -2.17409830e+00]
 [ 5.50675068e-01 -1.58922046e+00 -1.58043543e+00 -1.55026428e+00
  -6.12692860e-01  1.61362447e+00  3.89862217e-01  3.99481331e-03
  -1.51599888e+00 -1.86680313e+00]
 [ 7.22690462e-01 -1.01821408e+00  1.20808402e+00 -1.52695447e+00
  -9.27534741e-01 -1.52290389e+00  8.20165861e-01 -2.43658287e+00
  -2.73017066e+00  1.08507861e-01]
 [-2.52982391e-01 -1.13211385e+00  9.53994780e-01 -1.82709331e+00
   5.39779876e-01 -1.61584478e+00  4.02240335e-01  4.84445743e-01
   8.26198935e-02 -4.66805584e-01]
 [-1.77694662e+00  9.60165342e-01  6.12507329e-01 -3.36875750e-01
   2.53378742e-01 -1.81815412e-01  3.15698097e-01 -1.17118773e-01
  -9.31540106e-01 -2.09061035e+00]
 [-2.40868938e+00 -1.26892631e-01 -6.42396758e-01 -8.64273138e-02
   4.87080886e-01  5.76691114e-01 -1.52690953e+00  2.97356512e-01
   4.35620591e-01  2.50071510e-01]
 [-2.01403381e-01 -1.98139052e+00 -1.56897716e+00  8.54921937e-01
  -2.35153619e+00 -2.79796685e-01 -1.85336148e+00  1.68202110e+00
  -8.42130155e-01 -1.43326469e+00]
 [ 1.65658082e-01 -1.48927228e+00 -1.81489556e+00  6.42484906e-01
   2.84068802e-01 -1.14779644e-01 -2.31333126e-03 -7.10568712e-01
   6.37494949e-01  3.06734415e-01]
 [ 3.65226572e-01  1.59454796e-01 -1.61554455e-01  1.85832369e-01
  -2.53838619e+00  2.19457562e-01 -1.31465820e+00 -6.05819025e-01
   1.61499393e-01  7.61558689e-01]
 [-1.61145034e+00  8.43117720e-01  6.62041859e-01  9.58906218e-01
  -9.78334180e-01 -1.90044100e+00 -1.28887537e+00 -8.40765783e-01
  -8.95861089e-01 -2.04293878e+00]
 [-1.67818725e+00  7.53427944e-01 -6.99383893e-01 -1.38746766e+00
  -1.58227705e+00 -2.07817069e+00 -1.01784849e+00  3.44135935e-01
  -1.80974462e-01  7.05431585e-01]
 [ 3.25555360e-01 -1.84089776e+00 -1.39454270e+00 -2.20630723e+00
   1.88752311e-01  4.15973432e-01  2.24872151e-01 -7.17894144e-01
   1.01311529e-01  3.86066501e-01]
 [ 2.80054842e-01  3.50685059e-01 -1.61299220e-01  5.91180766e-01
  -1.90680064e+00  2.89433665e-01 -2.70489093e-01 -1.59531118e+00
   4.15783688e-01  2.22527708e-01]
 [ 3.54909331e-01  2.07176759e-01  7.86985326e-03  2.34821106e-01
  -2.23849920e+00 -3.74530032e-01 -1.67457755e+00 -2.47933234e-01
   4.01987167e-01  9.08793975e-02]
 [ 1.61162142e-01 -1.99217950e+00  6.36747293e-01  8.53114886e-01
  -1.38581949e+00  9.46854642e-01 -1.14173869e+00 -9.00620073e-01
  -1.23627732e+00 -1.15092092e+00]
 [-2.08561786e+00 -4.25569747e-02  2.22067519e-01 -3.04853032e-01
   2.24117687e-01  2.92297359e-01  2.89378673e-01 -9.75986971e-01
   3.43247562e-01  3.51738935e-01]
 [-1.64718657e+00  7.05901183e-01 -1.71524406e-01 -1.14606391e+00
   5.44983080e-01 -2.04873397e+00  2.41598363e-01  2.06537940e-01
  -2.65301063e+00  5.29141346e-01]
 [ 4.66528087e-01 -1.73622357e+00  8.56711431e-01  6.78486831e-01
  -1.48420980e+00 -1.32212978e+00 -1.59219361e+00  1.25232342e+00
  -1.37225265e+00 -1.88411190e+00]
 [-1.45617928e+00  2.15321373e-01  2.84700671e-01 -1.02675299e+00
   4.84039922e-01  2.30961893e-01  2.37970795e-01 -1.69348168e+00
   2.54742279e-01  1.89487155e-01]
 [-3.25054294e-01 -8.80176920e-01 -1.16740771e+00 -1.53404873e+00
   3.21709919e-01  1.15098134e+00  2.71641934e-01 -1.14781225e+00
  -1.40657851e+00  4.88154193e-01]
 [ 3.70271861e-01 -1.50396183e+00  5.31766828e-01 -1.25340050e+00
  -7.90568852e-01 -1.64242413e+00  6.52595815e-01  1.10466094e+00
   8.79382622e-01 -1.33850212e+00]
 [ 1.11591374e-01  3.42254524e-01  1.88692025e-02  4.44718460e-01
  -2.41208287e+00  3.76712856e-01  6.53349910e-02 -1.69851255e+00
   5.38881138e-01 -1.64796472e+00]
 [-3.54164226e-01 -8.78939063e-01 -8.49714503e-01 -2.23574172e-01
   3.77924423e-01  1.31129724e+00  1.15143443e-01 -9.59177740e-01
  -2.19496138e+00  4.67910971e-01]
 [ 1.16861729e+00 -2.20895603e+00  9.25024620e-01 -6.12700141e-01
  -6.40115026e-01 -1.76417220e+00 -1.58215227e+00  6.23551184e-01
  -1.66801259e+00 -1.86331329e+00]
 [ 1.11722729e+00 -2.09413889e+00  1.24516450e+00  7.39542988e-01
  -1.58661848e-02 -1.59320683e+00 -1.53632680e+00 -1.61150315e+00
  -1.69203328e+00  1.79543756e-01]
 [-1.24111638e+00  7.48375502e-01  6.48112443e-01  9.81859108e-02
  -8.91693384e-01 -1.91609086e+00 -1.26302880e+00  9.30042109e-01
  -1.35565986e+00 -1.27401096e+00]
 [-6.46170799e-01  6.14788485e-01 -1.75278378e+00  5.85802768e-01
  -1.51837842e+00 -1.63749243e+00 -1.17768430e+00  2.59287436e-01
  -1.16864335e+00  1.04687328e+00]
 [-1.77304036e+00  5.98916858e-01  3.13528883e-01 -1.04034979e-01
   1.39682677e+00  9.54443952e-02  5.23356861e-01 -9.45297770e-01
  -1.90467134e+00 -1.32631781e+00]
 [-1.33876438e+00  8.38514497e-01 -5.32809582e-01 -6.33161887e-01
  -1.22737245e+00 -2.12478036e+00 -8.90177146e-01  5.60776793e-01
   3.72562291e-02 -5.94181597e-02]
 [-1.52008089e+00  9.50002722e-01  6.98181208e-01 -9.31838764e-01
  -9.63997780e-01 -1.00866174e+00 -1.04784291e+00  1.14956089e+00
  -1.71284812e+00 -1.65077795e+00]
 [ 4.23590008e-01 -1.39071720e+00  6.49405239e-01 -1.30816752e+00
  -6.88246410e-01 -1.65798659e+00  5.63865034e-01  9.64959040e-01
   8.12647802e-01 -1.30627302e+00]
 [ 4.69355459e-01 -2.22168903e+00 -7.20871410e-01 -1.52682206e+00
   5.53187544e-01 -8.87906588e-01 -1.27076634e+00  6.69683125e-02
   6.67972153e-01  5.43085125e-01]
 [-1.29762860e+00 -7.46959074e-02 -2.17562142e+00  1.98098979e-01
   4.23054970e-01  1.88207901e-01 -1.79650941e+00  3.38376875e-02
   7.06014296e-01  2.43175158e-01]
 [-1.39064344e+00  9.91054293e-01  1.89541870e-01  8.31011399e-01
  -1.53552983e+00 -1.45334699e+00 -1.11619518e+00 -1.08421655e+00
  -2.15633087e-01 -2.35052288e+00]
 [ 1.00832890e+00 -9.97487097e-01 -2.71709650e+00 -1.77002532e+00
   4.58472032e-01 -1.70831838e+00  7.13816367e-01 -8.32409144e-02
  -8.31463529e-01 -1.84254785e+00]
 [-1.73949874e+00  1.12587470e+00  4.79457005e-01  2.11311662e-01
  -5.64031168e-02  6.00512477e-01 -1.61661019e-01 -1.77836992e+00
  -1.36238086e+00 -1.78095301e+00]
 [ 9.71727196e-01 -9.81958726e-01 -2.23989517e+00 -1.99943188e+00
   5.19874915e-01 -2.07657626e+00  6.92161076e-01 -1.60433029e-01
  -1.13757228e+00 -1.87631093e+00]
 [ 1.69121724e-01  2.45376970e-01 -3.65456674e-02  4.40900320e-01
  -2.11282510e+00 -1.54039167e+00 -1.93071746e+00 -3.30931307e-01
   8.30428070e-01 -2.85951571e-01]
 [-2.61451277e-01 -1.33452176e+00 -8.18116809e-01  4.90872888e-01
   1.07374967e+00 -6.28427017e-01 -2.51167605e+00 -1.83125603e-01
  -1.49904746e+00  7.00555179e-01]
 [ 4.02194095e-01  2.15780616e-01 -6.44666815e-02  2.18571452e-01
  -2.30749218e+00  2.06789732e-01 -9.77278272e-01 -1.41729143e+00
   2.96500032e-01  6.82399969e-01]
 [ 3.70564319e-01 -1.18780241e+00  3.16044576e-01 -1.34562370e-01
  -6.55508675e-01  7.10424414e-01  2.39922565e-01 -9.40397494e-01
  -1.85941506e+00 -1.27602375e+00]
 [-3.99109929e-01 -1.10602007e+00  5.52023516e-01 -1.20198100e+00
   3.51985225e-01 -1.11573457e+00 -9.44686669e-02  1.68049286e+00
  -1.72600937e+00 -1.92428508e+00]
 [ 1.93352027e-01 -1.83897413e-01 -1.75420478e+00 -2.06348511e+00
   1.86076217e-01  5.05378840e-02  3.45180173e-01 -1.59741748e+00
   2.50942534e-01  5.53145213e-01]
 [-2.03583237e+00 -5.53500111e-02  4.35412346e-01 -2.16608696e-02
   5.47183894e-01  3.75816855e-01 -1.89350983e+00 -3.07166281e-02
   3.76854618e-01  2.92891682e-01]]